2021-04-15 08:20:47.171789 CEST | [test_partrates_diffparams_notquant_2021_04_15_08_16_53_0005] Populating workers...
2021-04-15 08:20:47.172093 CEST | [test_partrates_diffparams_notquant_2021_04_15_08_16_53_0005] Populated
2021-04-15 08:20:47.172221 CEST | [test_partrates_diffparams_notquant_2021_04_15_08_16_53_0005] Populating workers...
2021-04-15 08:20:47.172339 CEST | [test_partrates_diffparams_notquant_2021_04_15_08_16_53_0005] Populated
2021-04-15 08:20:47.172494 CEST | [test_partrates_diffparams_notquant_2021_04_15_08_16_53_0005] Populating workers...
2021-04-15 08:20:47.172611 CEST | [test_partrates_diffparams_notquant_2021_04_15_08_16_53_0005] Populated
2021-04-15 08:20:47.172726 CEST | [test_partrates_diffparams_notquant_2021_04_15_08_16_53_0005] Populating workers...
2021-04-15 08:20:47.172840 CEST | [test_partrates_diffparams_notquant_2021_04_15_08_16_53_0005] Populated
2021-04-15 08:20:47.172955 CEST | [test_partrates_diffparams_notquant_2021_04_15_08_16_53_0005] Populating workers...
2021-04-15 08:20:47.173069 CEST | [test_partrates_diffparams_notquant_2021_04_15_08_16_53_0005] Populated
2021-04-15 08:20:50.508778 CEST | [test_partrates_diffparams_notquant_2021_04_15_08_16_53_0005] itr #0 | fitting baseline...
2021-04-15 08:20:50.532793 CEST | [test_partrates_diffparams_notquant_2021_04_15_08_16_53_0005] itr #0 | fitted
2021-04-15 08:20:50.543238 CEST | [test_partrates_diffparams_notquant_2021_04_15_08_16_53_0005] itr #0 | fitting baseline...
2021-04-15 08:20:50.546601 CEST | [test_partrates_diffparams_notquant_2021_04_15_08_16_53_0005] itr #0 | fitted
2021-04-15 08:20:50.553210 CEST | [test_partrates_diffparams_notquant_2021_04_15_08_16_53_0005] itr #0 | fitting baseline...
2021-04-15 08:20:50.556344 CEST | [test_partrates_diffparams_notquant_2021_04_15_08_16_53_0005] itr #0 | fitted
2021-04-15 08:20:50.563158 CEST | [test_partrates_diffparams_notquant_2021_04_15_08_16_53_0005] itr #0 | fitting baseline...
2021-04-15 08:20:50.565322 CEST | [test_partrates_diffparams_notquant_2021_04_15_08_16_53_0005] itr #0 | fitted
2021-04-15 08:20:50.570441 CEST | [test_partrates_diffparams_notquant_2021_04_15_08_16_53_0005] itr #0 | fitting baseline...
2021-04-15 08:20:50.572625 CEST | [test_partrates_diffparams_notquant_2021_04_15_08_16_53_0005] itr #0 | fitted
2021-04-15 08:20:56.702766 CEST | [test_partrates_diffparams_notquant_2021_04_15_08_16_53_0005] itr #1 | fitting baseline...
2021-04-15 08:20:56.704514 CEST | [test_partrates_diffparams_notquant_2021_04_15_08_16_53_0005] itr #1 | fitted
2021-04-15 08:20:56.708677 CEST | [test_partrates_diffparams_notquant_2021_04_15_08_16_53_0005] itr #1 | fitting baseline...
2021-04-15 08:20:56.710195 CEST | [test_partrates_diffparams_notquant_2021_04_15_08_16_53_0005] itr #1 | fitted
2021-04-15 08:20:56.713217 CEST | [test_partrates_diffparams_notquant_2021_04_15_08_16_53_0005] itr #1 | fitting baseline...
2021-04-15 08:20:56.714503 CEST | [test_partrates_diffparams_notquant_2021_04_15_08_16_53_0005] itr #1 | fitted
2021-04-15 08:20:56.719690 CEST | [test_partrates_diffparams_notquant_2021_04_15_08_16_53_0005] itr #1 | fitting baseline...
2021-04-15 08:20:56.721842 CEST | [test_partrates_diffparams_notquant_2021_04_15_08_16_53_0005] itr #1 | fitted
2021-04-15 08:20:56.726399 CEST | [test_partrates_diffparams_notquant_2021_04_15_08_16_53_0005] itr #1 | fitting baseline...
2021-04-15 08:20:56.728095 CEST | [test_partrates_diffparams_notquant_2021_04_15_08_16_53_0005] itr #1 | fitted
2021-04-15 08:20:56.749507 CEST | [test_partrates_diffparams_notquant_2021_04_15_08_16_53_0005] itr #1 | saving snapshot...
2021-04-15 08:20:56.756345 CEST | [test_partrates_diffparams_notquant_2021_04_15_08_16_53_0005] itr #1 | saved
2021-04-15 08:20:56.760813 CEST | -----------------------  ---------------
2021-04-15 08:20:56.761039 CEST | Iteration                    0
2021-04-15 08:20:56.761204 CEST | AverageDiscountedReturn     52.552
2021-04-15 08:20:56.761419 CEST | AverageReturn               54.6515
2021-04-15 08:20:56.761601 CEST | ExplainedVariance            6.97797e-12
2021-04-15 08:20:56.761794 CEST | NumTrajs                    64
2021-04-15 08:20:56.761999 CEST | Entropy                      1.41894
2021-04-15 08:20:56.762182 CEST | Perplexity                   4.13273
2021-04-15 08:20:56.762374 CEST | StdReturn                   43.5977
2021-04-15 08:20:56.762573 CEST | MaxReturn                  219.801
2021-04-15 08:20:56.762763 CEST | MinReturn                    0
2021-04-15 08:20:56.762949 CEST | Iteration                    0
2021-04-15 08:20:56.763121 CEST | AverageDiscountedReturn     64.6688
2021-04-15 08:20:56.763303 CEST | AverageReturn               67.3137
2021-04-15 08:20:56.763486 CEST | ExplainedVariance            0.180567
2021-04-15 08:20:56.763616 CEST | NumTrajs                    53
2021-04-15 08:20:56.763754 CEST | Entropy                      1.41894
2021-04-15 08:20:56.763893 CEST | Perplexity                   4.13273
2021-04-15 08:20:56.764052 CEST | StdReturn                   39.9871
2021-04-15 08:20:56.764184 CEST | MaxReturn                  189.859
2021-04-15 08:20:56.764328 CEST | MinReturn                    9.98013
2021-04-15 08:20:56.764459 CEST | Iteration                    0
2021-04-15 08:20:56.764635 CEST | AverageDiscountedReturn     63.8911
2021-04-15 08:20:56.764814 CEST | AverageReturn               66.7545
2021-04-15 08:20:56.765064 CEST | ExplainedVariance            0.256256
2021-04-15 08:20:56.765307 CEST | NumTrajs                    53
2021-04-15 08:20:56.765508 CEST | Entropy                      1.41894
2021-04-15 08:20:56.765690 CEST | Perplexity                   4.13273
2021-04-15 08:20:56.765921 CEST | StdReturn                   46.2263
2021-04-15 08:20:56.766099 CEST | MaxReturn                  189.816
2021-04-15 08:20:56.766285 CEST | MinReturn                    9.98289
2021-04-15 08:20:56.766500 CEST | Iteration                    0
2021-04-15 08:20:56.766726 CEST | AverageDiscountedReturn     59.6516
2021-04-15 08:20:56.766903 CEST | AverageReturn               62.6906
2021-04-15 08:20:56.767086 CEST | ExplainedVariance           -0.120004
2021-04-15 08:20:56.767259 CEST | NumTrajs                    55
2021-04-15 08:20:56.767431 CEST | Entropy                      1.41894
2021-04-15 08:20:56.767605 CEST | Perplexity                   4.13273
2021-04-15 08:20:56.767784 CEST | StdReturn                   55.985
2021-04-15 08:20:56.768000 CEST | MaxReturn                  359.864
2021-04-15 08:20:56.768176 CEST | MinReturn                    0
2021-04-15 08:20:56.768341 CEST | Iteration                    0
2021-04-15 08:20:56.768497 CEST | AverageDiscountedReturn     55.6626
2021-04-15 08:20:56.768651 CEST | AverageReturn               57.9277
2021-04-15 08:20:56.768792 CEST | ExplainedVariance           -0.651239
2021-04-15 08:20:56.768930 CEST | NumTrajs                    59
2021-04-15 08:20:56.769067 CEST | Entropy                      1.41894
2021-04-15 08:20:56.769207 CEST | Perplexity                   4.13273
2021-04-15 08:20:56.769346 CEST | StdReturn                   43.965
2021-04-15 08:20:56.769483 CEST | MaxReturn                  269.844
2021-04-15 08:20:56.769620 CEST | MinReturn                    0
2021-04-15 08:20:56.769759 CEST | AveragePolicyStd             1
2021-04-15 08:20:56.769898 CEST | AveragePolicyStd             1
2021-04-15 08:20:56.770035 CEST | AveragePolicyStd             1
2021-04-15 08:20:56.770173 CEST | AveragePolicyStd             1
2021-04-15 08:20:56.770311 CEST | AveragePolicyStd             1
2021-04-15 08:20:56.770449 CEST | Iteration                    1
2021-04-15 08:20:56.770588 CEST | AverageDiscountedReturn     69.8624
2021-04-15 08:20:56.770724 CEST | AverageReturn               74.123
2021-04-15 08:20:56.770862 CEST | ExplainedVariance           -0.109391
2021-04-15 08:20:56.771000 CEST | NumTrajs                    48
2021-04-15 08:20:56.771137 CEST | Entropy                      1.41458
2021-04-15 08:20:56.771276 CEST | Perplexity                   4.11478
2021-04-15 08:20:56.771416 CEST | StdReturn                   65.6706
2021-04-15 08:20:56.771614 CEST | MaxReturn                  379.811
2021-04-15 08:20:56.771867 CEST | MinReturn                    9.98026
2021-04-15 08:20:56.772098 CEST | Iteration                    1
2021-04-15 08:20:56.772289 CEST | AverageDiscountedReturn     65.826
2021-04-15 08:20:56.772472 CEST | AverageReturn               69.1693
2021-04-15 08:20:56.772661 CEST | ExplainedVariance            0.0212103
2021-04-15 08:20:56.772867 CEST | NumTrajs                    51
2021-04-15 08:20:56.773056 CEST | Entropy                      1.41458
2021-04-15 08:20:56.773226 CEST | Perplexity                   4.11478
2021-04-15 08:20:56.773393 CEST | StdReturn                   53.6166
2021-04-15 08:20:56.773574 CEST | MaxReturn                  209.866
2021-04-15 08:20:56.773748 CEST | MinReturn                    0
2021-04-15 08:20:56.773904 CEST | Iteration                    1
2021-04-15 08:20:56.774062 CEST | AverageDiscountedReturn     91.0161
2021-04-15 08:20:56.774411 CEST | AverageReturn               97.0516
2021-04-15 08:20:56.774553 CEST | ExplainedVariance            0.205295
2021-04-15 08:20:56.774685 CEST | NumTrajs                    38
2021-04-15 08:20:56.774822 CEST | Entropy                      1.41458
2021-04-15 08:20:56.774964 CEST | Perplexity                   4.11478
2021-04-15 08:20:56.775092 CEST | StdReturn                   65.3106
2021-04-15 08:20:56.775284 CEST | MaxReturn                  259.913
2021-04-15 08:20:56.775461 CEST | MinReturn                   19.9711
2021-04-15 08:20:56.775629 CEST | Iteration                    1
2021-04-15 08:20:56.775757 CEST | AverageDiscountedReturn     91.2828
2021-04-15 08:20:56.775927 CEST | AverageReturn               98.8607
2021-04-15 08:20:56.776120 CEST | ExplainedVariance            0.104864
2021-04-15 08:20:56.776255 CEST | NumTrajs                    37
2021-04-15 08:20:56.776398 CEST | Entropy                      1.41458
2021-04-15 08:20:56.776528 CEST | Perplexity                   4.11478
2021-04-15 08:20:56.776670 CEST | StdReturn                   86.5707
2021-04-15 08:20:56.776807 CEST | MaxReturn                  389.771
2021-04-15 08:20:56.776941 CEST | MinReturn                    9.98198
2021-04-15 08:20:56.777077 CEST | Iteration                    1
2021-04-15 08:20:56.777209 CEST | AverageDiscountedReturn     69.8779
2021-04-15 08:20:56.777347 CEST | AverageReturn               74.0406
2021-04-15 08:20:56.777483 CEST | ExplainedVariance            0.126687
2021-04-15 08:20:56.777625 CEST | NumTrajs                    49
2021-04-15 08:20:56.777777 CEST | Entropy                      1.41458
2021-04-15 08:20:56.777914 CEST | Perplexity                   4.11478
2021-04-15 08:20:56.778047 CEST | StdReturn                   63.6733
2021-04-15 08:20:56.778264 CEST | MaxReturn                  329.895
2021-04-15 08:20:56.778427 CEST | MinReturn                    9.98417
2021-04-15 08:20:56.778563 CEST | AveragePolicyStd             0.995655
2021-04-15 08:20:56.778696 CEST | AveragePolicyStd             0.995655
2021-04-15 08:20:56.778834 CEST | AveragePolicyStd             0.995655
2021-04-15 08:20:56.778975 CEST | AveragePolicyStd             0.995655
2021-04-15 08:20:56.779119 CEST | AveragePolicyStd             0.995655
2021-04-15 08:20:56.779256 CEST | TransfBits               20192
2021-04-15 08:20:56.779400 CEST | TotalAverageReturn          76.1014
2021-04-15 08:20:56.779538 CEST | -----------------------  ---------------
2021-04-15 08:20:58.094217 CEST | [test_partrates_diffparams_notquant_2021_04_15_08_16_53_0005] itr #2 | fitting baseline...
2021-04-15 08:20:58.095549 CEST | [test_partrates_diffparams_notquant_2021_04_15_08_16_53_0005] itr #2 | fitted
2021-04-15 08:20:58.098978 CEST | [test_partrates_diffparams_notquant_2021_04_15_08_16_53_0005] itr #2 | fitting baseline...
2021-04-15 08:20:58.100804 CEST | [test_partrates_diffparams_notquant_2021_04_15_08_16_53_0005] itr #2 | fitted
2021-04-15 08:20:58.104320 CEST | [test_partrates_diffparams_notquant_2021_04_15_08_16_53_0005] itr #2 | fitting baseline...
2021-04-15 08:20:58.105638 CEST | [test_partrates_diffparams_notquant_2021_04_15_08_16_53_0005] itr #2 | fitted
2021-04-15 08:20:58.109112 CEST | [test_partrates_diffparams_notquant_2021_04_15_08_16_53_0005] itr #2 | fitting baseline...
2021-04-15 08:20:58.110773 CEST | [test_partrates_diffparams_notquant_2021_04_15_08_16_53_0005] itr #2 | fitted
2021-04-15 08:20:58.116010 CEST | [test_partrates_diffparams_notquant_2021_04_15_08_16_53_0005] itr #2 | fitting baseline...
2021-04-15 08:20:58.118779 CEST | [test_partrates_diffparams_notquant_2021_04_15_08_16_53_0005] itr #2 | fitted
2021-04-15 08:20:58.150969 CEST | [test_partrates_diffparams_notquant_2021_04_15_08_16_53_0005] itr #2 | saving snapshot...
2021-04-15 08:20:58.161880 CEST | [test_partrates_diffparams_notquant_2021_04_15_08_16_53_0005] itr #2 | saved
2021-04-15 08:20:58.165329 CEST | -----------------------  ------------
2021-04-15 08:20:58.165678 CEST | Iteration                    2
2021-04-15 08:20:58.165931 CEST | AverageDiscountedReturn    116.887
2021-04-15 08:20:58.166143 CEST | AverageReturn              130.267
2021-04-15 08:20:58.166388 CEST | ExplainedVariance           -3.99108
2021-04-15 08:20:58.166658 CEST | NumTrajs                    29
2021-04-15 08:20:58.166959 CEST | Entropy                      1.41016
2021-04-15 08:20:58.167326 CEST | Perplexity                   4.0966
2021-04-15 08:20:58.167668 CEST | StdReturn                  117.487
2021-04-15 08:20:58.167972 CEST | MaxReturn                  439.817
2021-04-15 08:20:58.168269 CEST | MinReturn                    9.98001
2021-04-15 08:20:58.168638 CEST | Iteration                    2
2021-04-15 08:20:58.168921 CEST | AverageDiscountedReturn    115.916
2021-04-15 08:20:58.169219 CEST | AverageReturn              126.25
2021-04-15 08:20:58.169528 CEST | ExplainedVariance           -0.396264
2021-04-15 08:20:58.169882 CEST | NumTrajs                    30
2021-04-15 08:20:58.170249 CEST | Entropy                      1.41016
2021-04-15 08:20:58.170557 CEST | Perplexity                   4.0966
2021-04-15 08:20:58.170815 CEST | StdReturn                   86.3358
2021-04-15 08:20:58.171085 CEST | MaxReturn                  329.767
2021-04-15 08:20:58.171340 CEST | MinReturn                    9.97955
2021-04-15 08:20:58.171586 CEST | Iteration                    2
2021-04-15 08:20:58.171837 CEST | AverageDiscountedReturn    113.997
2021-04-15 08:20:58.172144 CEST | AverageReturn              126.692
2021-04-15 08:20:58.172399 CEST | ExplainedVariance           -0.287984
2021-04-15 08:20:58.172642 CEST | NumTrajs                    31
2021-04-15 08:20:58.172908 CEST | Entropy                      1.41016
2021-04-15 08:20:58.173184 CEST | Perplexity                   4.0966
2021-04-15 08:20:58.173450 CEST | StdReturn                  115.789
2021-04-15 08:20:58.173710 CEST | MaxReturn                  549.692
2021-04-15 08:20:58.173964 CEST | MinReturn                    9.97989
2021-04-15 08:20:58.174223 CEST | Iteration                    2
2021-04-15 08:20:58.174499 CEST | AverageDiscountedReturn     94.916
2021-04-15 08:20:58.174749 CEST | AverageReturn              102.99
2021-04-15 08:20:58.174990 CEST | ExplainedVariance           -0.154769
2021-04-15 08:20:58.175255 CEST | NumTrajs                    36
2021-04-15 08:20:58.175496 CEST | Entropy                      1.41016
2021-04-15 08:20:58.175751 CEST | Perplexity                   4.0966
2021-04-15 08:20:58.176040 CEST | StdReturn                   88.3951
2021-04-15 08:20:58.176284 CEST | MaxReturn                  389.824
2021-04-15 08:20:58.176546 CEST | MinReturn                    9.97945
2021-04-15 08:20:58.176797 CEST | Iteration                    2
2021-04-15 08:20:58.177059 CEST | AverageDiscountedReturn     82.493
2021-04-15 08:20:58.177298 CEST | AverageReturn               87.7435
2021-04-15 08:20:58.177570 CEST | ExplainedVariance            0.171291
2021-04-15 08:20:58.177808 CEST | NumTrajs                    41
2021-04-15 08:20:58.178061 CEST | Entropy                      1.41016
2021-04-15 08:20:58.178307 CEST | Perplexity                   4.0966
2021-04-15 08:20:58.178575 CEST | StdReturn                   64.7613
2021-04-15 08:20:58.178802 CEST | MaxReturn                  239.919
2021-04-15 08:20:58.179071 CEST | MinReturn                    9.98267
2021-04-15 08:20:58.179219 CEST | AveragePolicyStd             0.991257
2021-04-15 08:20:58.179358 CEST | AveragePolicyStd             0.991257
2021-04-15 08:20:58.179501 CEST | AveragePolicyStd             0.991257
2021-04-15 08:20:58.179689 CEST | AveragePolicyStd             0.991257
2021-04-15 08:20:58.179884 CEST | AveragePolicyStd             0.991257
2021-04-15 08:20:58.180116 CEST | TransfBits               40384
2021-04-15 08:20:58.180354 CEST | TotalAverageReturn         102.996
2021-04-15 08:20:58.180642 CEST | -----------------------  ------------
2021-04-15 08:20:59.403947 CEST | [test_partrates_diffparams_notquant_2021_04_15_08_16_53_0005] itr #3 | fitting baseline...
2021-04-15 08:20:59.405207 CEST | [test_partrates_diffparams_notquant_2021_04_15_08_16_53_0005] itr #3 | fitted
2021-04-15 08:20:59.408095 CEST | [test_partrates_diffparams_notquant_2021_04_15_08_16_53_0005] itr #3 | fitting baseline...
2021-04-15 08:20:59.409340 CEST | [test_partrates_diffparams_notquant_2021_04_15_08_16_53_0005] itr #3 | fitted
2021-04-15 08:20:59.412476 CEST | [test_partrates_diffparams_notquant_2021_04_15_08_16_53_0005] itr #3 | fitting baseline...
2021-04-15 08:20:59.414012 CEST | [test_partrates_diffparams_notquant_2021_04_15_08_16_53_0005] itr #3 | fitted
2021-04-15 08:20:59.418483 CEST | [test_partrates_diffparams_notquant_2021_04_15_08_16_53_0005] itr #3 | fitting baseline...
2021-04-15 08:20:59.419993 CEST | [test_partrates_diffparams_notquant_2021_04_15_08_16_53_0005] itr #3 | fitted
2021-04-15 08:20:59.422981 CEST | [test_partrates_diffparams_notquant_2021_04_15_08_16_53_0005] itr #3 | fitting baseline...
2021-04-15 08:20:59.424299 CEST | [test_partrates_diffparams_notquant_2021_04_15_08_16_53_0005] itr #3 | fitted
2021-04-15 08:20:59.444940 CEST | [test_partrates_diffparams_notquant_2021_04_15_08_16_53_0005] itr #3 | saving snapshot...
2021-04-15 08:20:59.452403 CEST | [test_partrates_diffparams_notquant_2021_04_15_08_16_53_0005] itr #3 | saved
2021-04-15 08:20:59.455104 CEST | -----------------------  -------------
2021-04-15 08:20:59.455329 CEST | Iteration                    3
2021-04-15 08:20:59.455573 CEST | AverageDiscountedReturn    119.634
2021-04-15 08:20:59.455733 CEST | AverageReturn              132.596
2021-04-15 08:20:59.455870 CEST | ExplainedVariance            0.0462983
2021-04-15 08:20:59.456023 CEST | NumTrajs                    30
2021-04-15 08:20:59.456151 CEST | Entropy                      1.40636
2021-04-15 08:20:59.456282 CEST | Perplexity                   4.08108
2021-04-15 08:20:59.456410 CEST | StdReturn                  109.291
2021-04-15 08:20:59.456534 CEST | MaxReturn                  409.89
2021-04-15 08:20:59.456664 CEST | MinReturn                    9.97997
2021-04-15 08:20:59.456790 CEST | Iteration                    3
2021-04-15 08:20:59.456913 CEST | AverageDiscountedReturn    113.969
2021-04-15 08:20:59.457063 CEST | AverageReturn              123.79
2021-04-15 08:20:59.457283 CEST | ExplainedVariance           -0.339976
2021-04-15 08:20:59.457419 CEST | NumTrajs                    31
2021-04-15 08:20:59.457627 CEST | Entropy                      1.40636
2021-04-15 08:20:59.457823 CEST | Perplexity                   4.08108
2021-04-15 08:20:59.458019 CEST | StdReturn                   82.7852
2021-04-15 08:20:59.458213 CEST | MaxReturn                  329.747
2021-04-15 08:20:59.458414 CEST | MinReturn                    0
2021-04-15 08:20:59.458612 CEST | Iteration                    3
2021-04-15 08:20:59.458806 CEST | AverageDiscountedReturn    129.295
2021-04-15 08:20:59.459003 CEST | AverageReturn              142.866
2021-04-15 08:20:59.459198 CEST | ExplainedVariance           -0.793358
2021-04-15 08:20:59.459394 CEST | NumTrajs                    27
2021-04-15 08:20:59.459592 CEST | Entropy                      1.40636
2021-04-15 08:20:59.459785 CEST | Perplexity                   4.08108
2021-04-15 08:20:59.460025 CEST | StdReturn                  102.358
2021-04-15 08:20:59.460241 CEST | MaxReturn                  449.816
2021-04-15 08:20:59.460441 CEST | MinReturn                    9.98246
2021-04-15 08:20:59.460637 CEST | Iteration                    3
2021-04-15 08:20:59.460832 CEST | AverageDiscountedReturn     90.9174
2021-04-15 08:20:59.461025 CEST | AverageReturn               97.6806
2021-04-15 08:20:59.461222 CEST | ExplainedVariance           -0.0518047
2021-04-15 08:20:59.461416 CEST | NumTrajs                    40
2021-04-15 08:20:59.461613 CEST | Entropy                      1.40636
2021-04-15 08:20:59.461807 CEST | Perplexity                   4.08108
2021-04-15 08:20:59.462002 CEST | StdReturn                   75.9659
2021-04-15 08:20:59.462225 CEST | MaxReturn                  309.79
2021-04-15 08:20:59.462424 CEST | MinReturn                    9.98137
2021-04-15 08:20:59.462619 CEST | Iteration                    3
2021-04-15 08:20:59.462813 CEST | AverageDiscountedReturn    108.894
2021-04-15 08:20:59.463002 CEST | AverageReturn              119.594
2021-04-15 08:20:59.463198 CEST | ExplainedVariance           -0.0139568
2021-04-15 08:20:59.463536 CEST | NumTrajs                    31
2021-04-15 08:20:59.463868 CEST | Entropy                      1.40636
2021-04-15 08:20:59.464243 CEST | Perplexity                   4.08108
2021-04-15 08:20:59.464556 CEST | StdReturn                  100.84
2021-04-15 08:20:59.464958 CEST | MaxReturn                  439.828
2021-04-15 08:20:59.465114 CEST | MinReturn                    9.9822
2021-04-15 08:20:59.465274 CEST | AveragePolicyStd             0.987501
2021-04-15 08:20:59.465432 CEST | AveragePolicyStd             0.987501
2021-04-15 08:20:59.465657 CEST | AveragePolicyStd             0.987501
2021-04-15 08:20:59.465936 CEST | AveragePolicyStd             0.987501
2021-04-15 08:20:59.466166 CEST | AveragePolicyStd             0.987501
2021-04-15 08:20:59.466386 CEST | TransfBits               60576
2021-04-15 08:20:59.466563 CEST | TotalAverageReturn         110.852
2021-04-15 08:20:59.466762 CEST | -----------------------  -------------
2021-04-15 08:21:00.625103 CEST | [test_partrates_diffparams_notquant_2021_04_15_08_16_53_0005] itr #4 | fitting baseline...
2021-04-15 08:21:00.626170 CEST | [test_partrates_diffparams_notquant_2021_04_15_08_16_53_0005] itr #4 | fitted
2021-04-15 08:21:00.628366 CEST | [test_partrates_diffparams_notquant_2021_04_15_08_16_53_0005] itr #4 | fitting baseline...
2021-04-15 08:21:00.629962 CEST | [test_partrates_diffparams_notquant_2021_04_15_08_16_53_0005] itr #4 | fitted
2021-04-15 08:21:00.632966 CEST | [test_partrates_diffparams_notquant_2021_04_15_08_16_53_0005] itr #4 | fitting baseline...
2021-04-15 08:21:00.634105 CEST | [test_partrates_diffparams_notquant_2021_04_15_08_16_53_0005] itr #4 | fitted
2021-04-15 08:21:00.637156 CEST | [test_partrates_diffparams_notquant_2021_04_15_08_16_53_0005] itr #4 | fitting baseline...
2021-04-15 08:21:00.638389 CEST | [test_partrates_diffparams_notquant_2021_04_15_08_16_53_0005] itr #4 | fitted
2021-04-15 08:21:00.640961 CEST | [test_partrates_diffparams_notquant_2021_04_15_08_16_53_0005] itr #4 | fitting baseline...
2021-04-15 08:21:00.642192 CEST | [test_partrates_diffparams_notquant_2021_04_15_08_16_53_0005] itr #4 | fitted
2021-04-15 08:21:00.665860 CEST | [test_partrates_diffparams_notquant_2021_04_15_08_16_53_0005] itr #4 | saving snapshot...
2021-04-15 08:21:00.671196 CEST | [test_partrates_diffparams_notquant_2021_04_15_08_16_53_0005] itr #4 | saved
2021-04-15 08:21:00.673649 CEST | -----------------------  -------------
2021-04-15 08:21:00.673859 CEST | Iteration                    4
2021-04-15 08:21:00.674072 CEST | AverageDiscountedReturn    135.955
2021-04-15 08:21:00.674304 CEST | AverageReturn              157.511
2021-04-15 08:21:00.674460 CEST | ExplainedVariance           -0.358569
2021-04-15 08:21:00.674638 CEST | NumTrajs                    25
2021-04-15 08:21:00.674791 CEST | Entropy                      1.40275
2021-04-15 08:21:00.674968 CEST | Perplexity                   4.06638
2021-04-15 08:21:00.675139 CEST | StdReturn                  160.167
2021-04-15 08:21:00.675277 CEST | MaxReturn                  549.777
2021-04-15 08:21:00.675514 CEST | MinReturn                    9.98148
2021-04-15 08:21:00.675668 CEST | Iteration                    4
2021-04-15 08:21:00.675856 CEST | AverageDiscountedReturn    194.763
2021-04-15 08:21:00.676053 CEST | AverageReturn              241.961
2021-04-15 08:21:00.676202 CEST | ExplainedVariance           -0.0935209
2021-04-15 08:21:00.676352 CEST | NumTrajs                    19
2021-04-15 08:21:00.676503 CEST | Entropy                      1.40275
2021-04-15 08:21:00.676642 CEST | Perplexity                   4.06638
2021-04-15 08:21:00.676794 CEST | StdReturn                  239.84
2021-04-15 08:21:00.676938 CEST | MaxReturn                  789.528
2021-04-15 08:21:00.677079 CEST | MinReturn                    9.98537
2021-04-15 08:21:00.677213 CEST | Iteration                    4
2021-04-15 08:21:00.677354 CEST | AverageDiscountedReturn    155.399
2021-04-15 08:21:00.677579 CEST | AverageReturn              174.241
2021-04-15 08:21:00.677786 CEST | ExplainedVariance           -0.031397
2021-04-15 08:21:00.677991 CEST | NumTrajs                    23
2021-04-15 08:21:00.678319 CEST | Entropy                      1.40275
2021-04-15 08:21:00.678531 CEST | Perplexity                   4.06638
2021-04-15 08:21:00.678765 CEST | StdReturn                  112.082
2021-04-15 08:21:00.678960 CEST | MaxReturn                  409.849
2021-04-15 08:21:00.679149 CEST | MinReturn                   19.9671
2021-04-15 08:21:00.679331 CEST | Iteration                    4
2021-04-15 08:21:00.679527 CEST | AverageDiscountedReturn    119.047
2021-04-15 08:21:00.679717 CEST | AverageReturn              131.248
2021-04-15 08:21:00.679845 CEST | ExplainedVariance           -0.0903456
2021-04-15 08:21:00.680066 CEST | NumTrajs                    30
2021-04-15 08:21:00.680233 CEST | Entropy                      1.40275
2021-04-15 08:21:00.680448 CEST | Perplexity                   4.06638
2021-04-15 08:21:00.680638 CEST | StdReturn                  103.118
2021-04-15 08:21:00.680826 CEST | MaxReturn                  429.743
2021-04-15 08:21:00.681012 CEST | MinReturn                    9.9874
2021-04-15 08:21:00.681195 CEST | Iteration                    4
2021-04-15 08:21:00.681380 CEST | AverageDiscountedReturn    130.182
2021-04-15 08:21:00.681526 CEST | AverageReturn              151.52
2021-04-15 08:21:00.681771 CEST | ExplainedVariance          -12.0449
2021-04-15 08:21:00.681941 CEST | NumTrajs                    25
2021-04-15 08:21:00.682082 CEST | Entropy                      1.40275
2021-04-15 08:21:00.682252 CEST | Perplexity                   4.06638
2021-04-15 08:21:00.682417 CEST | StdReturn                  166.472
2021-04-15 08:21:00.682577 CEST | MaxReturn                  699.74
2021-04-15 08:21:00.682739 CEST | MinReturn                    0
2021-04-15 08:21:00.682895 CEST | AveragePolicyStd             0.983946
2021-04-15 08:21:00.683057 CEST | AveragePolicyStd             0.983946
2021-04-15 08:21:00.683216 CEST | AveragePolicyStd             0.983946
2021-04-15 08:21:00.683374 CEST | AveragePolicyStd             0.983946
2021-04-15 08:21:00.683537 CEST | AveragePolicyStd             0.983946
2021-04-15 08:21:00.683696 CEST | TransfBits               80768
2021-04-15 08:21:00.683857 CEST | TotalAverageReturn         143.439
2021-04-15 08:21:00.684063 CEST | -----------------------  -------------
2021-04-15 08:21:01.831091 CEST | [test_partrates_diffparams_notquant_2021_04_15_08_16_53_0005] itr #5 | fitting baseline...
2021-04-15 08:21:01.833061 CEST | [test_partrates_diffparams_notquant_2021_04_15_08_16_53_0005] itr #5 | fitted
2021-04-15 08:21:01.837454 CEST | [test_partrates_diffparams_notquant_2021_04_15_08_16_53_0005] itr #5 | fitting baseline...
2021-04-15 08:21:01.839169 CEST | [test_partrates_diffparams_notquant_2021_04_15_08_16_53_0005] itr #5 | fitted
2021-04-15 08:21:01.844396 CEST | [test_partrates_diffparams_notquant_2021_04_15_08_16_53_0005] itr #5 | fitting baseline...
2021-04-15 08:21:01.846377 CEST | [test_partrates_diffparams_notquant_2021_04_15_08_16_53_0005] itr #5 | fitted
2021-04-15 08:21:01.851205 CEST | [test_partrates_diffparams_notquant_2021_04_15_08_16_53_0005] itr #5 | fitting baseline...
2021-04-15 08:21:01.853057 CEST | [test_partrates_diffparams_notquant_2021_04_15_08_16_53_0005] itr #5 | fitted
2021-04-15 08:21:01.857111 CEST | [test_partrates_diffparams_notquant_2021_04_15_08_16_53_0005] itr #5 | fitting baseline...
2021-04-15 08:21:01.858669 CEST | [test_partrates_diffparams_notquant_2021_04_15_08_16_53_0005] itr #5 | fitted
2021-04-15 08:21:01.886277 CEST | [test_partrates_diffparams_notquant_2021_04_15_08_16_53_0005] itr #5 | saving snapshot...
2021-04-15 08:21:01.891796 CEST | [test_partrates_diffparams_notquant_2021_04_15_08_16_53_0005] itr #5 | saved
2021-04-15 08:21:01.895250 CEST | -----------------------  --------------
2021-04-15 08:21:01.895499 CEST | Iteration                     5
2021-04-15 08:21:01.895745 CEST | AverageDiscountedReturn      66.3771
2021-04-15 08:21:01.895996 CEST | AverageReturn                69.7579
2021-04-15 08:21:01.896140 CEST | ExplainedVariance            -0.785969
2021-04-15 08:21:01.896385 CEST | NumTrajs                     51
2021-04-15 08:21:01.896567 CEST | Entropy                       1.40369
2021-04-15 08:21:01.896736 CEST | Perplexity                    4.07018
2021-04-15 08:21:01.896930 CEST | StdReturn                    53.8597
2021-04-15 08:21:01.897106 CEST | MaxReturn                   229.833
2021-04-15 08:21:01.897278 CEST | MinReturn                     9.98051
2021-04-15 08:21:01.897490 CEST | Iteration                     5
2021-04-15 08:21:01.897710 CEST | AverageDiscountedReturn      67.147
2021-04-15 08:21:01.897963 CEST | AverageReturn                70.9596
2021-04-15 08:21:01.898170 CEST | ExplainedVariance             0.183367
2021-04-15 08:21:01.898395 CEST | NumTrajs                     50
2021-04-15 08:21:01.898670 CEST | Entropy                       1.40369
2021-04-15 08:21:01.898826 CEST | Perplexity                    4.07018
2021-04-15 08:21:01.898964 CEST | StdReturn                    60.7812
2021-04-15 08:21:01.899094 CEST | MaxReturn                   299.88
2021-04-15 08:21:01.899230 CEST | MinReturn                     0
2021-04-15 08:21:01.899366 CEST | Iteration                     5
2021-04-15 08:21:01.899494 CEST | AverageDiscountedReturn      62.4824
2021-04-15 08:21:01.899624 CEST | AverageReturn                65.6195
2021-04-15 08:21:01.899754 CEST | ExplainedVariance             0.150369
2021-04-15 08:21:01.899884 CEST | NumTrajs                     53
2021-04-15 08:21:01.900057 CEST | Entropy                       1.40369
2021-04-15 08:21:01.900194 CEST | Perplexity                    4.07018
2021-04-15 08:21:01.900323 CEST | StdReturn                    54.1407
2021-04-15 08:21:01.900453 CEST | MaxReturn                   309.808
2021-04-15 08:21:01.900584 CEST | MinReturn                     0
2021-04-15 08:21:01.900718 CEST | Iteration                     5
2021-04-15 08:21:01.900848 CEST | AverageDiscountedReturn      73.8212
2021-04-15 08:21:01.900980 CEST | AverageReturn                78.4312
2021-04-15 08:21:01.901111 CEST | ExplainedVariance            -0.654202
2021-04-15 08:21:01.901243 CEST | NumTrajs                     46
2021-04-15 08:21:01.901379 CEST | Entropy                       1.40369
2021-04-15 08:21:01.901510 CEST | Perplexity                    4.07018
2021-04-15 08:21:01.901641 CEST | StdReturn                    66.0464
2021-04-15 08:21:01.901773 CEST | MaxReturn                   279.935
2021-04-15 08:21:01.901908 CEST | MinReturn                     9.98458
2021-04-15 08:21:01.902044 CEST | Iteration                     5
2021-04-15 08:21:01.902175 CEST | AverageDiscountedReturn      78.158
2021-04-15 08:21:01.902304 CEST | AverageReturn                83.4343
2021-04-15 08:21:01.902436 CEST | ExplainedVariance             0.0422541
2021-04-15 08:21:01.902566 CEST | NumTrajs                     43
2021-04-15 08:21:01.902713 CEST | Entropy                       1.40369
2021-04-15 08:21:01.902846 CEST | Perplexity                    4.07018
2021-04-15 08:21:01.902984 CEST | StdReturn                    71.2363
2021-04-15 08:21:01.903121 CEST | MaxReturn                   339.865
2021-04-15 08:21:01.903252 CEST | MinReturn                     9.97949
2021-04-15 08:21:01.903384 CEST | AveragePolicyStd              0.984865
2021-04-15 08:21:01.903513 CEST | AveragePolicyStd              0.984865
2021-04-15 08:21:01.903642 CEST | AveragePolicyStd              0.984865
2021-04-15 08:21:01.903771 CEST | AveragePolicyStd              0.984865
2021-04-15 08:21:01.903912 CEST | AveragePolicyStd              0.984865
2021-04-15 08:21:01.904061 CEST | TransfBits               100960
2021-04-15 08:21:01.904194 CEST | TotalAverageReturn           69.1799
2021-04-15 08:21:01.904324 CEST | -----------------------  --------------
2021-04-15 08:21:03.160041 CEST | [test_partrates_diffparams_notquant_2021_04_15_08_16_53_0005] itr #6 | fitting baseline...
2021-04-15 08:21:03.162053 CEST | [test_partrates_diffparams_notquant_2021_04_15_08_16_53_0005] itr #6 | fitted
2021-04-15 08:21:03.167715 CEST | [test_partrates_diffparams_notquant_2021_04_15_08_16_53_0005] itr #6 | fitting baseline...
2021-04-15 08:21:03.169530 CEST | [test_partrates_diffparams_notquant_2021_04_15_08_16_53_0005] itr #6 | fitted
2021-04-15 08:21:03.174568 CEST | [test_partrates_diffparams_notquant_2021_04_15_08_16_53_0005] itr #6 | fitting baseline...
2021-04-15 08:21:03.176776 CEST | [test_partrates_diffparams_notquant_2021_04_15_08_16_53_0005] itr #6 | fitted
2021-04-15 08:21:03.183106 CEST | [test_partrates_diffparams_notquant_2021_04_15_08_16_53_0005] itr #6 | fitting baseline...
2021-04-15 08:21:03.185203 CEST | [test_partrates_diffparams_notquant_2021_04_15_08_16_53_0005] itr #6 | fitted
2021-04-15 08:21:03.189417 CEST | [test_partrates_diffparams_notquant_2021_04_15_08_16_53_0005] itr #6 | fitting baseline...
2021-04-15 08:21:03.191072 CEST | [test_partrates_diffparams_notquant_2021_04_15_08_16_53_0005] itr #6 | fitted
2021-04-15 08:21:03.221612 CEST | [test_partrates_diffparams_notquant_2021_04_15_08_16_53_0005] itr #6 | saving snapshot...
2021-04-15 08:21:03.228298 CEST | [test_partrates_diffparams_notquant_2021_04_15_08_16_53_0005] itr #6 | saved
2021-04-15 08:21:03.232345 CEST | -----------------------  -------------
2021-04-15 08:21:03.232726 CEST | Iteration                     6
2021-04-15 08:21:03.232918 CEST | AverageDiscountedReturn      73.0085
2021-04-15 08:21:03.233122 CEST | AverageReturn                77.7811
2021-04-15 08:21:03.233294 CEST | ExplainedVariance            -0.649598
2021-04-15 08:21:03.233462 CEST | NumTrajs                     46
2021-04-15 08:21:03.233631 CEST | Entropy                       1.40369
2021-04-15 08:21:03.233921 CEST | Perplexity                    4.0702
2021-04-15 08:21:03.234174 CEST | StdReturn                    70.2226
2021-04-15 08:21:03.234336 CEST | MaxReturn                   399.903
2021-04-15 08:21:03.234509 CEST | MinReturn                     0
2021-04-15 08:21:03.234666 CEST | Iteration                     6
2021-04-15 08:21:03.234824 CEST | AverageDiscountedReturn      77.0107
2021-04-15 08:21:03.234993 CEST | AverageReturn                81.091
2021-04-15 08:21:03.235169 CEST | ExplainedVariance            -0.121946
2021-04-15 08:21:03.235346 CEST | NumTrajs                     44
2021-04-15 08:21:03.235495 CEST | Entropy                       1.40369
2021-04-15 08:21:03.235642 CEST | Perplexity                    4.0702
2021-04-15 08:21:03.235788 CEST | StdReturn                    52.387
2021-04-15 08:21:03.235951 CEST | MaxReturn                   239.84
2021-04-15 08:21:03.236097 CEST | MinReturn                    19.9678
2021-04-15 08:21:03.236243 CEST | Iteration                     6
2021-04-15 08:21:03.236391 CEST | AverageDiscountedReturn      58.8695
2021-04-15 08:21:03.236535 CEST | AverageReturn                61.3857
2021-04-15 08:21:03.236680 CEST | ExplainedVariance             0.206032
2021-04-15 08:21:03.236842 CEST | NumTrajs                     56
2021-04-15 08:21:03.236991 CEST | Entropy                       1.40369
2021-04-15 08:21:03.237137 CEST | Perplexity                    4.0702
2021-04-15 08:21:03.237283 CEST | StdReturn                    45.2344
2021-04-15 08:21:03.237435 CEST | MaxReturn                   179.902
2021-04-15 08:21:03.237626 CEST | MinReturn                     9.97995
2021-04-15 08:21:03.237815 CEST | Iteration                     6
2021-04-15 08:21:03.238015 CEST | AverageDiscountedReturn      65.9667
2021-04-15 08:21:03.238173 CEST | AverageReturn                70.959
2021-04-15 08:21:03.238320 CEST | ExplainedVariance            -0.199589
2021-04-15 08:21:03.238511 CEST | NumTrajs                     50
2021-04-15 08:21:03.238706 CEST | Entropy                       1.40369
2021-04-15 08:21:03.238901 CEST | Perplexity                    4.0702
2021-04-15 08:21:03.239096 CEST | StdReturn                    80.4308
2021-04-15 08:21:03.239300 CEST | MaxReturn                   379.85
2021-04-15 08:21:03.239507 CEST | MinReturn                     0
2021-04-15 08:21:03.239713 CEST | Iteration                     6
2021-04-15 08:21:03.239937 CEST | AverageDiscountedReturn      77.5219
2021-04-15 08:21:03.240138 CEST | AverageReturn                81.9899
2021-04-15 08:21:03.240342 CEST | ExplainedVariance            -0.71429
2021-04-15 08:21:03.240543 CEST | NumTrajs                     44
2021-04-15 08:21:03.240745 CEST | Entropy                       1.40369
2021-04-15 08:21:03.240946 CEST | Perplexity                    4.0702
2021-04-15 08:21:03.241147 CEST | StdReturn                    58.69
2021-04-15 08:21:03.241359 CEST | MaxReturn                   239.836
2021-04-15 08:21:03.241556 CEST | MinReturn                     9.98081
2021-04-15 08:21:03.241755 CEST | AveragePolicyStd              0.98487
2021-04-15 08:21:03.241969 CEST | AveragePolicyStd              0.98487
2021-04-15 08:21:03.242217 CEST | AveragePolicyStd              0.98487
2021-04-15 08:21:03.242489 CEST | AveragePolicyStd              0.98487
2021-04-15 08:21:03.242861 CEST | AveragePolicyStd              0.98487
2021-04-15 08:21:03.243108 CEST | TransfBits               121152
2021-04-15 08:21:03.243323 CEST | TotalAverageReturn           69.8035
2021-04-15 08:21:03.243552 CEST | -----------------------  -------------
2021-04-15 08:21:04.518111 CEST | [test_partrates_diffparams_notquant_2021_04_15_08_16_53_0005] itr #7 | fitting baseline...
2021-04-15 08:21:04.519478 CEST | [test_partrates_diffparams_notquant_2021_04_15_08_16_53_0005] itr #7 | fitted
2021-04-15 08:21:04.522999 CEST | [test_partrates_diffparams_notquant_2021_04_15_08_16_53_0005] itr #7 | fitting baseline...
2021-04-15 08:21:04.525088 CEST | [test_partrates_diffparams_notquant_2021_04_15_08_16_53_0005] itr #7 | fitted
2021-04-15 08:21:04.529648 CEST | [test_partrates_diffparams_notquant_2021_04_15_08_16_53_0005] itr #7 | fitting baseline...
2021-04-15 08:21:04.531198 CEST | [test_partrates_diffparams_notquant_2021_04_15_08_16_53_0005] itr #7 | fitted
