2021-04-16 08:20:51.116473 CEST | [test_partrates_diffparams_notquant_2021_04_16_08_18_09_0004] Populating workers...
2021-04-16 08:20:51.116703 CEST | [test_partrates_diffparams_notquant_2021_04_16_08_18_09_0004] Populated
2021-04-16 08:20:51.576071 CEST | [test_partrates_diffparams_notquant_2021_04_16_08_18_09_0004] itr #0 | fitting baseline...
2021-04-16 08:20:51.603418 CEST | [test_partrates_diffparams_notquant_2021_04_16_08_18_09_0004] itr #0 | fitted
2021-04-16 08:20:54.846772 CEST | [test_partrates_diffparams_notquant_2021_04_16_08_18_09_0004] itr #1 | fitting baseline...
2021-04-16 08:20:54.848918 CEST | [test_partrates_diffparams_notquant_2021_04_16_08_18_09_0004] itr #1 | fitted
2021-04-16 08:20:54.855211 CEST | [test_partrates_diffparams_notquant_2021_04_16_08_18_09_0004] itr #1 | saving snapshot...
2021-04-16 08:20:54.858565 CEST | [test_partrates_diffparams_notquant_2021_04_16_08_18_09_0004] itr #1 | saved
2021-04-16 08:20:54.860781 CEST | -----------------------  -------------
2021-04-16 08:20:54.861005 CEST | Iteration                  0
2021-04-16 08:20:54.861145 CEST | AverageDiscountedReturn   55.0519
2021-04-16 08:20:54.861279 CEST | AverageReturn             57.2935
2021-04-16 08:20:54.861410 CEST | ExplainedVariance          6.60783e-12
2021-04-16 08:20:54.861540 CEST | NumTrajs                  60
2021-04-16 08:20:54.861678 CEST | Entropy                    1.41894
2021-04-16 08:20:54.861812 CEST | Perplexity                 4.13273
2021-04-16 08:20:54.861944 CEST | StdReturn                 43.9474
2021-04-16 08:20:54.862075 CEST | MaxReturn                189.956
2021-04-16 08:20:54.862206 CEST | MinReturn                  0
2021-04-16 08:20:54.862338 CEST | AveragePolicyStd           1
2021-04-16 08:20:54.862488 CEST | Iteration                  1
2021-04-16 08:20:54.862620 CEST | AverageDiscountedReturn   58.0023
2021-04-16 08:20:54.862752 CEST | AverageReturn             60.3123
2021-04-16 08:20:54.862883 CEST | ExplainedVariance          0.243293
2021-04-16 08:20:54.863014 CEST | NumTrajs                  57
2021-04-16 08:20:54.863149 CEST | Entropy                    1.41794
2021-04-16 08:20:54.863282 CEST | Perplexity                 4.1286
2021-04-16 08:20:54.863414 CEST | StdReturn                 41.865
2021-04-16 08:20:54.863546 CEST | MaxReturn                219.919
2021-04-16 08:20:54.863678 CEST | MinReturn                  0
2021-04-16 08:20:54.863808 CEST | AveragePolicyStd           0.999001
2021-04-16 08:20:54.863939 CEST | TransfBits                 0
2021-04-16 08:20:54.864069 CEST | TotalAverageReturn        58.0023
2021-04-16 08:20:54.864199 CEST | -----------------------  -------------
2021-04-16 08:20:55.104802 CEST | [test_partrates_diffparams_notquant_2021_04_16_08_18_09_0004] itr #2 | fitting baseline...
2021-04-16 08:20:55.106627 CEST | [test_partrates_diffparams_notquant_2021_04_16_08_18_09_0004] itr #2 | fitted
2021-04-16 08:20:55.110482 CEST | [test_partrates_diffparams_notquant_2021_04_16_08_18_09_0004] itr #2 | saving snapshot...
2021-04-16 08:20:55.115355 CEST | [test_partrates_diffparams_notquant_2021_04_16_08_18_09_0004] itr #2 | saved
2021-04-16 08:20:55.116235 CEST | -----------------------  ----------
2021-04-16 08:20:55.116416 CEST | Iteration                  2
2021-04-16 08:20:55.116544 CEST | AverageDiscountedReturn   52.7184
2021-04-16 08:20:55.116668 CEST | AverageReturn             54.6373
2021-04-16 08:20:55.116792 CEST | ExplainedVariance          0.287261
2021-04-16 08:20:55.116913 CEST | NumTrajs                  62
2021-04-16 08:20:55.117033 CEST | Entropy                    1.41695
2021-04-16 08:20:55.117158 CEST | Perplexity                 4.12453
2021-04-16 08:20:55.117279 CEST | StdReturn                 38.8638
2021-04-16 08:20:55.117401 CEST | MaxReturn                169.898
2021-04-16 08:20:55.117527 CEST | MinReturn                  0
2021-04-16 08:20:55.117666 CEST | AveragePolicyStd           0.998015
2021-04-16 08:20:55.117790 CEST | TransfBits                 0
2021-04-16 08:20:55.117917 CEST | TotalAverageReturn        52.7184
2021-04-16 08:20:55.118042 CEST | -----------------------  ----------
2021-04-16 08:20:55.320850 CEST | [test_partrates_diffparams_notquant_2021_04_16_08_18_09_0004] itr #3 | fitting baseline...
2021-04-16 08:20:55.322395 CEST | [test_partrates_diffparams_notquant_2021_04_16_08_18_09_0004] itr #3 | fitted
2021-04-16 08:20:55.325261 CEST | [test_partrates_diffparams_notquant_2021_04_16_08_18_09_0004] itr #3 | saving snapshot...
2021-04-16 08:20:55.328315 CEST | [test_partrates_diffparams_notquant_2021_04_16_08_18_09_0004] itr #3 | saved
2021-04-16 08:20:55.329053 CEST | -----------------------  ----------
2021-04-16 08:20:55.329195 CEST | Iteration                  3
2021-04-16 08:20:55.329324 CEST | AverageDiscountedReturn   63.0944
2021-04-16 08:20:55.329450 CEST | AverageReturn             65.8072
2021-04-16 08:20:55.329572 CEST | ExplainedVariance          0.247266
2021-04-16 08:20:55.329695 CEST | NumTrajs                  53
2021-04-16 08:20:55.329833 CEST | Entropy                    1.41602
2021-04-16 08:20:55.329966 CEST | Perplexity                 4.1207
2021-04-16 08:20:55.330112 CEST | StdReturn                 43.9156
2021-04-16 08:20:55.330244 CEST | MaxReturn                209.935
2021-04-16 08:20:55.330374 CEST | MinReturn                  9.9822
2021-04-16 08:20:55.330531 CEST | AveragePolicyStd           0.997088
2021-04-16 08:20:55.330643 CEST | TransfBits                 0
2021-04-16 08:20:55.330755 CEST | TotalAverageReturn        63.0944
2021-04-16 08:20:55.330868 CEST | -----------------------  ----------
2021-04-16 08:20:55.523761 CEST | [test_partrates_diffparams_notquant_2021_04_16_08_18_09_0004] itr #4 | fitting baseline...
2021-04-16 08:20:55.525614 CEST | [test_partrates_diffparams_notquant_2021_04_16_08_18_09_0004] itr #4 | fitted
2021-04-16 08:20:55.529763 CEST | [test_partrates_diffparams_notquant_2021_04_16_08_18_09_0004] itr #4 | saving snapshot...
2021-04-16 08:20:55.533069 CEST | [test_partrates_diffparams_notquant_2021_04_16_08_18_09_0004] itr #4 | saved
2021-04-16 08:20:55.533845 CEST | -----------------------  ----------
2021-04-16 08:20:55.533996 CEST | Iteration                  4
2021-04-16 08:20:55.534139 CEST | AverageDiscountedReturn   52.4118
2021-04-16 08:20:55.534275 CEST | AverageReturn             54.246
2021-04-16 08:20:55.534411 CEST | ExplainedVariance          0.280615
2021-04-16 08:20:55.534572 CEST | NumTrajs                  63
2021-04-16 08:20:55.534708 CEST | Entropy                    1.41511
2021-04-16 08:20:55.534843 CEST | Perplexity                 4.11693
2021-04-16 08:20:55.534976 CEST | StdReturn                 37.0523
2021-04-16 08:20:55.535116 CEST | MaxReturn                179.942
2021-04-16 08:20:55.535277 CEST | MinReturn                  9.98273
2021-04-16 08:20:55.535428 CEST | AveragePolicyStd           0.996177
2021-04-16 08:20:55.535553 CEST | TransfBits                 0
2021-04-16 08:20:55.535682 CEST | TotalAverageReturn        52.4118
2021-04-16 08:20:55.535859 CEST | -----------------------  ----------
2021-04-16 08:20:55.742871 CEST | [test_partrates_diffparams_notquant_2021_04_16_08_18_09_0004] itr #5 | fitting baseline...
2021-04-16 08:20:55.744287 CEST | [test_partrates_diffparams_notquant_2021_04_16_08_18_09_0004] itr #5 | fitted
2021-04-16 08:20:55.747254 CEST | [test_partrates_diffparams_notquant_2021_04_16_08_18_09_0004] itr #5 | saving snapshot...
2021-04-16 08:20:55.751091 CEST | [test_partrates_diffparams_notquant_2021_04_16_08_18_09_0004] itr #5 | saved
2021-04-16 08:20:55.751835 CEST | -----------------------  ----------
2021-04-16 08:20:55.751976 CEST | Iteration                  5
2021-04-16 08:20:55.752108 CEST | AverageDiscountedReturn   66.9731
2021-04-16 08:20:55.752234 CEST | AverageReturn             70.7538
2021-04-16 08:20:55.752360 CEST | ExplainedVariance          0.189086
2021-04-16 08:20:55.752489 CEST | NumTrajs                  50
2021-04-16 08:20:55.752613 CEST | Entropy                    1.41429
2021-04-16 08:20:55.752737 CEST | Perplexity                 4.11355
2021-04-16 08:20:55.752866 CEST | StdReturn                 60.71
2021-04-16 08:20:55.753002 CEST | MaxReturn                299.923
2021-04-16 08:20:55.753134 CEST | MinReturn                  0
2021-04-16 08:20:55.753267 CEST | AveragePolicyStd           0.995358
2021-04-16 08:20:55.753392 CEST | TransfBits                 0
2021-04-16 08:20:55.753523 CEST | TotalAverageReturn        66.9731
2021-04-16 08:20:55.753646 CEST | -----------------------  ----------
2021-04-16 08:20:55.984115 CEST | [test_partrates_diffparams_notquant_2021_04_16_08_18_09_0004] itr #6 | fitting baseline...
2021-04-16 08:20:55.985856 CEST | [test_partrates_diffparams_notquant_2021_04_16_08_18_09_0004] itr #6 | fitted
2021-04-16 08:20:55.990232 CEST | [test_partrates_diffparams_notquant_2021_04_16_08_18_09_0004] itr #6 | saving snapshot...
2021-04-16 08:20:55.993750 CEST | [test_partrates_diffparams_notquant_2021_04_16_08_18_09_0004] itr #6 | saved
2021-04-16 08:20:55.994548 CEST | -----------------------  ----------
2021-04-16 08:20:55.994672 CEST | Iteration                  6
2021-04-16 08:20:55.994787 CEST | AverageDiscountedReturn   59.7072
2021-04-16 08:20:55.994897 CEST | AverageReturn             62.5907
2021-04-16 08:20:55.995006 CEST | ExplainedVariance          0.269046
2021-04-16 08:20:55.995113 CEST | NumTrajs                  57
2021-04-16 08:20:55.995219 CEST | Entropy                    1.41359
2021-04-16 08:20:55.995326 CEST | Perplexity                 4.11067
2021-04-16 08:20:55.995433 CEST | StdReturn                 52.219
2021-04-16 08:20:55.995573 CEST | MaxReturn                239.942
2021-04-16 08:20:55.995921 CEST | MinReturn                  0
2021-04-16 08:20:55.996180 CEST | AveragePolicyStd           0.994662
2021-04-16 08:20:55.996447 CEST | TransfBits                 0
2021-04-16 08:20:55.996714 CEST | TotalAverageReturn        59.7072
2021-04-16 08:20:55.996957 CEST | -----------------------  ----------
2021-04-16 08:20:56.209388 CEST | [test_partrates_diffparams_notquant_2021_04_16_08_18_09_0004] itr #7 | fitting baseline...
2021-04-16 08:20:56.211512 CEST | [test_partrates_diffparams_notquant_2021_04_16_08_18_09_0004] itr #7 | fitted
2021-04-16 08:20:56.214479 CEST | [test_partrates_diffparams_notquant_2021_04_16_08_18_09_0004] itr #7 | saving snapshot...
2021-04-16 08:20:56.218307 CEST | [test_partrates_diffparams_notquant_2021_04_16_08_18_09_0004] itr #7 | saved
2021-04-16 08:20:56.219305 CEST | -----------------------  ----------
2021-04-16 08:20:56.219464 CEST | Iteration                  7
2021-04-16 08:20:56.219595 CEST | AverageDiscountedReturn   64.8686
2021-04-16 08:20:56.219726 CEST | AverageReturn             68.3903
2021-04-16 08:20:56.219853 CEST | ExplainedVariance          0.156201
2021-04-16 08:20:56.219976 CEST | NumTrajs                  51
2021-04-16 08:20:56.220120 CEST | Entropy                    1.41279
2021-04-16 08:20:56.220229 CEST | Perplexity                 4.10742
2021-04-16 08:20:56.220336 CEST | StdReturn                 59.0655
2021-04-16 08:20:56.220443 CEST | MaxReturn                379.825
2021-04-16 08:20:56.220550 CEST | MinReturn                  9.98091
2021-04-16 08:20:56.220657 CEST | AveragePolicyStd           0.993875
2021-04-16 08:20:56.220774 CEST | TransfBits                 0
2021-04-16 08:20:56.220938 CEST | TotalAverageReturn        64.8686
2021-04-16 08:20:56.221090 CEST | -----------------------  ----------
2021-04-16 08:20:56.445674 CEST | [test_partrates_diffparams_notquant_2021_04_16_08_18_09_0004] itr #8 | fitting baseline...
2021-04-16 08:20:56.447539 CEST | [test_partrates_diffparams_notquant_2021_04_16_08_18_09_0004] itr #8 | fitted
2021-04-16 08:20:56.451591 CEST | [test_partrates_diffparams_notquant_2021_04_16_08_18_09_0004] itr #8 | saving snapshot...
2021-04-16 08:20:56.454708 CEST | [test_partrates_diffparams_notquant_2021_04_16_08_18_09_0004] itr #8 | saved
2021-04-16 08:20:56.455464 CEST | -----------------------  ----------
2021-04-16 08:20:56.455608 CEST | Iteration                  8
2021-04-16 08:20:56.455745 CEST | AverageDiscountedReturn   64.8809
2021-04-16 08:20:56.455877 CEST | AverageReturn             68.0727
2021-04-16 08:20:56.456017 CEST | ExplainedVariance          0.116475
2021-04-16 08:20:56.456151 CEST | NumTrajs                  53
2021-04-16 08:20:56.456288 CEST | Entropy                    1.41194
2021-04-16 08:20:56.456420 CEST | Perplexity                 4.10391
2021-04-16 08:20:56.456551 CEST | StdReturn                 51.969
2021-04-16 08:20:56.456682 CEST | MaxReturn                229.938
2021-04-16 08:20:56.456814 CEST | MinReturn                  0
2021-04-16 08:20:56.456945 CEST | AveragePolicyStd           0.993025
2021-04-16 08:20:56.457076 CEST | TransfBits                 0
2021-04-16 08:20:56.457207 CEST | TotalAverageReturn        64.8809
2021-04-16 08:20:56.457337 CEST | -----------------------  ----------
2021-04-16 08:20:56.698711 CEST | [test_partrates_diffparams_notquant_2021_04_16_08_18_09_0004] itr #9 | fitting baseline...
2021-04-16 08:20:56.700133 CEST | [test_partrates_diffparams_notquant_2021_04_16_08_18_09_0004] itr #9 | fitted
2021-04-16 08:20:56.703774 CEST | [test_partrates_diffparams_notquant_2021_04_16_08_18_09_0004] itr #9 | saving snapshot...
2021-04-16 08:20:56.706910 CEST | [test_partrates_diffparams_notquant_2021_04_16_08_18_09_0004] itr #9 | saved
2021-04-16 08:20:56.707647 CEST | -----------------------  ----------
2021-04-16 08:20:56.707792 CEST | Iteration                  9
2021-04-16 08:20:56.707922 CEST | AverageDiscountedReturn   75.7337
2021-04-16 08:20:56.708048 CEST | AverageReturn             79.9456
2021-04-16 08:20:56.708175 CEST | ExplainedVariance          0.165777
2021-04-16 08:20:56.708372 CEST | NumTrajs                  45
2021-04-16 08:20:56.708499 CEST | Entropy                    1.41104
2021-04-16 08:20:56.708624 CEST | Perplexity                 4.10022
2021-04-16 08:20:56.708756 CEST | StdReturn                 56.819
2021-04-16 08:20:56.708879 CEST | MaxReturn                239.9
2021-04-16 08:20:56.709006 CEST | MinReturn                  9.98933
2021-04-16 08:20:56.709131 CEST | AveragePolicyStd           0.992134
2021-04-16 08:20:56.709253 CEST | TransfBits                 0
2021-04-16 08:20:56.709377 CEST | TotalAverageReturn        75.7337
2021-04-16 08:20:56.709499 CEST | -----------------------  ----------
2021-04-16 08:20:56.910450 CEST | [test_partrates_diffparams_notquant_2021_04_16_08_18_09_0004] itr #10 | fitting baseline...
2021-04-16 08:20:56.912291 CEST | [test_partrates_diffparams_notquant_2021_04_16_08_18_09_0004] itr #10 | fitted
2021-04-16 08:20:56.915334 CEST | [test_partrates_diffparams_notquant_2021_04_16_08_18_09_0004] itr #10 | saving snapshot...
2021-04-16 08:20:56.917957 CEST | [test_partrates_diffparams_notquant_2021_04_16_08_18_09_0004] itr #10 | saved
2021-04-16 08:20:56.918629 CEST | -----------------------  ----------
2021-04-16 08:20:56.918754 CEST | Iteration                 10
2021-04-16 08:20:56.918865 CEST | AverageDiscountedReturn   62.968
2021-04-16 08:20:56.918973 CEST | AverageReturn             65.8043
2021-04-16 08:20:56.919083 CEST | ExplainedVariance          0.214645
2021-04-16 08:20:56.919189 CEST | NumTrajs                  53
2021-04-16 08:20:56.919294 CEST | Entropy                    1.41023
2021-04-16 08:20:56.919399 CEST | Perplexity                 4.09691
2021-04-16 08:20:56.919504 CEST | StdReturn                 46.9022
2021-04-16 08:20:56.919609 CEST | MaxReturn                189.899
2021-04-16 08:20:56.919713 CEST | MinReturn                  0
2021-04-16 08:20:56.919818 CEST | AveragePolicyStd           0.991333
2021-04-16 08:20:56.919922 CEST | TransfBits                 0
2021-04-16 08:20:56.920026 CEST | TotalAverageReturn        62.968
2021-04-16 08:20:56.920131 CEST | -----------------------  ----------
2021-04-16 08:20:57.084053 CEST | [test_partrates_diffparams_notquant_2021_04_16_08_18_09_0004] itr #11 | fitting baseline...
2021-04-16 08:20:57.085541 CEST | [test_partrates_diffparams_notquant_2021_04_16_08_18_09_0004] itr #11 | fitted
2021-04-16 08:20:57.088597 CEST | [test_partrates_diffparams_notquant_2021_04_16_08_18_09_0004] itr #11 | saving snapshot...
2021-04-16 08:20:57.092159 CEST | [test_partrates_diffparams_notquant_2021_04_16_08_18_09_0004] itr #11 | saved
2021-04-16 08:20:57.093045 CEST | -----------------------  ----------
2021-04-16 08:20:57.093216 CEST | Iteration                 11
2021-04-16 08:20:57.093363 CEST | AverageDiscountedReturn   79.0187
2021-04-16 08:20:57.093510 CEST | AverageReturn             83.902
2021-04-16 08:20:57.093656 CEST | ExplainedVariance          0.246833
2021-04-16 08:20:57.093845 CEST | NumTrajs                  43
2021-04-16 08:20:57.094053 CEST | Entropy                    1.40937
2021-04-16 08:20:57.094262 CEST | Perplexity                 4.09339
2021-04-16 08:20:57.094473 CEST | StdReturn                 63.7795
2021-04-16 08:20:57.094632 CEST | MaxReturn                249.917
2021-04-16 08:20:57.094784 CEST | MinReturn                  9.97995
2021-04-16 08:20:57.094948 CEST | AveragePolicyStd           0.99048
2021-04-16 08:20:57.095088 CEST | TransfBits                 0
2021-04-16 08:20:57.095223 CEST | TotalAverageReturn        79.0187
2021-04-16 08:20:57.095358 CEST | -----------------------  ----------
2021-04-16 08:20:57.269195 CEST | [test_partrates_diffparams_notquant_2021_04_16_08_18_09_0004] itr #12 | fitting baseline...
2021-04-16 08:20:57.270655 CEST | [test_partrates_diffparams_notquant_2021_04_16_08_18_09_0004] itr #12 | fitted
2021-04-16 08:20:57.273633 CEST | [test_partrates_diffparams_notquant_2021_04_16_08_18_09_0004] itr #12 | saving snapshot...
2021-04-16 08:20:57.276796 CEST | [test_partrates_diffparams_notquant_2021_04_16_08_18_09_0004] itr #12 | saved
2021-04-16 08:20:57.277627 CEST | -----------------------  ----------
2021-04-16 08:20:57.277785 CEST | Iteration                 12
2021-04-16 08:20:57.277933 CEST | AverageDiscountedReturn   82.333
2021-04-16 08:20:57.278078 CEST | AverageReturn             87.3202
2021-04-16 08:20:57.278222 CEST | ExplainedVariance          0.324994
2021-04-16 08:20:57.278364 CEST | NumTrajs                  42
2021-04-16 08:20:57.278551 CEST | Entropy                    1.40847
2021-04-16 08:20:57.278693 CEST | Perplexity                 4.0897
2021-04-16 08:20:57.278827 CEST | StdReturn                 61.2042
2021-04-16 08:20:57.278966 CEST | MaxReturn                299.939
2021-04-16 08:20:57.279103 CEST | MinReturn                  9.98381
2021-04-16 08:20:57.279247 CEST | AveragePolicyStd           0.989589
2021-04-16 08:20:57.279382 CEST | TransfBits                 0
2021-04-16 08:20:57.279520 CEST | TotalAverageReturn        82.333
2021-04-16 08:20:57.279655 CEST | -----------------------  ----------
2021-04-16 08:20:57.465310 CEST | [test_partrates_diffparams_notquant_2021_04_16_08_18_09_0004] itr #13 | fitting baseline...
2021-04-16 08:20:57.466762 CEST | [test_partrates_diffparams_notquant_2021_04_16_08_18_09_0004] itr #13 | fitted
2021-04-16 08:20:57.470456 CEST | [test_partrates_diffparams_notquant_2021_04_16_08_18_09_0004] itr #13 | saving snapshot...
2021-04-16 08:20:57.473754 CEST | [test_partrates_diffparams_notquant_2021_04_16_08_18_09_0004] itr #13 | saved
2021-04-16 08:20:57.474567 CEST | -----------------------  ----------
2021-04-16 08:20:57.474724 CEST | Iteration                 13
2021-04-16 08:20:57.474862 CEST | AverageDiscountedReturn   80.9395
2021-04-16 08:20:57.474997 CEST | AverageReturn             85.9857
2021-04-16 08:20:57.475130 CEST | ExplainedVariance          0.245347
2021-04-16 08:20:57.475265 CEST | NumTrajs                  43
2021-04-16 08:20:57.475397 CEST | Entropy                    1.40758
2021-04-16 08:20:57.475531 CEST | Perplexity                 4.08606
2021-04-16 08:20:57.475663 CEST | StdReturn                 63.5893
2021-04-16 08:20:57.475795 CEST | MaxReturn                219.909
2021-04-16 08:20:57.475926 CEST | MinReturn                  0
2021-04-16 08:20:57.476059 CEST | AveragePolicyStd           0.988706
2021-04-16 08:20:57.476190 CEST | TransfBits                 0
2021-04-16 08:20:57.476322 CEST | TotalAverageReturn        80.9395
2021-04-16 08:20:57.476454 CEST | -----------------------  ----------
2021-04-16 08:20:57.742602 CEST | [test_partrates_diffparams_notquant_2021_04_16_08_18_09_0004] itr #14 | fitting baseline...
2021-04-16 08:20:57.744981 CEST | [test_partrates_diffparams_notquant_2021_04_16_08_18_09_0004] itr #14 | fitted
2021-04-16 08:20:57.749792 CEST | [test_partrates_diffparams_notquant_2021_04_16_08_18_09_0004] itr #14 | saving snapshot...
2021-04-16 08:20:57.753481 CEST | [test_partrates_diffparams_notquant_2021_04_16_08_18_09_0004] itr #14 | saved
2021-04-16 08:20:57.754327 CEST | -----------------------  ----------
2021-04-16 08:20:57.754530 CEST | Iteration                 14
2021-04-16 08:20:57.754683 CEST | AverageDiscountedReturn   67.9634
2021-04-16 08:20:57.754831 CEST | AverageReturn             71.791
2021-04-16 08:20:57.754981 CEST | ExplainedVariance          0.251423
2021-04-16 08:20:57.755127 CEST | NumTrajs                  49
2021-04-16 08:20:57.755278 CEST | Entropy                    1.40667
2021-04-16 08:20:57.755423 CEST | Perplexity                 4.08236
2021-04-16 08:20:57.755570 CEST | StdReturn                 60.2423
2021-04-16 08:20:57.755719 CEST | MaxReturn                309.89
2021-04-16 08:20:57.755859 CEST | MinReturn                  9.98248
2021-04-16 08:20:57.756006 CEST | AveragePolicyStd           0.987811
2021-04-16 08:20:57.756153 CEST | TransfBits                 0
2021-04-16 08:20:57.756299 CEST | TotalAverageReturn        67.9634
2021-04-16 08:20:57.756446 CEST | -----------------------  ----------
2021-04-16 08:20:57.961537 CEST | [test_partrates_diffparams_notquant_2021_04_16_08_18_09_0004] itr #15 | fitting baseline...
2021-04-16 08:20:57.963366 CEST | [test_partrates_diffparams_notquant_2021_04_16_08_18_09_0004] itr #15 | fitted
2021-04-16 08:20:57.967394 CEST | [test_partrates_diffparams_notquant_2021_04_16_08_18_09_0004] itr #15 | saving snapshot...
2021-04-16 08:20:57.970990 CEST | [test_partrates_diffparams_notquant_2021_04_16_08_18_09_0004] itr #15 | saved
2021-04-16 08:20:57.971864 CEST | -----------------------  ----------
2021-04-16 08:20:57.972019 CEST | Iteration                 15
2021-04-16 08:20:57.972159 CEST | AverageDiscountedReturn   81.097
2021-04-16 08:20:57.972297 CEST | AverageReturn             85.6559
2021-04-16 08:20:57.972434 CEST | ExplainedVariance          0.322047
2021-04-16 08:20:57.972574 CEST | NumTrajs                  42
2021-04-16 08:20:57.972713 CEST | Entropy                    1.40577
2021-04-16 08:20:57.972853 CEST | Perplexity                 4.07867
2021-04-16 08:20:57.972991 CEST | StdReturn                 54.9309
2021-04-16 08:20:57.973128 CEST | MaxReturn                219.894
2021-04-16 08:20:57.973267 CEST | MinReturn                  9.9799
2021-04-16 08:20:57.973405 CEST | AveragePolicyStd           0.986918
2021-04-16 08:20:57.973542 CEST | TransfBits                 0
2021-04-16 08:20:57.973679 CEST | TotalAverageReturn        81.097
2021-04-16 08:20:57.973830 CEST | -----------------------  ----------
2021-04-16 08:20:58.175292 CEST | [test_partrates_diffparams_notquant_2021_04_16_08_18_09_0004] itr #16 | fitting baseline...
2021-04-16 08:20:58.177657 CEST | [test_partrates_diffparams_notquant_2021_04_16_08_18_09_0004] itr #16 | fitted
2021-04-16 08:20:58.181941 CEST | [test_partrates_diffparams_notquant_2021_04_16_08_18_09_0004] itr #16 | saving snapshot...
2021-04-16 08:20:58.185553 CEST | [test_partrates_diffparams_notquant_2021_04_16_08_18_09_0004] itr #16 | saved
2021-04-16 08:20:58.186454 CEST | -----------------------  ----------
2021-04-16 08:20:58.186625 CEST | Iteration                 16
2021-04-16 08:20:58.186771 CEST | AverageDiscountedReturn   68.6831
2021-04-16 08:20:58.186912 CEST | AverageReturn             72.1959
2021-04-16 08:20:58.187051 CEST | ExplainedVariance          0.350895
2021-04-16 08:20:58.187190 CEST | NumTrajs                  49
2021-04-16 08:20:58.187328 CEST | Entropy                    1.40487
2021-04-16 08:20:58.187464 CEST | Perplexity                 4.07501
2021-04-16 08:20:58.187600 CEST | StdReturn                 53.0198
2021-04-16 08:20:58.187762 CEST | MaxReturn                189.938
2021-04-16 08:20:58.187910 CEST | MinReturn                  9.97962
2021-04-16 08:20:58.188048 CEST | AveragePolicyStd           0.986033
2021-04-16 08:20:58.188185 CEST | TransfBits                 0
2021-04-16 08:20:58.188324 CEST | TotalAverageReturn        68.6831
2021-04-16 08:20:58.188463 CEST | -----------------------  ----------
2021-04-16 08:20:58.389230 CEST | [test_partrates_diffparams_notquant_2021_04_16_08_18_09_0004] itr #17 | fitting baseline...
2021-04-16 08:20:58.390699 CEST | [test_partrates_diffparams_notquant_2021_04_16_08_18_09_0004] itr #17 | fitted
2021-04-16 08:20:58.394989 CEST | [test_partrates_diffparams_notquant_2021_04_16_08_18_09_0004] itr #17 | saving snapshot...
2021-04-16 08:20:58.398025 CEST | [test_partrates_diffparams_notquant_2021_04_16_08_18_09_0004] itr #17 | saved
2021-04-16 08:20:58.398770 CEST | -----------------------  ----------
2021-04-16 08:20:58.398913 CEST | Iteration                 17
2021-04-16 08:20:58.399041 CEST | AverageDiscountedReturn   85.5069
2021-04-16 08:20:58.399165 CEST | AverageReturn             90.692
2021-04-16 08:20:58.399288 CEST | ExplainedVariance          0.323036
2021-04-16 08:20:58.399411 CEST | NumTrajs                  40
2021-04-16 08:20:58.399533 CEST | Entropy                    1.40401
2021-04-16 08:20:58.399674 CEST | Perplexity                 4.07148
2021-04-16 08:20:58.399806 CEST | StdReturn                 59.1951
2021-04-16 08:20:58.399938 CEST | MaxReturn                209.889
2021-04-16 08:20:58.400074 CEST | MinReturn                  0
2021-04-16 08:20:58.400214 CEST | AveragePolicyStd           0.985179
2021-04-16 08:20:58.400348 CEST | TransfBits                 0
2021-04-16 08:20:58.400481 CEST | TotalAverageReturn        85.5069
2021-04-16 08:20:58.400609 CEST | -----------------------  ----------
2021-04-16 08:20:58.579323 CEST | [test_partrates_diffparams_notquant_2021_04_16_08_18_09_0004] itr #18 | fitting baseline...
2021-04-16 08:20:58.580809 CEST | [test_partrates_diffparams_notquant_2021_04_16_08_18_09_0004] itr #18 | fitted
2021-04-16 08:20:58.585794 CEST | [test_partrates_diffparams_notquant_2021_04_16_08_18_09_0004] itr #18 | saving snapshot...
2021-04-16 08:20:58.593596 CEST | [test_partrates_diffparams_notquant_2021_04_16_08_18_09_0004] itr #18 | saved
2021-04-16 08:20:58.595220 CEST | -----------------------  ----------
2021-04-16 08:20:58.595479 CEST | Iteration                 18
2021-04-16 08:20:58.595687 CEST | AverageDiscountedReturn   82.8592
2021-04-16 08:20:58.595893 CEST | AverageReturn             88.5051
2021-04-16 08:20:58.596101 CEST | ExplainedVariance         -0.192138
2021-04-16 08:20:58.596318 CEST | NumTrajs                  42
2021-04-16 08:20:58.596538 CEST | Entropy                    1.40321
2021-04-16 08:20:58.596757 CEST | Perplexity                 4.06824
2021-04-16 08:20:58.596975 CEST | StdReturn                 71.1081
2021-04-16 08:20:58.597190 CEST | MaxReturn                379.883
2021-04-16 08:20:58.597403 CEST | MinReturn                  0
2021-04-16 08:20:58.597619 CEST | AveragePolicyStd           0.984394
2021-04-16 08:20:58.597842 CEST | TransfBits                 0
2021-04-16 08:20:58.598062 CEST | TotalAverageReturn        82.8592
2021-04-16 08:20:58.598277 CEST | -----------------------  ----------
2021-04-16 08:20:58.796232 CEST | [test_partrates_diffparams_notquant_2021_04_16_08_18_09_0004] itr #19 | fitting baseline...
2021-04-16 08:20:58.797356 CEST | [test_partrates_diffparams_notquant_2021_04_16_08_18_09_0004] itr #19 | fitted
2021-04-16 08:20:58.800495 CEST | [test_partrates_diffparams_notquant_2021_04_16_08_18_09_0004] itr #19 | saving snapshot...
2021-04-16 08:20:58.803578 CEST | [test_partrates_diffparams_notquant_2021_04_16_08_18_09_0004] itr #19 | saved
2021-04-16 08:20:58.804344 CEST | -----------------------  ----------
2021-04-16 08:20:58.804495 CEST | Iteration                 19
2021-04-16 08:20:58.804630 CEST | AverageDiscountedReturn   93.5349
2021-04-16 08:20:58.804759 CEST | AverageReturn            100.754
2021-04-16 08:20:58.804888 CEST | ExplainedVariance          0.267177
2021-04-16 08:20:58.805024 CEST | NumTrajs                  37
2021-04-16 08:20:58.805156 CEST | Entropy                    1.40245
2021-04-16 08:20:58.805285 CEST | Perplexity                 4.06515
2021-04-16 08:20:58.805412 CEST | StdReturn                 79.4488
2021-04-16 08:20:58.805539 CEST | MaxReturn                389.859
2021-04-16 08:20:58.805666 CEST | MinReturn                  0
2021-04-16 08:20:58.805793 CEST | AveragePolicyStd           0.983646
2021-04-16 08:20:58.805920 CEST | TransfBits                 0
2021-04-16 08:20:58.806047 CEST | TotalAverageReturn        93.5349
2021-04-16 08:20:58.806174 CEST | -----------------------  ----------
2021-04-16 08:20:58.985334 CEST | [test_partrates_diffparams_notquant_2021_04_16_08_18_09_0004] itr #20 | fitting baseline...
2021-04-16 08:20:58.986613 CEST | [test_partrates_diffparams_notquant_2021_04_16_08_18_09_0004] itr #20 | fitted
2021-04-16 08:20:58.989989 CEST | [test_partrates_diffparams_notquant_2021_04_16_08_18_09_0004] itr #20 | saving snapshot...
2021-04-16 08:20:58.993378 CEST | [test_partrates_diffparams_notquant_2021_04_16_08_18_09_0004] itr #20 | saved
2021-04-16 08:20:58.994239 CEST | -----------------------  ----------
2021-04-16 08:20:58.994443 CEST | Iteration                 20
2021-04-16 08:20:58.994593 CEST | AverageDiscountedReturn   89.562
2021-04-16 08:20:58.994734 CEST | AverageReturn             95.2083
2021-04-16 08:20:58.994875 CEST | ExplainedVariance          0.3389
2021-04-16 08:20:58.995014 CEST | NumTrajs                  38
2021-04-16 08:20:58.995161 CEST | Entropy                    1.40163
2021-04-16 08:20:58.995298 CEST | Perplexity                 4.0618
2021-04-16 08:20:58.995442 CEST | StdReturn                 60.8885
2021-04-16 08:20:58.995581 CEST | MaxReturn                229.927
2021-04-16 08:20:58.995718 CEST | MinReturn                  9.98
2021-04-16 08:20:58.995856 CEST | AveragePolicyStd           0.982837
2021-04-16 08:20:58.995992 CEST | TransfBits                 0
2021-04-16 08:20:58.996131 CEST | TotalAverageReturn        89.562
2021-04-16 08:20:58.996267 CEST | -----------------------  ----------
2021-04-16 08:20:59.172416 CEST | [test_partrates_diffparams_notquant_2021_04_16_08_18_09_0004] itr #21 | fitting baseline...
2021-04-16 08:20:59.173751 CEST | [test_partrates_diffparams_notquant_2021_04_16_08_18_09_0004] itr #21 | fitted
2021-04-16 08:20:59.177285 CEST | [test_partrates_diffparams_notquant_2021_04_16_08_18_09_0004] itr #21 | saving snapshot...
2021-04-16 08:20:59.180651 CEST | [test_partrates_diffparams_notquant_2021_04_16_08_18_09_0004] itr #21 | saved
2021-04-16 08:20:59.181504 CEST | -----------------------  ----------
2021-04-16 08:20:59.181682 CEST | Iteration                 21
2021-04-16 08:20:59.181824 CEST | AverageDiscountedReturn   82.9933
2021-04-16 08:20:59.181965 CEST | AverageReturn             87.7425
2021-04-16 08:20:59.182106 CEST | ExplainedVariance          0.375353
2021-04-16 08:20:59.182245 CEST | NumTrajs                  41
2021-04-16 08:20:59.182389 CEST | Entropy                    1.4008
2021-04-16 08:20:59.182547 CEST | Perplexity                 4.05846
2021-04-16 08:20:59.182695 CEST | StdReturn                 55.9685
2021-04-16 08:20:59.182830 CEST | MaxReturn                279.919
2021-04-16 08:20:59.182966 CEST | MinReturn                 19.9692
2021-04-16 08:20:59.183102 CEST | AveragePolicyStd           0.982029
2021-04-16 08:20:59.183238 CEST | TransfBits                 0
2021-04-16 08:20:59.183375 CEST | TotalAverageReturn        82.9933
2021-04-16 08:20:59.183510 CEST | -----------------------  ----------
2021-04-16 08:20:59.356342 CEST | [test_partrates_diffparams_notquant_2021_04_16_08_18_09_0004] itr #22 | fitting baseline...
2021-04-16 08:20:59.357863 CEST | [test_partrates_diffparams_notquant_2021_04_16_08_18_09_0004] itr #22 | fitted
2021-04-16 08:20:59.362894 CEST | [test_partrates_diffparams_notquant_2021_04_16_08_18_09_0004] itr #22 | saving snapshot...
2021-04-16 08:20:59.368925 CEST | [test_partrates_diffparams_notquant_2021_04_16_08_18_09_0004] itr #22 | saved
2021-04-16 08:20:59.369935 CEST | -----------------------  ----------
2021-04-16 08:20:59.370119 CEST | Iteration                 22
2021-04-16 08:20:59.370262 CEST | AverageDiscountedReturn  106.977
2021-04-16 08:20:59.370395 CEST | AverageReturn            115.389
2021-04-16 08:20:59.370545 CEST | ExplainedVariance          0.368178
2021-04-16 08:20:59.370664 CEST | NumTrajs                  33
2021-04-16 08:20:59.370782 CEST | Entropy                    1.39996
2021-04-16 08:20:59.370902 CEST | Perplexity                 4.05505
2021-04-16 08:20:59.371021 CEST | StdReturn                 75.3758
2021-04-16 08:20:59.371140 CEST | MaxReturn                319.883
2021-04-16 08:20:59.371258 CEST | MinReturn                  0
2021-04-16 08:20:59.371402 CEST | AveragePolicyStd           0.981203
2021-04-16 08:20:59.371554 CEST | TransfBits                 0
2021-04-16 08:20:59.371694 CEST | TotalAverageReturn       106.977
2021-04-16 08:20:59.371839 CEST | -----------------------  ----------
2021-04-16 08:20:59.581550 CEST | [test_partrates_diffparams_notquant_2021_04_16_08_18_09_0004] itr #23 | fitting baseline...
2021-04-16 08:20:59.582954 CEST | [test_partrates_diffparams_notquant_2021_04_16_08_18_09_0004] itr #23 | fitted
2021-04-16 08:20:59.586671 CEST | [test_partrates_diffparams_notquant_2021_04_16_08_18_09_0004] itr #23 | saving snapshot...
2021-04-16 08:20:59.589685 CEST | [test_partrates_diffparams_notquant_2021_04_16_08_18_09_0004] itr #23 | saved
2021-04-16 08:20:59.590410 CEST | -----------------------  ----------
2021-04-16 08:20:59.590586 CEST | Iteration                 23
2021-04-16 08:20:59.590729 CEST | AverageDiscountedReturn  121.803
2021-04-16 08:20:59.590882 CEST | AverageReturn            132.684
2021-04-16 08:20:59.591025 CEST | ExplainedVariance          0.449736
2021-04-16 08:20:59.591179 CEST | NumTrajs                  29
2021-04-16 08:20:59.591333 CEST | Entropy                    1.39907
2021-04-16 08:20:59.591504 CEST | Perplexity                 4.05144
2021-04-16 08:20:59.591644 CEST | StdReturn                 83.0597
2021-04-16 08:20:59.591792 CEST | MaxReturn                279.915
2021-04-16 08:20:59.591935 CEST | MinReturn                  9.97973
2021-04-16 08:20:59.592077 CEST | AveragePolicyStd           0.98033
2021-04-16 08:20:59.592239 CEST | TransfBits                 0
2021-04-16 08:20:59.592390 CEST | TotalAverageReturn       121.803
2021-04-16 08:20:59.592529 CEST | -----------------------  ----------
2021-04-16 08:20:59.755729 CEST | [test_partrates_diffparams_notquant_2021_04_16_08_18_09_0004] itr #24 | fitting baseline...
2021-04-16 08:20:59.757028 CEST | [test_partrates_diffparams_notquant_2021_04_16_08_18_09_0004] itr #24 | fitted
2021-04-16 08:20:59.759901 CEST | [test_partrates_diffparams_notquant_2021_04_16_08_18_09_0004] itr #24 | saving snapshot...
2021-04-16 08:20:59.762752 CEST | [test_partrates_diffparams_notquant_2021_04_16_08_18_09_0004] itr #24 | saved
2021-04-16 08:20:59.763473 CEST | -----------------------  ----------
2021-04-16 08:20:59.763611 CEST | Iteration                 24
2021-04-16 08:20:59.763737 CEST | AverageDiscountedReturn   91.7273
2021-04-16 08:20:59.763861 CEST | AverageReturn             98.3133
2021-04-16 08:20:59.763983 CEST | ExplainedVariance          0.308355
2021-04-16 08:20:59.764104 CEST | NumTrajs                  37
2021-04-16 08:20:59.764225 CEST | Entropy                    1.3982
2021-04-16 08:20:59.764344 CEST | Perplexity                 4.04792
2021-04-16 08:20:59.764463 CEST | StdReturn                 72.8587
2021-04-16 08:20:59.764583 CEST | MaxReturn                339.911
2021-04-16 08:20:59.764702 CEST | MinReturn                  0
2021-04-16 08:20:59.764820 CEST | AveragePolicyStd           0.979477
2021-04-16 08:20:59.764939 CEST | TransfBits                 0
2021-04-16 08:20:59.765057 CEST | TotalAverageReturn        91.7273
2021-04-16 08:20:59.765176 CEST | -----------------------  ----------
2021-04-16 08:20:59.950840 CEST | [test_partrates_diffparams_notquant_2021_04_16_08_18_09_0004] itr #25 | fitting baseline...
2021-04-16 08:20:59.952129 CEST | [test_partrates_diffparams_notquant_2021_04_16_08_18_09_0004] itr #25 | fitted
2021-04-16 08:20:59.955844 CEST | [test_partrates_diffparams_notquant_2021_04_16_08_18_09_0004] itr #25 | saving snapshot...
2021-04-16 08:20:59.959361 CEST | [test_partrates_diffparams_notquant_2021_04_16_08_18_09_0004] itr #25 | saved
2021-04-16 08:20:59.960271 CEST | -----------------------  ----------
2021-04-16 08:20:59.960447 CEST | Iteration                 25
2021-04-16 08:20:59.960592 CEST | AverageDiscountedReturn  100.664
2021-04-16 08:20:59.960734 CEST | AverageReturn            107.974
2021-04-16 08:20:59.960873 CEST | ExplainedVariance          0.425399
2021-04-16 08:20:59.961033 CEST | NumTrajs                  36
2021-04-16 08:20:59.961173 CEST | Entropy                    1.39737
2021-04-16 08:20:59.961312 CEST | Perplexity                 4.04457
2021-04-16 08:20:59.961449 CEST | StdReturn                 69.8499
2021-04-16 08:20:59.961585 CEST | MaxReturn                289.846
2021-04-16 08:20:59.961722 CEST | MinReturn                  9.98855
2021-04-16 08:20:59.961871 CEST | AveragePolicyStd           0.978667
2021-04-16 08:20:59.962016 CEST | TransfBits                 0
2021-04-16 08:20:59.962154 CEST | TotalAverageReturn       100.664
2021-04-16 08:20:59.962290 CEST | -----------------------  ----------
2021-04-16 08:21:00.168747 CEST | [test_partrates_diffparams_notquant_2021_04_16_08_18_09_0004] itr #26 | fitting baseline...
2021-04-16 08:21:00.170090 CEST | [test_partrates_diffparams_notquant_2021_04_16_08_18_09_0004] itr #26 | fitted
2021-04-16 08:21:00.173423 CEST | [test_partrates_diffparams_notquant_2021_04_16_08_18_09_0004] itr #26 | saving snapshot...
2021-04-16 08:21:00.176978 CEST | [test_partrates_diffparams_notquant_2021_04_16_08_18_09_0004] itr #26 | saved
2021-04-16 08:21:00.177729 CEST | -----------------------  ----------
2021-04-16 08:21:00.177947 CEST | Iteration                 26
2021-04-16 08:21:00.178101 CEST | AverageDiscountedReturn   88.818
2021-04-16 08:21:00.178229 CEST | AverageReturn             93.9316
2021-04-16 08:21:00.178360 CEST | ExplainedVariance          0.35116
2021-04-16 08:21:00.178511 CEST | NumTrajs                  40
2021-04-16 08:21:00.178640 CEST | Entropy                    1.39668
2021-04-16 08:21:00.178774 CEST | Perplexity                 4.04177
2021-04-16 08:21:00.178919 CEST | StdReturn                 52.841
2021-04-16 08:21:00.179054 CEST | MaxReturn                249.92
2021-04-16 08:21:00.179186 CEST | MinReturn                  9.98243
2021-04-16 08:21:00.179317 CEST | AveragePolicyStd           0.977989
2021-04-16 08:21:00.179444 CEST | TransfBits                 0
2021-04-16 08:21:00.179574 CEST | TotalAverageReturn        88.818
2021-04-16 08:21:00.179704 CEST | -----------------------  ----------
2021-04-16 08:21:00.357049 CEST | [test_partrates_diffparams_notquant_2021_04_16_08_18_09_0004] itr #27 | fitting baseline...
