2021-04-14 18:43:10.222083 CEST | [test_transfer_diffparams_notquant_2021_04_14_18_43_06_0001] Populating workers...
2021-04-14 18:43:10.222356 CEST | [test_transfer_diffparams_notquant_2021_04_14_18_43_06_0001] Populated
2021-04-14 18:43:10.222500 CEST | [test_transfer_diffparams_notquant_2021_04_14_18_43_06_0001] Populating workers...
2021-04-14 18:43:10.222633 CEST | [test_transfer_diffparams_notquant_2021_04_14_18_43_06_0001] Populated
2021-04-14 18:43:10.222753 CEST | [test_transfer_diffparams_notquant_2021_04_14_18_43_06_0001] Populating workers...
2021-04-14 18:43:10.222854 CEST | [test_transfer_diffparams_notquant_2021_04_14_18_43_06_0001] Populated
2021-04-14 18:43:10.222957 CEST | [test_transfer_diffparams_notquant_2021_04_14_18_43_06_0001] Populating workers...
2021-04-14 18:43:10.223055 CEST | [test_transfer_diffparams_notquant_2021_04_14_18_43_06_0001] Populated
2021-04-14 18:43:10.223155 CEST | [test_transfer_diffparams_notquant_2021_04_14_18_43_06_0001] Populating workers...
2021-04-14 18:43:10.223252 CEST | [test_transfer_diffparams_notquant_2021_04_14_18_43_06_0001] Populated
2021-04-14 18:43:10.223350 CEST | [test_transfer_diffparams_notquant_2021_04_14_18_43_06_0001] Populating workers...
2021-04-14 18:43:10.223448 CEST | [test_transfer_diffparams_notquant_2021_04_14_18_43_06_0001] Populated
2021-04-14 18:43:10.223547 CEST | [test_transfer_diffparams_notquant_2021_04_14_18_43_06_0001] Populating workers...
2021-04-14 18:43:10.223646 CEST | [test_transfer_diffparams_notquant_2021_04_14_18_43_06_0001] Populated
2021-04-14 18:43:10.223744 CEST | [test_transfer_diffparams_notquant_2021_04_14_18_43_06_0001] Populating workers...
2021-04-14 18:43:10.223840 CEST | [test_transfer_diffparams_notquant_2021_04_14_18_43_06_0001] Populated
2021-04-14 18:43:10.223938 CEST | [test_transfer_diffparams_notquant_2021_04_14_18_43_06_0001] Populating workers...
2021-04-14 18:43:10.224128 CEST | [test_transfer_diffparams_notquant_2021_04_14_18_43_06_0001] Populated
2021-04-14 18:43:10.224264 CEST | [test_transfer_diffparams_notquant_2021_04_14_18_43_06_0001] Populating workers...
2021-04-14 18:43:10.224394 CEST | [test_transfer_diffparams_notquant_2021_04_14_18_43_06_0001] Populated
2021-04-14 18:43:14.595246 CEST | [test_transfer_diffparams_notquant_2021_04_14_18_43_06_0001] itr #0 | fitting baseline...
2021-04-14 18:43:14.617195 CEST | [test_transfer_diffparams_notquant_2021_04_14_18_43_06_0001] itr #0 | fitted
2021-04-14 18:43:14.629222 CEST | [test_transfer_diffparams_notquant_2021_04_14_18_43_06_0001] itr #0 | fitting baseline...
2021-04-14 18:43:14.631312 CEST | [test_transfer_diffparams_notquant_2021_04_14_18_43_06_0001] itr #0 | fitted
2021-04-14 18:43:14.634813 CEST | [test_transfer_diffparams_notquant_2021_04_14_18_43_06_0001] itr #0 | fitting baseline...
2021-04-14 18:43:14.636160 CEST | [test_transfer_diffparams_notquant_2021_04_14_18_43_06_0001] itr #0 | fitted
2021-04-14 18:43:14.639675 CEST | [test_transfer_diffparams_notquant_2021_04_14_18_43_06_0001] itr #0 | fitting baseline...
2021-04-14 18:43:14.641094 CEST | [test_transfer_diffparams_notquant_2021_04_14_18_43_06_0001] itr #0 | fitted
2021-04-14 18:43:14.644872 CEST | [test_transfer_diffparams_notquant_2021_04_14_18_43_06_0001] itr #0 | fitting baseline...
2021-04-14 18:43:14.646345 CEST | [test_transfer_diffparams_notquant_2021_04_14_18_43_06_0001] itr #0 | fitted
2021-04-14 18:43:14.649566 CEST | [test_transfer_diffparams_notquant_2021_04_14_18_43_06_0001] itr #0 | fitting baseline...
2021-04-14 18:43:14.650857 CEST | [test_transfer_diffparams_notquant_2021_04_14_18_43_06_0001] itr #0 | fitted
2021-04-14 18:43:14.654759 CEST | [test_transfer_diffparams_notquant_2021_04_14_18_43_06_0001] itr #0 | fitting baseline...
2021-04-14 18:43:14.656476 CEST | [test_transfer_diffparams_notquant_2021_04_14_18_43_06_0001] itr #0 | fitted
2021-04-14 18:43:14.660268 CEST | [test_transfer_diffparams_notquant_2021_04_14_18_43_06_0001] itr #0 | fitting baseline...
2021-04-14 18:43:14.661692 CEST | [test_transfer_diffparams_notquant_2021_04_14_18_43_06_0001] itr #0 | fitted
2021-04-14 18:43:14.664975 CEST | [test_transfer_diffparams_notquant_2021_04_14_18_43_06_0001] itr #0 | fitting baseline...
2021-04-14 18:43:14.666273 CEST | [test_transfer_diffparams_notquant_2021_04_14_18_43_06_0001] itr #0 | fitted
2021-04-14 18:43:14.670186 CEST | [test_transfer_diffparams_notquant_2021_04_14_18_43_06_0001] itr #0 | fitting baseline...
2021-04-14 18:43:14.671730 CEST | [test_transfer_diffparams_notquant_2021_04_14_18_43_06_0001] itr #0 | fitted
2021-04-14 18:43:19.468913 CEST | [test_transfer_diffparams_notquant_2021_04_14_18_43_06_0001] itr #1 | fitting baseline...
2021-04-14 18:43:19.470149 CEST | [test_transfer_diffparams_notquant_2021_04_14_18_43_06_0001] itr #1 | fitted
2021-04-14 18:43:19.472969 CEST | [test_transfer_diffparams_notquant_2021_04_14_18_43_06_0001] itr #1 | fitting baseline...
2021-04-14 18:43:19.474551 CEST | [test_transfer_diffparams_notquant_2021_04_14_18_43_06_0001] itr #1 | fitted
2021-04-14 18:43:19.477734 CEST | [test_transfer_diffparams_notquant_2021_04_14_18_43_06_0001] itr #1 | fitting baseline...
2021-04-14 18:43:19.478981 CEST | [test_transfer_diffparams_notquant_2021_04_14_18_43_06_0001] itr #1 | fitted
2021-04-14 18:43:19.482499 CEST | [test_transfer_diffparams_notquant_2021_04_14_18_43_06_0001] itr #1 | fitting baseline...
2021-04-14 18:43:19.483835 CEST | [test_transfer_diffparams_notquant_2021_04_14_18_43_06_0001] itr #1 | fitted
2021-04-14 18:43:19.486994 CEST | [test_transfer_diffparams_notquant_2021_04_14_18_43_06_0001] itr #1 | fitting baseline...
2021-04-14 18:43:19.488448 CEST | [test_transfer_diffparams_notquant_2021_04_14_18_43_06_0001] itr #1 | fitted
2021-04-14 18:43:19.491285 CEST | [test_transfer_diffparams_notquant_2021_04_14_18_43_06_0001] itr #1 | fitting baseline...
2021-04-14 18:43:19.492441 CEST | [test_transfer_diffparams_notquant_2021_04_14_18_43_06_0001] itr #1 | fitted
2021-04-14 18:43:19.495109 CEST | [test_transfer_diffparams_notquant_2021_04_14_18_43_06_0001] itr #1 | fitting baseline...
2021-04-14 18:43:19.496190 CEST | [test_transfer_diffparams_notquant_2021_04_14_18_43_06_0001] itr #1 | fitted
2021-04-14 18:43:19.498480 CEST | [test_transfer_diffparams_notquant_2021_04_14_18_43_06_0001] itr #1 | fitting baseline...
2021-04-14 18:43:19.499494 CEST | [test_transfer_diffparams_notquant_2021_04_14_18_43_06_0001] itr #1 | fitted
2021-04-14 18:43:19.502692 CEST | [test_transfer_diffparams_notquant_2021_04_14_18_43_06_0001] itr #1 | fitting baseline...
2021-04-14 18:43:19.503952 CEST | [test_transfer_diffparams_notquant_2021_04_14_18_43_06_0001] itr #1 | fitted
2021-04-14 18:43:19.507544 CEST | [test_transfer_diffparams_notquant_2021_04_14_18_43_06_0001] itr #1 | fitting baseline...
2021-04-14 18:43:19.508948 CEST | [test_transfer_diffparams_notquant_2021_04_14_18_43_06_0001] itr #1 | fitted
2021-04-14 18:43:20.905287 CEST | [test_transfer_diffparams_notquant_2021_04_14_18_43_06_0001] itr #2 | fitting baseline...
2021-04-14 18:43:20.906356 CEST | [test_transfer_diffparams_notquant_2021_04_14_18_43_06_0001] itr #2 | fitted
2021-04-14 18:43:20.908751 CEST | [test_transfer_diffparams_notquant_2021_04_14_18_43_06_0001] itr #2 | fitting baseline...
2021-04-14 18:43:20.909713 CEST | [test_transfer_diffparams_notquant_2021_04_14_18_43_06_0001] itr #2 | fitted
2021-04-14 18:43:20.911986 CEST | [test_transfer_diffparams_notquant_2021_04_14_18_43_06_0001] itr #2 | fitting baseline...
2021-04-14 18:43:20.912948 CEST | [test_transfer_diffparams_notquant_2021_04_14_18_43_06_0001] itr #2 | fitted
2021-04-14 18:43:20.915360 CEST | [test_transfer_diffparams_notquant_2021_04_14_18_43_06_0001] itr #2 | fitting baseline...
2021-04-14 18:43:20.916395 CEST | [test_transfer_diffparams_notquant_2021_04_14_18_43_06_0001] itr #2 | fitted
2021-04-14 18:43:20.918357 CEST | [test_transfer_diffparams_notquant_2021_04_14_18_43_06_0001] itr #2 | fitting baseline...
2021-04-14 18:43:20.919158 CEST | [test_transfer_diffparams_notquant_2021_04_14_18_43_06_0001] itr #2 | fitted
2021-04-14 18:43:20.921512 CEST | [test_transfer_diffparams_notquant_2021_04_14_18_43_06_0001] itr #2 | fitting baseline...
2021-04-14 18:43:20.922491 CEST | [test_transfer_diffparams_notquant_2021_04_14_18_43_06_0001] itr #2 | fitted
2021-04-14 18:43:20.924482 CEST | [test_transfer_diffparams_notquant_2021_04_14_18_43_06_0001] itr #2 | fitting baseline...
2021-04-14 18:43:20.925302 CEST | [test_transfer_diffparams_notquant_2021_04_14_18_43_06_0001] itr #2 | fitted
2021-04-14 18:43:20.927166 CEST | [test_transfer_diffparams_notquant_2021_04_14_18_43_06_0001] itr #2 | fitting baseline...
2021-04-14 18:43:20.927935 CEST | [test_transfer_diffparams_notquant_2021_04_14_18_43_06_0001] itr #2 | fitted
2021-04-14 18:43:20.930182 CEST | [test_transfer_diffparams_notquant_2021_04_14_18_43_06_0001] itr #2 | fitting baseline...
2021-04-14 18:43:20.931138 CEST | [test_transfer_diffparams_notquant_2021_04_14_18_43_06_0001] itr #2 | fitted
2021-04-14 18:43:20.933193 CEST | [test_transfer_diffparams_notquant_2021_04_14_18_43_06_0001] itr #2 | fitting baseline...
2021-04-14 18:43:20.934100 CEST | [test_transfer_diffparams_notquant_2021_04_14_18_43_06_0001] itr #2 | fitted
2021-04-14 18:43:22.400088 CEST | [test_transfer_diffparams_notquant_2021_04_14_18_43_06_0001] itr #3 | fitting baseline...
2021-04-14 18:43:22.401241 CEST | [test_transfer_diffparams_notquant_2021_04_14_18_43_06_0001] itr #3 | fitted
2021-04-14 18:43:22.403506 CEST | [test_transfer_diffparams_notquant_2021_04_14_18_43_06_0001] itr #3 | fitting baseline...
2021-04-14 18:43:22.404421 CEST | [test_transfer_diffparams_notquant_2021_04_14_18_43_06_0001] itr #3 | fitted
2021-04-14 18:43:22.406538 CEST | [test_transfer_diffparams_notquant_2021_04_14_18_43_06_0001] itr #3 | fitting baseline...
2021-04-14 18:43:22.407406 CEST | [test_transfer_diffparams_notquant_2021_04_14_18_43_06_0001] itr #3 | fitted
2021-04-14 18:43:22.409860 CEST | [test_transfer_diffparams_notquant_2021_04_14_18_43_06_0001] itr #3 | fitting baseline...
2021-04-14 18:43:22.410836 CEST | [test_transfer_diffparams_notquant_2021_04_14_18_43_06_0001] itr #3 | fitted
2021-04-14 18:43:22.412839 CEST | [test_transfer_diffparams_notquant_2021_04_14_18_43_06_0001] itr #3 | fitting baseline...
2021-04-14 18:43:22.413704 CEST | [test_transfer_diffparams_notquant_2021_04_14_18_43_06_0001] itr #3 | fitted
2021-04-14 18:43:22.416066 CEST | [test_transfer_diffparams_notquant_2021_04_14_18_43_06_0001] itr #3 | fitting baseline...
2021-04-14 18:43:22.417231 CEST | [test_transfer_diffparams_notquant_2021_04_14_18_43_06_0001] itr #3 | fitted
2021-04-14 18:43:22.419620 CEST | [test_transfer_diffparams_notquant_2021_04_14_18_43_06_0001] itr #3 | fitting baseline...
2021-04-14 18:43:22.420759 CEST | [test_transfer_diffparams_notquant_2021_04_14_18_43_06_0001] itr #3 | fitted
2021-04-14 18:43:22.423070 CEST | [test_transfer_diffparams_notquant_2021_04_14_18_43_06_0001] itr #3 | fitting baseline...
2021-04-14 18:43:22.423986 CEST | [test_transfer_diffparams_notquant_2021_04_14_18_43_06_0001] itr #3 | fitted
2021-04-14 18:43:22.426147 CEST | [test_transfer_diffparams_notquant_2021_04_14_18_43_06_0001] itr #3 | fitting baseline...
2021-04-14 18:43:22.427086 CEST | [test_transfer_diffparams_notquant_2021_04_14_18_43_06_0001] itr #3 | fitted
2021-04-14 18:43:22.429441 CEST | [test_transfer_diffparams_notquant_2021_04_14_18_43_06_0001] itr #3 | fitting baseline...
2021-04-14 18:43:22.430528 CEST | [test_transfer_diffparams_notquant_2021_04_14_18_43_06_0001] itr #3 | fitted
2021-04-14 18:43:23.824804 CEST | [test_transfer_diffparams_notquant_2021_04_14_18_43_06_0001] itr #4 | fitting baseline...
2021-04-14 18:43:23.825615 CEST | [test_transfer_diffparams_notquant_2021_04_14_18_43_06_0001] itr #4 | fitted
2021-04-14 18:43:23.827310 CEST | [test_transfer_diffparams_notquant_2021_04_14_18_43_06_0001] itr #4 | fitting baseline...
2021-04-14 18:43:23.828074 CEST | [test_transfer_diffparams_notquant_2021_04_14_18_43_06_0001] itr #4 | fitted
2021-04-14 18:43:23.830111 CEST | [test_transfer_diffparams_notquant_2021_04_14_18_43_06_0001] itr #4 | fitting baseline...
2021-04-14 18:43:23.831011 CEST | [test_transfer_diffparams_notquant_2021_04_14_18_43_06_0001] itr #4 | fitted
2021-04-14 18:43:23.833114 CEST | [test_transfer_diffparams_notquant_2021_04_14_18_43_06_0001] itr #4 | fitting baseline...
2021-04-14 18:43:23.834073 CEST | [test_transfer_diffparams_notquant_2021_04_14_18_43_06_0001] itr #4 | fitted
2021-04-14 18:43:23.836260 CEST | [test_transfer_diffparams_notquant_2021_04_14_18_43_06_0001] itr #4 | fitting baseline...
2021-04-14 18:43:23.837202 CEST | [test_transfer_diffparams_notquant_2021_04_14_18_43_06_0001] itr #4 | fitted
2021-04-14 18:43:23.839088 CEST | [test_transfer_diffparams_notquant_2021_04_14_18_43_06_0001] itr #4 | fitting baseline...
2021-04-14 18:43:23.839849 CEST | [test_transfer_diffparams_notquant_2021_04_14_18_43_06_0001] itr #4 | fitted
2021-04-14 18:43:23.841513 CEST | [test_transfer_diffparams_notquant_2021_04_14_18_43_06_0001] itr #4 | fitting baseline...
2021-04-14 18:43:23.842227 CEST | [test_transfer_diffparams_notquant_2021_04_14_18_43_06_0001] itr #4 | fitted
2021-04-14 18:43:23.843875 CEST | [test_transfer_diffparams_notquant_2021_04_14_18_43_06_0001] itr #4 | fitting baseline...
2021-04-14 18:43:23.844755 CEST | [test_transfer_diffparams_notquant_2021_04_14_18_43_06_0001] itr #4 | fitted
2021-04-14 18:43:23.846847 CEST | [test_transfer_diffparams_notquant_2021_04_14_18_43_06_0001] itr #4 | fitting baseline...
2021-04-14 18:43:23.847759 CEST | [test_transfer_diffparams_notquant_2021_04_14_18_43_06_0001] itr #4 | fitted
2021-04-14 18:43:23.849936 CEST | [test_transfer_diffparams_notquant_2021_04_14_18_43_06_0001] itr #4 | fitting baseline...
2021-04-14 18:43:23.850816 CEST | [test_transfer_diffparams_notquant_2021_04_14_18_43_06_0001] itr #4 | fitted
2021-04-14 18:43:25.286562 CEST | [test_transfer_diffparams_notquant_2021_04_14_18_43_06_0001] itr #5 | fitting baseline...
2021-04-14 18:43:25.287322 CEST | [test_transfer_diffparams_notquant_2021_04_14_18_43_06_0001] itr #5 | fitted
2021-04-14 18:43:25.288929 CEST | [test_transfer_diffparams_notquant_2021_04_14_18_43_06_0001] itr #5 | fitting baseline...
2021-04-14 18:43:25.289614 CEST | [test_transfer_diffparams_notquant_2021_04_14_18_43_06_0001] itr #5 | fitted
2021-04-14 18:43:25.291298 CEST | [test_transfer_diffparams_notquant_2021_04_14_18_43_06_0001] itr #5 | fitting baseline...
2021-04-14 18:43:25.292001 CEST | [test_transfer_diffparams_notquant_2021_04_14_18_43_06_0001] itr #5 | fitted
2021-04-14 18:43:25.293607 CEST | [test_transfer_diffparams_notquant_2021_04_14_18_43_06_0001] itr #5 | fitting baseline...
2021-04-14 18:43:25.294319 CEST | [test_transfer_diffparams_notquant_2021_04_14_18_43_06_0001] itr #5 | fitted
2021-04-14 18:43:25.295783 CEST | [test_transfer_diffparams_notquant_2021_04_14_18_43_06_0001] itr #5 | fitting baseline...
2021-04-14 18:43:25.296462 CEST | [test_transfer_diffparams_notquant_2021_04_14_18_43_06_0001] itr #5 | fitted
2021-04-14 18:43:25.298428 CEST | [test_transfer_diffparams_notquant_2021_04_14_18_43_06_0001] itr #5 | fitting baseline...
2021-04-14 18:43:25.299221 CEST | [test_transfer_diffparams_notquant_2021_04_14_18_43_06_0001] itr #5 | fitted
2021-04-14 18:43:25.301083 CEST | [test_transfer_diffparams_notquant_2021_04_14_18_43_06_0001] itr #5 | fitting baseline...
2021-04-14 18:43:25.301843 CEST | [test_transfer_diffparams_notquant_2021_04_14_18_43_06_0001] itr #5 | fitted
2021-04-14 18:43:25.303607 CEST | [test_transfer_diffparams_notquant_2021_04_14_18_43_06_0001] itr #5 | fitting baseline...
2021-04-14 18:43:25.304401 CEST | [test_transfer_diffparams_notquant_2021_04_14_18_43_06_0001] itr #5 | fitted
2021-04-14 18:43:25.305895 CEST | [test_transfer_diffparams_notquant_2021_04_14_18_43_06_0001] itr #5 | fitting baseline...
2021-04-14 18:43:25.306533 CEST | [test_transfer_diffparams_notquant_2021_04_14_18_43_06_0001] itr #5 | fitted
2021-04-14 18:43:25.308368 CEST | [test_transfer_diffparams_notquant_2021_04_14_18_43_06_0001] itr #5 | fitting baseline...
2021-04-14 18:43:25.309127 CEST | [test_transfer_diffparams_notquant_2021_04_14_18_43_06_0001] itr #5 | fitted
2021-04-14 18:43:25.344485 CEST | [test_transfer_diffparams_notquant_2021_04_14_18_43_06_0001] itr #5 | saving snapshot...
2021-04-14 18:43:25.351141 CEST | [test_transfer_diffparams_notquant_2021_04_14_18_43_06_0001] itr #5 | saved
2021-04-14 18:43:25.381873 CEST | -----------------------  ----------------
2021-04-14 18:43:25.382106 CEST | Iteration                     0
2021-04-14 18:43:25.382243 CEST | AverageDiscountedReturn      55.8584
2021-04-14 18:43:25.382374 CEST | AverageReturn                58.2717
2021-04-14 18:43:25.382501 CEST | ExplainedVariance             4.68892e-12
2021-04-14 18:43:25.382629 CEST | NumTrajs                     59
2021-04-14 18:43:25.382755 CEST | Entropy                       1.41894
2021-04-14 18:43:25.382891 CEST | Perplexity                    4.13273
2021-04-14 18:43:25.383027 CEST | StdReturn                    47.293
2021-04-14 18:43:25.383151 CEST | MaxReturn                   299.893
2021-04-14 18:43:25.383288 CEST | MinReturn                     9.98214
2021-04-14 18:43:25.383414 CEST | Iteration                     0
2021-04-14 18:43:25.383555 CEST | AverageDiscountedReturn      50.3331
2021-04-14 18:43:25.383688 CEST | AverageReturn                52.465
2021-04-14 18:43:25.383823 CEST | ExplainedVariance            -1.91979
2021-04-14 18:43:25.383959 CEST | NumTrajs                     64
2021-04-14 18:43:25.384093 CEST | Entropy                       1.41894
2021-04-14 18:43:25.384244 CEST | Perplexity                    4.13273
2021-04-14 18:43:25.384371 CEST | StdReturn                    47.0477
2021-04-14 18:43:25.384497 CEST | MaxReturn                   259.804
2021-04-14 18:43:25.384620 CEST | MinReturn                     0
2021-04-14 18:43:25.384745 CEST | Iteration                     0
2021-04-14 18:43:25.384871 CEST | AverageDiscountedReturn      56.8965
2021-04-14 18:43:25.385006 CEST | AverageReturn                59.27
2021-04-14 18:43:25.385130 CEST | ExplainedVariance            -0.171665
2021-04-14 18:43:25.385269 CEST | NumTrajs                     58
2021-04-14 18:43:25.385405 CEST | Entropy                       1.41894
2021-04-14 18:43:25.385540 CEST | Perplexity                    4.13273
2021-04-14 18:43:25.385665 CEST | StdReturn                    44.7269
2021-04-14 18:43:25.385789 CEST | MaxReturn                   239.859
2021-04-14 18:43:25.385914 CEST | MinReturn                     0
2021-04-14 18:43:25.386039 CEST | Iteration                     0
2021-04-14 18:43:25.386164 CEST | AverageDiscountedReturn      58.1638
2021-04-14 18:43:25.386286 CEST | AverageReturn                60.6649
2021-04-14 18:43:25.386421 CEST | ExplainedVariance             0.0940486
2021-04-14 18:43:25.386558 CEST | NumTrajs                     57
2021-04-14 18:43:25.386695 CEST | Entropy                       1.41894
2021-04-14 18:43:25.386829 CEST | Perplexity                    4.13273
2021-04-14 18:43:25.386964 CEST | StdReturn                    45.9758
2021-04-14 18:43:25.387100 CEST | MaxReturn                   209.927
2021-04-14 18:43:25.387236 CEST | MinReturn                     9.97923
2021-04-14 18:43:25.387372 CEST | Iteration                     0
2021-04-14 18:43:25.387506 CEST | AverageDiscountedReturn      51.3819
2021-04-14 18:43:25.387642 CEST | AverageReturn                53.2437
2021-04-14 18:43:25.387777 CEST | ExplainedVariance             0.10414
2021-04-14 18:43:25.387913 CEST | NumTrajs                     64
2021-04-14 18:43:25.388048 CEST | Entropy                       1.41894
2021-04-14 18:43:25.388183 CEST | Perplexity                    4.13273
2021-04-14 18:43:25.388353 CEST | StdReturn                    39.306
2021-04-14 18:43:25.388488 CEST | MaxReturn                   229.759
2021-04-14 18:43:25.388624 CEST | MinReturn                     0
2021-04-14 18:43:25.388759 CEST | Iteration                     0
2021-04-14 18:43:25.388894 CEST | AverageDiscountedReturn      66.1101
2021-04-14 18:43:25.389030 CEST | AverageReturn                69.7694
2021-04-14 18:43:25.389164 CEST | ExplainedVariance            -0.0426887
2021-04-14 18:43:25.389298 CEST | NumTrajs                     53
2021-04-14 18:43:25.389432 CEST | Entropy                       1.41894
2021-04-14 18:43:25.389580 CEST | Perplexity                    4.13273
2021-04-14 18:43:25.389716 CEST | StdReturn                    59.1942
2021-04-14 18:43:25.389851 CEST | MaxReturn                   259.839
2021-04-14 18:43:25.389987 CEST | MinReturn                     0
2021-04-14 18:43:25.390122 CEST | Iteration                     0
2021-04-14 18:43:25.390257 CEST | AverageDiscountedReturn      56.3737
2021-04-14 18:43:25.390391 CEST | AverageReturn                58.7741
2021-04-14 18:43:25.390528 CEST | ExplainedVariance             0.153884
2021-04-14 18:43:25.390664 CEST | NumTrajs                     59
2021-04-14 18:43:25.390799 CEST | Entropy                       1.41894
2021-04-14 18:43:25.390933 CEST | Perplexity                    4.13273
2021-04-14 18:43:25.391068 CEST | StdReturn                    45.82
2021-04-14 18:43:25.391203 CEST | MaxReturn                   179.842
2021-04-14 18:43:25.391339 CEST | MinReturn                     0
2021-04-14 18:43:25.391474 CEST | Iteration                     0
2021-04-14 18:43:25.391610 CEST | AverageDiscountedReturn      58.1887
2021-04-14 18:43:25.391748 CEST | AverageReturn                60.3096
2021-04-14 18:43:25.391882 CEST | ExplainedVariance             0.249124
2021-04-14 18:43:25.392015 CEST | NumTrajs                     57
2021-04-14 18:43:25.392149 CEST | Entropy                       1.41894
2021-04-14 18:43:25.392318 CEST | Perplexity                    4.13273
2021-04-14 18:43:25.392443 CEST | StdReturn                    36.3036
2021-04-14 18:43:25.392569 CEST | MaxReturn                   149.938
2021-04-14 18:43:25.392693 CEST | MinReturn                     0
2021-04-14 18:43:25.392819 CEST | Iteration                     0
2021-04-14 18:43:25.392957 CEST | AverageDiscountedReturn      62.6699
2021-04-14 18:43:25.393141 CEST | AverageReturn                65.3253
2021-04-14 18:43:25.393307 CEST | ExplainedVariance             0.190581
2021-04-14 18:43:25.393463 CEST | NumTrajs                     54
2021-04-14 18:43:25.393619 CEST | Entropy                       1.41894
2021-04-14 18:43:25.393779 CEST | Perplexity                    4.13273
2021-04-14 18:43:25.393929 CEST | StdReturn                    43.3789
2021-04-14 18:43:25.394083 CEST | MaxReturn                   219.847
2021-04-14 18:43:25.394249 CEST | MinReturn                     0
2021-04-14 18:43:25.394407 CEST | Iteration                     0
2021-04-14 18:43:25.394567 CEST | AverageDiscountedReturn      49.021
2021-04-14 18:43:25.394725 CEST | AverageReturn                50.725
2021-04-14 18:43:25.394881 CEST | ExplainedVariance             0.198671
2021-04-14 18:43:25.395039 CEST | NumTrajs                     66
2021-04-14 18:43:25.395194 CEST | Entropy                       1.41894
2021-04-14 18:43:25.395347 CEST | Perplexity                    4.13273
2021-04-14 18:43:25.395506 CEST | StdReturn                    38.0173
2021-04-14 18:43:25.395661 CEST | MaxReturn                   179.956
2021-04-14 18:43:25.395815 CEST | MinReturn                     0
2021-04-14 18:43:25.395974 CEST | AveragePolicyStd              1
2021-04-14 18:43:25.396134 CEST | AveragePolicyStd              1
2021-04-14 18:43:25.396306 CEST | AveragePolicyStd              1
2021-04-14 18:43:25.396458 CEST | AveragePolicyStd              1
2021-04-14 18:43:25.396615 CEST | AveragePolicyStd              1
2021-04-14 18:43:25.396767 CEST | AveragePolicyStd              1
2021-04-14 18:43:25.396920 CEST | AveragePolicyStd              1
2021-04-14 18:43:25.397080 CEST | AveragePolicyStd              1
2021-04-14 18:43:25.397235 CEST | AveragePolicyStd              1
2021-04-14 18:43:25.397389 CEST | AveragePolicyStd              1
2021-04-14 18:43:25.397542 CEST | Iteration                     1
2021-04-14 18:43:25.397696 CEST | AverageDiscountedReturn      79.6835
2021-04-14 18:43:25.397855 CEST | AverageReturn                85.419
2021-04-14 18:43:25.398014 CEST | ExplainedVariance             0.0724528
2021-04-14 18:43:25.398176 CEST | NumTrajs                     42
2021-04-14 18:43:25.398331 CEST | Entropy                       1.41762
2021-04-14 18:43:25.398488 CEST | Perplexity                    4.12728
2021-04-14 18:43:25.398646 CEST | StdReturn                    76.2622
2021-04-14 18:43:25.398804 CEST | MaxReturn                   359.886
2021-04-14 18:43:25.398961 CEST | MinReturn                     9.98047
2021-04-14 18:43:25.399115 CEST | Iteration                     1
2021-04-14 18:43:25.399272 CEST | AverageDiscountedReturn      84.8027
2021-04-14 18:43:25.399427 CEST | AverageReturn                89.7012
2021-04-14 18:43:25.399580 CEST | ExplainedVariance             0.0563429
2021-04-14 18:43:25.399732 CEST | NumTrajs                     41
2021-04-14 18:43:25.399886 CEST | Entropy                       1.41762
2021-04-14 18:43:25.400043 CEST | Perplexity                    4.12728
2021-04-14 18:43:25.400198 CEST | StdReturn                    55.4401
2021-04-14 18:43:25.400367 CEST | MaxReturn                   219.868
2021-04-14 18:43:25.400519 CEST | MinReturn                     9.9838
2021-04-14 18:43:25.400670 CEST | Iteration                     1
2021-04-14 18:43:25.400827 CEST | AverageDiscountedReturn      86.6037
2021-04-14 18:43:25.400979 CEST | AverageReturn                92.766
2021-04-14 18:43:25.401135 CEST | ExplainedVariance             0.195958
2021-04-14 18:43:25.401291 CEST | NumTrajs                     39
2021-04-14 18:43:25.401447 CEST | Entropy                       1.41762
2021-04-14 18:43:25.401602 CEST | Perplexity                    4.12728
2021-04-14 18:43:25.401758 CEST | StdReturn                    73.1416
2021-04-14 18:43:25.401911 CEST | MaxReturn                   299.896
2021-04-14 18:43:25.402063 CEST | MinReturn                     0
2021-04-14 18:43:25.402216 CEST | Iteration                     1
2021-04-14 18:43:25.402372 CEST | AverageDiscountedReturn      65.4216
2021-04-14 18:43:25.402528 CEST | AverageReturn                68.9673
2021-04-14 18:43:25.402686 CEST | ExplainedVariance             0.056228
2021-04-14 18:43:25.402843 CEST | NumTrajs                     51
2021-04-14 18:43:25.403002 CEST | Entropy                       1.41762
2021-04-14 18:43:25.403156 CEST | Perplexity                    4.12728
2021-04-14 18:43:25.403318 CEST | StdReturn                    57.9187
2021-04-14 18:43:25.403473 CEST | MaxReturn                   259.895
2021-04-14 18:43:25.403627 CEST | MinReturn                     0
2021-04-14 18:43:25.403784 CEST | Iteration                     1
2021-04-14 18:43:25.403940 CEST | AverageDiscountedReturn      82.8377
2021-04-14 18:43:25.404094 CEST | AverageReturn                89.6998
2021-04-14 18:43:25.404266 CEST | ExplainedVariance             0.0979292
2021-04-14 18:43:25.404415 CEST | NumTrajs                     42
2021-04-14 18:43:25.404573 CEST | Entropy                       1.41762
2021-04-14 18:43:25.404726 CEST | Perplexity                    4.12728
2021-04-14 18:43:25.404886 CEST | StdReturn                    87.9778
2021-04-14 18:43:25.405041 CEST | MaxReturn                   469.881
2021-04-14 18:43:25.405198 CEST | MinReturn                     9.97933
2021-04-14 18:43:25.405357 CEST | Iteration                     1
2021-04-14 18:43:25.405516 CEST | AverageDiscountedReturn      92.2392
2021-04-14 18:43:25.405671 CEST | AverageReturn                98.1023
2021-04-14 18:43:25.405825 CEST | ExplainedVariance             0.162323
2021-04-14 18:43:25.405981 CEST | NumTrajs                     38
2021-04-14 18:43:25.406136 CEST | Entropy                       1.41762
2021-04-14 18:43:25.406294 CEST | Perplexity                    4.12728
2021-04-14 18:43:25.406463 CEST | StdReturn                    60.1017
2021-04-14 18:43:25.406622 CEST | MaxReturn                   199.931
2021-04-14 18:43:25.406782 CEST | MinReturn                     9.98154
2021-04-14 18:43:25.406945 CEST | Iteration                     1
2021-04-14 18:43:25.407116 CEST | AverageDiscountedReturn      96.6441
2021-04-14 18:43:25.407306 CEST | AverageReturn               104.668
2021-04-14 18:43:25.407477 CEST | ExplainedVariance             0.144514
2021-04-14 18:43:25.407639 CEST | NumTrajs                     36
2021-04-14 18:43:25.407794 CEST | Entropy                       1.41762
2021-04-14 18:43:25.407953 CEST | Perplexity                    4.12728
2021-04-14 18:43:25.408121 CEST | StdReturn                    85.2665
2021-04-14 18:43:25.408321 CEST | MaxReturn                   339.879
2021-04-14 18:43:25.408491 CEST | MinReturn                     9.98604
2021-04-14 18:43:25.408709 CEST | Iteration                     1
2021-04-14 18:43:25.408879 CEST | AverageDiscountedReturn     122.048
2021-04-14 18:43:25.409022 CEST | AverageReturn               134.067
2021-04-14 18:43:25.409171 CEST | ExplainedVariance            -2.65235
2021-04-14 18:43:25.409351 CEST | NumTrajs                     29
2021-04-14 18:43:25.409503 CEST | Entropy                       1.41762
2021-04-14 18:43:25.409690 CEST | Perplexity                    4.12728
2021-04-14 18:43:25.409833 CEST | StdReturn                    97.0759
2021-04-14 18:43:25.409987 CEST | MaxReturn                   439.791
2021-04-14 18:43:25.410139 CEST | MinReturn                     9.98067
2021-04-14 18:43:25.410292 CEST | Iteration                     1
2021-04-14 18:43:25.410444 CEST | AverageDiscountedReturn      74.3421
2021-04-14 18:43:25.410595 CEST | AverageReturn                79.2761
2021-04-14 18:43:25.410757 CEST | ExplainedVariance            -0.0782159
2021-04-14 18:43:25.410913 CEST | NumTrajs                     45
2021-04-14 18:43:25.411064 CEST | Entropy                       1.41762
2021-04-14 18:43:25.411216 CEST | Perplexity                    4.12728
2021-04-14 18:43:25.411368 CEST | StdReturn                    70.7818
2021-04-14 18:43:25.411521 CEST | MaxReturn                   379.765
2021-04-14 18:43:25.411674 CEST | MinReturn                     0
2021-04-14 18:43:25.411829 CEST | Iteration                     1
2021-04-14 18:43:25.411979 CEST | AverageDiscountedReturn      85.1256
2021-04-14 18:43:25.412145 CEST | AverageReturn                90.6707
2021-04-14 18:43:25.412322 CEST | ExplainedVariance             0.0210491
2021-04-14 18:43:25.412473 CEST | NumTrajs                     41
2021-04-14 18:43:25.412623 CEST | Entropy                       1.41762
2021-04-14 18:43:25.412776 CEST | Perplexity                    4.12728
2021-04-14 18:43:25.412930 CEST | StdReturn                    66.0289
2021-04-14 18:43:25.413082 CEST | MaxReturn                   279.892
2021-04-14 18:43:25.413244 CEST | MinReturn                     0
2021-04-14 18:43:25.413435 CEST | AveragePolicyStd              0.998681
2021-04-14 18:43:25.413573 CEST | AveragePolicyStd              0.998681
2021-04-14 18:43:25.413710 CEST | AveragePolicyStd              0.998681
2021-04-14 18:43:25.413844 CEST | AveragePolicyStd              0.998681
2021-04-14 18:43:25.413978 CEST | AveragePolicyStd              0.998681
2021-04-14 18:43:25.414110 CEST | AveragePolicyStd              0.998681
2021-04-14 18:43:25.414243 CEST | AveragePolicyStd              0.998681
2021-04-14 18:43:25.414376 CEST | AveragePolicyStd              0.998681
2021-04-14 18:43:25.414508 CEST | AveragePolicyStd              0.998681
2021-04-14 18:43:25.414642 CEST | AveragePolicyStd              0.998681
2021-04-14 18:43:25.414778 CEST | Iteration                     2
2021-04-14 18:43:25.414913 CEST | AverageDiscountedReturn     108.468
2021-04-14 18:43:25.415048 CEST | AverageReturn               117.418
2021-04-14 18:43:25.415181 CEST | ExplainedVariance             0.299708
2021-04-14 18:43:25.415315 CEST | NumTrajs                     32
2021-04-14 18:43:25.415447 CEST | Entropy                       1.41061
2021-04-14 18:43:25.415579 CEST | Perplexity                    4.09844
2021-04-14 18:43:25.415713 CEST | StdReturn                    80.6283
2021-04-14 18:43:25.415846 CEST | MaxReturn                   369.825
2021-04-14 18:43:25.415979 CEST | MinReturn                     9.98187
2021-04-14 18:43:25.416111 CEST | Iteration                     2
2021-04-14 18:43:25.416282 CEST | AverageDiscountedReturn     102.851
2021-04-14 18:43:25.416407 CEST | AverageReturn               111.103
2021-04-14 18:43:25.416528 CEST | ExplainedVariance             0.315033
2021-04-14 18:43:25.416650 CEST | NumTrajs                     34
2021-04-14 18:43:25.416785 CEST | Entropy                       1.41061
2021-04-14 18:43:25.416908 CEST | Perplexity                    4.09844
2021-04-14 18:43:25.417042 CEST | StdReturn                    80.3295
2021-04-14 18:43:25.417175 CEST | MaxReturn                   389.828
2021-04-14 18:43:25.417308 CEST | MinReturn                     0
2021-04-14 18:43:25.417443 CEST | Iteration                     2
2021-04-14 18:43:25.417576 CEST | AverageDiscountedReturn     105.962
2021-04-14 18:43:25.417708 CEST | AverageReturn               114.172
2021-04-14 18:43:25.417842 CEST | ExplainedVariance             0.358695
2021-04-14 18:43:25.417975 CEST | NumTrajs                     33
2021-04-14 18:43:25.418109 CEST | Entropy                       1.41061
2021-04-14 18:43:25.418244 CEST | Perplexity                    4.09844
2021-04-14 18:43:25.418378 CEST | StdReturn                    74.2401
2021-04-14 18:43:25.418510 CEST | MaxReturn                   319.916
2021-04-14 18:43:25.418642 CEST | MinReturn                     0
2021-04-14 18:43:25.418776 CEST | Iteration                     2
2021-04-14 18:43:25.418909 CEST | AverageDiscountedReturn     103.082
2021-04-14 18:43:25.419042 CEST | AverageReturn               112.652
2021-04-14 18:43:25.419175 CEST | ExplainedVariance             0.296483
2021-04-14 18:43:25.419308 CEST | NumTrajs                     33
2021-04-14 18:43:25.419442 CEST | Entropy                       1.41061
2021-04-14 18:43:25.419574 CEST | Perplexity                    4.09844
2021-04-14 18:43:25.419705 CEST | StdReturn                    96.7225
2021-04-14 18:43:25.419838 CEST | MaxReturn                   449.89
2021-04-14 18:43:25.419970 CEST | MinReturn                    19.9674
2021-04-14 18:43:25.420104 CEST | Iteration                     2
2021-04-14 18:43:25.420254 CEST | AverageDiscountedReturn     129.54
2021-04-14 18:43:25.420389 CEST | AverageReturn               144.921
2021-04-14 18:43:25.420545 CEST | ExplainedVariance             0.00260946
2021-04-14 18:43:25.420698 CEST | NumTrajs                     26
2021-04-14 18:43:25.420852 CEST | Entropy                       1.41061
2021-04-14 18:43:25.421006 CEST | Perplexity                    4.09844
2021-04-14 18:43:25.421158 CEST | StdReturn                   120.491
2021-04-14 18:43:25.421310 CEST | MaxReturn                   549.853
2021-04-14 18:43:25.421464 CEST | MinReturn                     9.98288
2021-04-14 18:43:25.421619 CEST | Iteration                     2
2021-04-14 18:43:25.421772 CEST | AverageDiscountedReturn      99.5364
2021-04-14 18:43:25.421930 CEST | AverageReturn               107.584
2021-04-14 18:43:25.422079 CEST | ExplainedVariance             0.296046
2021-04-14 18:43:25.422233 CEST | NumTrajs                     34
2021-04-14 18:43:25.422386 CEST | Entropy                       1.41061
2021-04-14 18:43:25.422543 CEST | Perplexity                    4.09844
2021-04-14 18:43:25.422693 CEST | StdReturn                    81.9841
2021-04-14 18:43:25.422847 CEST | MaxReturn                   389.918
2021-04-14 18:43:25.423005 CEST | MinReturn                     9.98098
2021-04-14 18:43:25.423161 CEST | Iteration                     2
2021-04-14 18:43:25.423318 CEST | AverageDiscountedReturn     130.19
2021-04-14 18:43:25.423470 CEST | AverageReturn               143.99
2021-04-14 18:43:25.423622 CEST | ExplainedVariance             0.243194
2021-04-14 18:43:25.423776 CEST | NumTrajs                     27
2021-04-14 18:43:25.423929 CEST | Entropy                       1.41061
2021-04-14 18:43:25.424080 CEST | Perplexity                    4.09844
2021-04-14 18:43:25.424244 CEST | StdReturn                   103.293
2021-04-14 18:43:25.424390 CEST | MaxReturn                   429.879
2021-04-14 18:43:25.424528 CEST | MinReturn                    19.968
2021-04-14 18:43:25.424692 CEST | Iteration                     2
2021-04-14 18:43:25.424839 CEST | AverageDiscountedReturn     141.101
2021-04-14 18:43:25.424995 CEST | AverageReturn               156.311
2021-04-14 18:43:25.425148 CEST | ExplainedVariance             0.224266
2021-04-14 18:43:25.425302 CEST | NumTrajs                     25
2021-04-14 18:43:25.425456 CEST | Entropy                       1.41061
2021-04-14 18:43:25.425610 CEST | Perplexity                    4.09844
2021-04-14 18:43:25.425766 CEST | StdReturn                   101.085
2021-04-14 18:43:25.425922 CEST | MaxReturn                   449.906
2021-04-14 18:43:25.426076 CEST | MinReturn                     9.98577
2021-04-14 18:43:25.426228 CEST | Iteration                     2
2021-04-14 18:43:25.426448 CEST | AverageDiscountedReturn     105.42
2021-04-14 18:43:25.426626 CEST | AverageReturn               115.85
2021-04-14 18:43:25.426779 CEST | ExplainedVariance             0.265636
2021-04-14 18:43:25.426935 CEST | NumTrajs                     32
2021-04-14 18:43:25.427091 CEST | Entropy                       1.41061
2021-04-14 18:43:25.427247 CEST | Perplexity                    4.09844
2021-04-14 18:43:25.427396 CEST | StdReturn                   102.786
2021-04-14 18:43:25.427554 CEST | MaxReturn                   499.815
2021-04-14 18:43:25.427710 CEST | MinReturn                     9.98223
2021-04-14 18:43:25.427863 CEST | Iteration                     2
2021-04-14 18:43:25.428015 CEST | AverageDiscountedReturn     122.329
2021-04-14 18:43:25.428179 CEST | AverageReturn               134.904
2021-04-14 18:43:25.428380 CEST | ExplainedVariance            -0.0727825
2021-04-14 18:43:25.428496 CEST | NumTrajs                     28
2021-04-14 18:43:25.428609 CEST | Entropy                       1.41061
2021-04-14 18:43:25.428723 CEST | Perplexity                    4.09844
2021-04-14 18:43:25.428837 CEST | StdReturn                   104.942
2021-04-14 18:43:25.428951 CEST | MaxReturn                   569.841
2021-04-14 18:43:25.429065 CEST | MinReturn                     9.98037
2021-04-14 18:43:25.429179 CEST | AveragePolicyStd              0.991703
2021-04-14 18:43:25.429293 CEST | AveragePolicyStd              0.991703
2021-04-14 18:43:25.429406 CEST | AveragePolicyStd              0.991703
2021-04-14 18:43:25.429519 CEST | AveragePolicyStd              0.991703
2021-04-14 18:43:25.429632 CEST | AveragePolicyStd              0.991703
2021-04-14 18:43:25.429747 CEST | AveragePolicyStd              0.991703
2021-04-14 18:43:25.429860 CEST | AveragePolicyStd              0.991703
2021-04-14 18:43:25.429972 CEST | AveragePolicyStd              0.991703
2021-04-14 18:43:25.430087 CEST | AveragePolicyStd              0.991703
2021-04-14 18:43:25.430202 CEST | AveragePolicyStd              0.991703
2021-04-14 18:43:25.430317 CEST | Iteration                     3
2021-04-14 18:43:25.430431 CEST | AverageDiscountedReturn     136.037
2021-04-14 18:43:25.430543 CEST | AverageReturn               151.052
