2021-04-16 10:35:23.975348 CEST | [test_discounts_2021_04_16_10_06_18_0025] Populating workers...
2021-04-16 10:35:23.975623 CEST | [test_discounts_2021_04_16_10_06_18_0025] Populated
2021-04-16 10:35:23.975748 CEST | [test_discounts_2021_04_16_10_06_18_0025] Populating workers...
2021-04-16 10:35:23.975867 CEST | [test_discounts_2021_04_16_10_06_18_0025] Populated
2021-04-16 10:35:23.975982 CEST | [test_discounts_2021_04_16_10_06_18_0025] Populating workers...
2021-04-16 10:35:23.976144 CEST | [test_discounts_2021_04_16_10_06_18_0025] Populated
2021-04-16 10:35:23.976288 CEST | [test_discounts_2021_04_16_10_06_18_0025] Populating workers...
2021-04-16 10:35:23.976394 CEST | [test_discounts_2021_04_16_10_06_18_0025] Populated
2021-04-16 10:35:23.976498 CEST | [test_discounts_2021_04_16_10_06_18_0025] Populating workers...
2021-04-16 10:35:23.976601 CEST | [test_discounts_2021_04_16_10_06_18_0025] Populated
2021-04-16 10:35:26.406902 CEST | [test_discounts_2021_04_16_10_06_18_0025] itr #0 | fitting baseline...
2021-04-16 10:35:26.433231 CEST | [test_discounts_2021_04_16_10_06_18_0025] itr #0 | fitted
2021-04-16 10:35:26.445400 CEST | [test_discounts_2021_04_16_10_06_18_0025] itr #0 | fitting baseline...
2021-04-16 10:35:26.449960 CEST | [test_discounts_2021_04_16_10_06_18_0025] itr #0 | fitted
2021-04-16 10:35:26.461162 CEST | [test_discounts_2021_04_16_10_06_18_0025] itr #0 | fitting baseline...
2021-04-16 10:35:26.464975 CEST | [test_discounts_2021_04_16_10_06_18_0025] itr #0 | fitted
2021-04-16 10:35:26.469062 CEST | [test_discounts_2021_04_16_10_06_18_0025] itr #0 | fitting baseline...
2021-04-16 10:35:26.470601 CEST | [test_discounts_2021_04_16_10_06_18_0025] itr #0 | fitted
2021-04-16 10:35:26.474766 CEST | [test_discounts_2021_04_16_10_06_18_0025] itr #0 | fitting baseline...
2021-04-16 10:35:26.476466 CEST | [test_discounts_2021_04_16_10_06_18_0025] itr #0 | fitted
2021-04-16 10:35:30.740187 CEST | [test_discounts_2021_04_16_10_06_18_0025] itr #1 | fitting baseline...
2021-04-16 10:35:30.741713 CEST | [test_discounts_2021_04_16_10_06_18_0025] itr #1 | fitted
2021-04-16 10:35:30.745124 CEST | [test_discounts_2021_04_16_10_06_18_0025] itr #1 | fitting baseline...
2021-04-16 10:35:30.746432 CEST | [test_discounts_2021_04_16_10_06_18_0025] itr #1 | fitted
2021-04-16 10:35:30.749367 CEST | [test_discounts_2021_04_16_10_06_18_0025] itr #1 | fitting baseline...
2021-04-16 10:35:30.750583 CEST | [test_discounts_2021_04_16_10_06_18_0025] itr #1 | fitted
2021-04-16 10:35:30.753988 CEST | [test_discounts_2021_04_16_10_06_18_0025] itr #1 | fitting baseline...
2021-04-16 10:35:30.755410 CEST | [test_discounts_2021_04_16_10_06_18_0025] itr #1 | fitted
2021-04-16 10:35:30.758752 CEST | [test_discounts_2021_04_16_10_06_18_0025] itr #1 | fitting baseline...
2021-04-16 10:35:30.760130 CEST | [test_discounts_2021_04_16_10_06_18_0025] itr #1 | fitted
2021-04-16 10:35:30.777330 CEST | [test_discounts_2021_04_16_10_06_18_0025] itr #1 | saving snapshot...
2021-04-16 10:35:30.782026 CEST | [test_discounts_2021_04_16_10_06_18_0025] itr #1 | saved
2021-04-16 10:35:30.786176 CEST | -----------------------  ---------------
2021-04-16 10:35:30.786338 CEST | Iteration                    0
2021-04-16 10:35:30.786469 CEST | AverageDiscountedReturn     52.5586
2021-04-16 10:35:30.786597 CEST | AverageReturn               54.5667
2021-04-16 10:35:30.786724 CEST | ExplainedVariance            7.67975e-12
2021-04-16 10:35:30.786851 CEST | NumTrajs                    63
2021-04-16 10:35:30.786976 CEST | Entropy                      1.41894
2021-04-16 10:35:30.787102 CEST | Perplexity                   4.13273
2021-04-16 10:35:30.787226 CEST | StdReturn                   41.3782
2021-04-16 10:35:30.787350 CEST | MaxReturn                  219.858
2021-04-16 10:35:30.787475 CEST | MinReturn                    0
2021-04-16 10:35:30.787599 CEST | Iteration                    0
2021-04-16 10:35:30.787723 CEST | AverageDiscountedReturn     64.334
2021-04-16 10:35:30.787846 CEST | AverageReturn               67.3134
2021-04-16 10:35:30.787970 CEST | ExplainedVariance            0.206511
2021-04-16 10:35:30.788292 CEST | NumTrajs                    53
2021-04-16 10:35:30.788580 CEST | Entropy                      1.41894
2021-04-16 10:35:30.788842 CEST | Perplexity                   4.13273
2021-04-16 10:35:30.789101 CEST | StdReturn                   48.1168
2021-04-16 10:35:30.789353 CEST | MaxReturn                  189.903
2021-04-16 10:35:30.789603 CEST | MinReturn                    9.97999
2021-04-16 10:35:30.789853 CEST | Iteration                    0
2021-04-16 10:35:30.790103 CEST | AverageDiscountedReturn     58.5834
2021-04-16 10:35:30.790353 CEST | AverageReturn               61.0176
2021-04-16 10:35:30.790603 CEST | ExplainedVariance            0.236696
2021-04-16 10:35:30.790855 CEST | NumTrajs                    57
2021-04-16 10:35:30.791106 CEST | Entropy                      1.41894
2021-04-16 10:35:30.791360 CEST | Perplexity                   4.13273
2021-04-16 10:35:30.791612 CEST | StdReturn                   43.8627
2021-04-16 10:35:30.791868 CEST | MaxReturn                  209.932
2021-04-16 10:35:30.792207 CEST | MinReturn                    9.97957
2021-04-16 10:35:30.792463 CEST | Iteration                    0
2021-04-16 10:35:30.792716 CEST | AverageDiscountedReturn     61.0729
2021-04-16 10:35:30.792969 CEST | AverageReturn               63.5979
2021-04-16 10:35:30.793221 CEST | ExplainedVariance            0.22429
2021-04-16 10:35:30.793472 CEST | NumTrajs                    55
2021-04-16 10:35:30.793724 CEST | Entropy                      1.41894
2021-04-16 10:35:30.793976 CEST | Perplexity                   4.13273
2021-04-16 10:35:30.794229 CEST | StdReturn                   42.6017
2021-04-16 10:35:30.794481 CEST | MaxReturn                  209.953
2021-04-16 10:35:30.794732 CEST | MinReturn                    9.98023
2021-04-16 10:35:30.794986 CEST | Iteration                    0
2021-04-16 10:35:30.795358 CEST | AverageDiscountedReturn     56.2225
2021-04-16 10:35:30.795769 CEST | AverageReturn               58.2683
2021-04-16 10:35:30.796232 CEST | ExplainedVariance            0.283761
2021-04-16 10:35:30.796656 CEST | NumTrajs                    59
2021-04-16 10:35:30.797112 CEST | Entropy                      1.41894
2021-04-16 10:35:30.797441 CEST | Perplexity                   4.13273
2021-04-16 10:35:30.797698 CEST | StdReturn                   37.4083
2021-04-16 10:35:30.797955 CEST | MaxReturn                  179.893
2021-04-16 10:35:30.798210 CEST | MinReturn                    9.98019
2021-04-16 10:35:30.798465 CEST | AveragePolicyStd             1
2021-04-16 10:35:30.798719 CEST | AveragePolicyStd             1
2021-04-16 10:35:30.798994 CEST | AveragePolicyStd             1
2021-04-16 10:35:30.799249 CEST | AveragePolicyStd             1
2021-04-16 10:35:30.799504 CEST | AveragePolicyStd             1
2021-04-16 10:35:30.799759 CEST | Iteration                    1
2021-04-16 10:35:30.800014 CEST | AverageDiscountedReturn     56.9919
2021-04-16 10:35:30.800303 CEST | AverageReturn               59.0954
2021-04-16 10:35:30.800560 CEST | ExplainedVariance            0.273024
2021-04-16 10:35:30.800816 CEST | NumTrajs                    58
2021-04-16 10:35:30.801101 CEST | Entropy                      1.41551
2021-04-16 10:35:30.801357 CEST | Perplexity                   4.1186
2021-04-16 10:35:30.801613 CEST | StdReturn                   37.7782
2021-04-16 10:35:30.801867 CEST | MaxReturn                  179.878
2021-04-16 10:35:30.802123 CEST | MinReturn                    0
2021-04-16 10:35:30.802380 CEST | Iteration                    1
2021-04-16 10:35:30.802634 CEST | AverageDiscountedReturn     60.4261
2021-04-16 10:35:30.802890 CEST | AverageReturn               63.2325
2021-04-16 10:35:30.803144 CEST | ExplainedVariance            0.186493
2021-04-16 10:35:30.803437 CEST | NumTrajs                    55
2021-04-16 10:35:30.803746 CEST | Entropy                      1.41551
2021-04-16 10:35:30.804117 CEST | Perplexity                   4.1186
2021-04-16 10:35:30.804457 CEST | StdReturn                   49.7473
2021-04-16 10:35:30.804735 CEST | MaxReturn                  239.886
2021-04-16 10:35:30.805013 CEST | MinReturn                    0
2021-04-16 10:35:30.805247 CEST | Iteration                    1
2021-04-16 10:35:30.805480 CEST | AverageDiscountedReturn     76.5972
2021-04-16 10:35:30.805713 CEST | AverageReturn               80.8626
2021-04-16 10:35:30.805946 CEST | ExplainedVariance            0.227042
2021-04-16 10:35:30.806178 CEST | NumTrajs                    44
2021-04-16 10:35:30.806410 CEST | Entropy                      1.41551
2021-04-16 10:35:30.806641 CEST | Perplexity                   4.1186
2021-04-16 10:35:30.806875 CEST | StdReturn                   56.1374
2021-04-16 10:35:30.807107 CEST | MaxReturn                  199.948
2021-04-16 10:35:30.807341 CEST | MinReturn                    0
2021-04-16 10:35:30.807573 CEST | Iteration                    1
2021-04-16 10:35:30.807805 CEST | AverageDiscountedReturn     82.0077
2021-04-16 10:35:30.808038 CEST | AverageReturn               86.9231
2021-04-16 10:35:30.808301 CEST | ExplainedVariance            0.287371
2021-04-16 10:35:30.808534 CEST | NumTrajs                    43
2021-04-16 10:35:30.808766 CEST | Entropy                      1.41551
2021-04-16 10:35:30.808997 CEST | Perplexity                   4.1186
2021-04-16 10:35:30.809228 CEST | StdReturn                   60.1135
2021-04-16 10:35:30.809461 CEST | MaxReturn                  259.884
2021-04-16 10:35:30.809694 CEST | MinReturn                    9.98234
2021-04-16 10:35:30.809927 CEST | Iteration                    1
2021-04-16 10:35:30.810159 CEST | AverageDiscountedReturn     76.816
2021-04-16 10:35:30.810392 CEST | AverageReturn               80.8541
2021-04-16 10:35:30.810628 CEST | ExplainedVariance            0.192529
2021-04-16 10:35:30.810862 CEST | NumTrajs                    44
2021-04-16 10:35:30.811097 CEST | Entropy                      1.41551
2021-04-16 10:35:30.811329 CEST | Perplexity                   4.1186
2021-04-16 10:35:30.811562 CEST | StdReturn                   51.6228
2021-04-16 10:35:30.811795 CEST | MaxReturn                  179.936
2021-04-16 10:35:30.812028 CEST | MinReturn                    0
2021-04-16 10:35:30.812277 CEST | AveragePolicyStd             0.996581
2021-04-16 10:35:30.812512 CEST | AveragePolicyStd             0.996581
2021-04-16 10:35:30.812723 CEST | AveragePolicyStd             0.996581
2021-04-16 10:35:30.812915 CEST | AveragePolicyStd             0.996581
2021-04-16 10:35:30.813097 CEST | AveragePolicyStd             0.996581
2021-04-16 10:35:30.813279 CEST | TransfBits               20192
2021-04-16 10:35:30.813462 CEST | TotalAverageReturn          69.2847
2021-04-16 10:35:30.813644 CEST | -----------------------  ---------------
2021-04-16 10:35:31.637892 CEST | [test_discounts_2021_04_16_10_06_18_0025] itr #2 | fitting baseline...
2021-04-16 10:35:31.639231 CEST | [test_discounts_2021_04_16_10_06_18_0025] itr #2 | fitted
2021-04-16 10:35:31.642093 CEST | [test_discounts_2021_04_16_10_06_18_0025] itr #2 | fitting baseline...
2021-04-16 10:35:31.643198 CEST | [test_discounts_2021_04_16_10_06_18_0025] itr #2 | fitted
2021-04-16 10:35:31.645831 CEST | [test_discounts_2021_04_16_10_06_18_0025] itr #2 | fitting baseline...
2021-04-16 10:35:31.646870 CEST | [test_discounts_2021_04_16_10_06_18_0025] itr #2 | fitted
2021-04-16 10:35:31.649847 CEST | [test_discounts_2021_04_16_10_06_18_0025] itr #2 | fitting baseline...
2021-04-16 10:35:31.651194 CEST | [test_discounts_2021_04_16_10_06_18_0025] itr #2 | fitted
2021-04-16 10:35:31.654621 CEST | [test_discounts_2021_04_16_10_06_18_0025] itr #2 | fitting baseline...
2021-04-16 10:35:31.655965 CEST | [test_discounts_2021_04_16_10_06_18_0025] itr #2 | fitted
2021-04-16 10:35:31.673447 CEST | [test_discounts_2021_04_16_10_06_18_0025] itr #2 | saving snapshot...
2021-04-16 10:35:31.678245 CEST | [test_discounts_2021_04_16_10_06_18_0025] itr #2 | saved
2021-04-16 10:35:31.680595 CEST | -----------------------  ------------
2021-04-16 10:35:31.680787 CEST | Iteration                    2
2021-04-16 10:35:31.680921 CEST | AverageDiscountedReturn    101.275
2021-04-16 10:35:31.681063 CEST | AverageReturn              110.229
2021-04-16 10:35:31.681195 CEST | ExplainedVariance            0.181814
2021-04-16 10:35:31.681323 CEST | NumTrajs                    35
2021-04-16 10:35:31.681451 CEST | Entropy                      1.412
2021-04-16 10:35:31.681578 CEST | Perplexity                   4.10415
2021-04-16 10:35:31.681703 CEST | StdReturn                   90.3523
2021-04-16 10:35:31.681830 CEST | MaxReturn                  319.914
2021-04-16 10:35:31.681954 CEST | MinReturn                    0
2021-04-16 10:35:31.682081 CEST | Iteration                    2
2021-04-16 10:35:31.682206 CEST | AverageDiscountedReturn     90.498
2021-04-16 10:35:31.682331 CEST | AverageReturn               97.5681
2021-04-16 10:35:31.682455 CEST | ExplainedVariance            0.127379
2021-04-16 10:35:31.682579 CEST | NumTrajs                    38
2021-04-16 10:35:31.682703 CEST | Entropy                      1.412
2021-04-16 10:35:31.682826 CEST | Perplexity                   4.10415
2021-04-16 10:35:31.682951 CEST | StdReturn                   81.3173
2021-04-16 10:35:31.683075 CEST | MaxReturn                  339.84
2021-04-16 10:35:31.683198 CEST | MinReturn                    9.98066
2021-04-16 10:35:31.683323 CEST | Iteration                    2
2021-04-16 10:35:31.683449 CEST | AverageDiscountedReturn     95.7497
2021-04-16 10:35:31.683579 CEST | AverageReturn              102.989
2021-04-16 10:35:31.683705 CEST | ExplainedVariance            0.174294
2021-04-16 10:35:31.683831 CEST | NumTrajs                    36
2021-04-16 10:35:31.683956 CEST | Entropy                      1.412
2021-04-16 10:35:31.684103 CEST | Perplexity                   4.10415
2021-04-16 10:35:31.684233 CEST | StdReturn                   76.8154
2021-04-16 10:35:31.684360 CEST | MaxReturn                  379.88
2021-04-16 10:35:31.684487 CEST | MinReturn                    0
2021-04-16 10:35:31.684613 CEST | Iteration                    2
2021-04-16 10:35:31.684740 CEST | AverageDiscountedReturn     76.2118
2021-04-16 10:35:31.684867 CEST | AverageReturn               81.0549
2021-04-16 10:35:31.684993 CEST | ExplainedVariance            0.222236
2021-04-16 10:35:31.685118 CEST | NumTrajs                    45
2021-04-16 10:35:31.685243 CEST | Entropy                      1.412
2021-04-16 10:35:31.685391 CEST | Perplexity                   4.10415
2021-04-16 10:35:31.685519 CEST | StdReturn                   67.1184
2021-04-16 10:35:31.685644 CEST | MaxReturn                  289.925
2021-04-16 10:35:31.685770 CEST | MinReturn                    0
2021-04-16 10:35:31.685895 CEST | Iteration                    2
2021-04-16 10:35:31.686021 CEST | AverageDiscountedReturn     72.0078
2021-04-16 10:35:31.686146 CEST | AverageReturn               76.1116
2021-04-16 10:35:31.686272 CEST | ExplainedVariance            0.216029
2021-04-16 10:35:31.686398 CEST | NumTrajs                    47
2021-04-16 10:35:31.686524 CEST | Entropy                      1.412
2021-04-16 10:35:31.686650 CEST | Perplexity                   4.10415
2021-04-16 10:35:31.686775 CEST | StdReturn                   59.7401
2021-04-16 10:35:31.686900 CEST | MaxReturn                  239.933
2021-04-16 10:35:31.687024 CEST | MinReturn                    0
2021-04-16 10:35:31.687151 CEST | AveragePolicyStd             0.993084
2021-04-16 10:35:31.687280 CEST | AveragePolicyStd             0.993084
2021-04-16 10:35:31.687405 CEST | AveragePolicyStd             0.993084
2021-04-16 10:35:31.687531 CEST | AveragePolicyStd             0.993084
2021-04-16 10:35:31.687656 CEST | AveragePolicyStd             0.993084
2021-04-16 10:35:31.687782 CEST | TransfBits               40384
2021-04-16 10:35:31.687909 CEST | TotalAverageReturn          85.7933
2021-04-16 10:35:31.688035 CEST | -----------------------  ------------
2021-04-16 10:35:32.490319 CEST | [test_discounts_2021_04_16_10_06_18_0025] itr #3 | fitting baseline...
2021-04-16 10:35:32.491610 CEST | [test_discounts_2021_04_16_10_06_18_0025] itr #3 | fitted
2021-04-16 10:35:32.494680 CEST | [test_discounts_2021_04_16_10_06_18_0025] itr #3 | fitting baseline...
2021-04-16 10:35:32.495877 CEST | [test_discounts_2021_04_16_10_06_18_0025] itr #3 | fitted
2021-04-16 10:35:32.498760 CEST | [test_discounts_2021_04_16_10_06_18_0025] itr #3 | fitting baseline...
2021-04-16 10:35:32.500383 CEST | [test_discounts_2021_04_16_10_06_18_0025] itr #3 | fitted
2021-04-16 10:35:32.503543 CEST | [test_discounts_2021_04_16_10_06_18_0025] itr #3 | fitting baseline...
2021-04-16 10:35:32.504794 CEST | [test_discounts_2021_04_16_10_06_18_0025] itr #3 | fitted
2021-04-16 10:35:32.507569 CEST | [test_discounts_2021_04_16_10_06_18_0025] itr #3 | fitting baseline...
2021-04-16 10:35:32.508773 CEST | [test_discounts_2021_04_16_10_06_18_0025] itr #3 | fitted
2021-04-16 10:35:32.527366 CEST | [test_discounts_2021_04_16_10_06_18_0025] itr #3 | saving snapshot...
2021-04-16 10:35:32.532613 CEST | [test_discounts_2021_04_16_10_06_18_0025] itr #3 | saved
2021-04-16 10:35:32.535271 CEST | -----------------------  -------------
2021-04-16 10:35:32.535525 CEST | Iteration                    3
2021-04-16 10:35:32.535708 CEST | AverageDiscountedReturn    116.796
2021-04-16 10:35:32.535879 CEST | AverageReturn              129.225
2021-04-16 10:35:32.536085 CEST | ExplainedVariance           -0.484069
2021-04-16 10:35:32.536247 CEST | NumTrajs                    29
2021-04-16 10:35:32.536419 CEST | Entropy                      1.4085
2021-04-16 10:35:32.536592 CEST | Perplexity                   4.08981
2021-04-16 10:35:32.536743 CEST | StdReturn                  108.166
2021-04-16 10:35:32.536880 CEST | MaxReturn                  439.734
2021-04-16 10:35:32.537014 CEST | MinReturn                    0
2021-04-16 10:35:32.537150 CEST | Iteration                    3
2021-04-16 10:35:32.537287 CEST | AverageDiscountedReturn     98.0944
2021-04-16 10:35:32.537421 CEST | AverageReturn              107.361
2021-04-16 10:35:32.537640 CEST | ExplainedVariance           -0.0262803
2021-04-16 10:35:32.537785 CEST | NumTrajs                    35
2021-04-16 10:35:32.537923 CEST | Entropy                      1.4085
2021-04-16 10:35:32.538060 CEST | Perplexity                   4.08981
2021-04-16 10:35:32.538194 CEST | StdReturn                   98.9287
2021-04-16 10:35:32.538331 CEST | MaxReturn                  439.718
2021-04-16 10:35:32.538469 CEST | MinReturn                    9.98403
2021-04-16 10:35:32.538606 CEST | Iteration                    3
2021-04-16 10:35:32.538740 CEST | AverageDiscountedReturn    102.259
2021-04-16 10:35:32.538872 CEST | AverageReturn              110.524
2021-04-16 10:35:32.539006 CEST | ExplainedVariance            0.17282
2021-04-16 10:35:32.539143 CEST | NumTrajs                    34
2021-04-16 10:35:32.539307 CEST | Entropy                      1.4085
2021-04-16 10:35:32.539472 CEST | Perplexity                   4.08981
2021-04-16 10:35:32.539623 CEST | StdReturn                   80.7777
2021-04-16 10:35:32.539803 CEST | MaxReturn                  319.847
2021-04-16 10:35:32.539951 CEST | MinReturn                    9.97998
2021-04-16 10:35:32.540124 CEST | Iteration                    3
2021-04-16 10:35:32.540275 CEST | AverageDiscountedReturn     97.1966
2021-04-16 10:35:32.540430 CEST | AverageReturn              106.792
2021-04-16 10:35:32.540577 CEST | ExplainedVariance            0.261059
2021-04-16 10:35:32.540732 CEST | NumTrajs                    35
2021-04-16 10:35:32.540885 CEST | Entropy                      1.4085
2021-04-16 10:35:32.541046 CEST | Perplexity                   4.08981
2021-04-16 10:35:32.541205 CEST | StdReturn                  103.066
2021-04-16 10:35:32.541362 CEST | MaxReturn                  449.901
2021-04-16 10:35:32.541520 CEST | MinReturn                    9.98137
2021-04-16 10:35:32.541704 CEST | Iteration                    3
2021-04-16 10:35:32.541870 CEST | AverageDiscountedReturn    103.079
2021-04-16 10:35:32.542032 CEST | AverageReturn              110.512
2021-04-16 10:35:32.542261 CEST | ExplainedVariance            0.127691
2021-04-16 10:35:32.542519 CEST | NumTrajs                    34
2021-04-16 10:35:32.542779 CEST | Entropy                      1.4085
2021-04-16 10:35:32.543044 CEST | Perplexity                   4.08981
2021-04-16 10:35:32.543305 CEST | StdReturn                   68.0569
2021-04-16 10:35:32.543519 CEST | MaxReturn                  349.825
2021-04-16 10:35:32.543690 CEST | MinReturn                    9.98973
2021-04-16 10:35:32.543860 CEST | AveragePolicyStd             0.989615
2021-04-16 10:35:32.544041 CEST | AveragePolicyStd             0.989615
2021-04-16 10:35:32.544257 CEST | AveragePolicyStd             0.989615
2021-04-16 10:35:32.544426 CEST | AveragePolicyStd             0.989615
2021-04-16 10:35:32.544591 CEST | AveragePolicyStd             0.989615
2021-04-16 10:35:32.544761 CEST | TransfBits               60576
2021-04-16 10:35:32.544927 CEST | TotalAverageReturn         103.017
2021-04-16 10:35:32.545104 CEST | -----------------------  -------------
2021-04-16 10:35:33.476436 CEST | [test_discounts_2021_04_16_10_06_18_0025] itr #4 | fitting baseline...
2021-04-16 10:35:33.477828 CEST | [test_discounts_2021_04_16_10_06_18_0025] itr #4 | fitted
2021-04-16 10:35:33.481217 CEST | [test_discounts_2021_04_16_10_06_18_0025] itr #4 | fitting baseline...
2021-04-16 10:35:33.482896 CEST | [test_discounts_2021_04_16_10_06_18_0025] itr #4 | fitted
2021-04-16 10:35:33.487108 CEST | [test_discounts_2021_04_16_10_06_18_0025] itr #4 | fitting baseline...
2021-04-16 10:35:33.488751 CEST | [test_discounts_2021_04_16_10_06_18_0025] itr #4 | fitted
2021-04-16 10:35:33.491565 CEST | [test_discounts_2021_04_16_10_06_18_0025] itr #4 | fitting baseline...
2021-04-16 10:35:33.492882 CEST | [test_discounts_2021_04_16_10_06_18_0025] itr #4 | fitted
2021-04-16 10:35:33.496740 CEST | [test_discounts_2021_04_16_10_06_18_0025] itr #4 | fitting baseline...
2021-04-16 10:35:33.498181 CEST | [test_discounts_2021_04_16_10_06_18_0025] itr #4 | fitted
2021-04-16 10:35:33.529904 CEST | [test_discounts_2021_04_16_10_06_18_0025] itr #4 | saving snapshot...
2021-04-16 10:35:33.537749 CEST | [test_discounts_2021_04_16_10_06_18_0025] itr #4 | saved
2021-04-16 10:35:33.541596 CEST | -----------------------  -------------
2021-04-16 10:35:33.541886 CEST | Iteration                    4
2021-04-16 10:35:33.542060 CEST | AverageDiscountedReturn    136.717
2021-04-16 10:35:33.542226 CEST | AverageReturn              150.727
2021-04-16 10:35:33.542391 CEST | ExplainedVariance           -0.0195269
2021-04-16 10:35:33.542556 CEST | NumTrajs                    25
2021-04-16 10:35:33.542720 CEST | Entropy                      1.40496
2021-04-16 10:35:33.542886 CEST | Perplexity                   4.07536
2021-04-16 10:35:33.543050 CEST | StdReturn                   95.5077
2021-04-16 10:35:33.543213 CEST | MaxReturn                  419.811
2021-04-16 10:35:33.543377 CEST | MinReturn                   19.9666
2021-04-16 10:35:33.543539 CEST | Iteration                    4
2021-04-16 10:35:33.543753 CEST | AverageDiscountedReturn    126.747
2021-04-16 10:35:33.543917 CEST | AverageReturn              139.224
2021-04-16 10:35:33.544156 CEST | ExplainedVariance            0.174959
2021-04-16 10:35:33.544361 CEST | NumTrajs                    29
2021-04-16 10:35:33.544525 CEST | Entropy                      1.40496
2021-04-16 10:35:33.544739 CEST | Perplexity                   4.07536
2021-04-16 10:35:33.544954 CEST | StdReturn                   95.5694
2021-04-16 10:35:33.545125 CEST | MaxReturn                  479.881
2021-04-16 10:35:33.545286 CEST | MinReturn                    9.99012
2021-04-16 10:35:33.545459 CEST | Iteration                    4
2021-04-16 10:35:33.545713 CEST | AverageDiscountedReturn    113.47
2021-04-16 10:35:33.545948 CEST | AverageReturn              126.698
2021-04-16 10:35:33.546195 CEST | ExplainedVariance           -2.74625
2021-04-16 10:35:33.546404 CEST | NumTrajs                    31
2021-04-16 10:35:33.546576 CEST | Entropy                      1.40496
2021-04-16 10:35:33.546759 CEST | Perplexity                   4.07536
2021-04-16 10:35:33.546992 CEST | StdReturn                  121.218
2021-04-16 10:35:33.547249 CEST | MaxReturn                  509.885
2021-04-16 10:35:33.547466 CEST | MinReturn                    0
2021-04-16 10:35:33.547694 CEST | Iteration                    4
2021-04-16 10:35:33.547896 CEST | AverageDiscountedReturn    132.902
2021-04-16 10:35:33.548161 CEST | AverageReturn              146.45
2021-04-16 10:35:33.548402 CEST | ExplainedVariance          -84.1262
2021-04-16 10:35:33.548741 CEST | NumTrajs                    26
2021-04-16 10:35:33.548977 CEST | Entropy                      1.40496
2021-04-16 10:35:33.549206 CEST | Perplexity                   4.07536
2021-04-16 10:35:33.549781 CEST | StdReturn                   96.3928
2021-04-16 10:35:33.550097 CEST | MaxReturn                  419.741
2021-04-16 10:35:33.550343 CEST | MinReturn                   19.9649
2021-04-16 10:35:33.550549 CEST | Iteration                    4
2021-04-16 10:35:33.550743 CEST | AverageDiscountedReturn     94.5389
2021-04-16 10:35:33.550937 CEST | AverageReturn              101.589
2021-04-16 10:35:33.551134 CEST | ExplainedVariance            0.278236
2021-04-16 10:35:33.551367 CEST | NumTrajs                    36
2021-04-16 10:35:33.551588 CEST | Entropy                      1.40496
2021-04-16 10:35:33.551811 CEST | Perplexity                   4.07536
2021-04-16 10:35:33.552030 CEST | StdReturn                   75.1537
2021-04-16 10:35:33.552329 CEST | MaxReturn                  329.886
2021-04-16 10:35:33.552622 CEST | MinReturn                    9.98139
2021-04-16 10:35:33.552877 CEST | AveragePolicyStd             0.986119
2021-04-16 10:35:33.553128 CEST | AveragePolicyStd             0.986119
2021-04-16 10:35:33.553404 CEST | AveragePolicyStd             0.986119
2021-04-16 10:35:33.553643 CEST | AveragePolicyStd             0.986119
2021-04-16 10:35:33.553874 CEST | AveragePolicyStd             0.986119
2021-04-16 10:35:33.554092 CEST | TransfBits               80768
2021-04-16 10:35:33.554287 CEST | TotalAverageReturn         118.844
2021-04-16 10:35:33.554480 CEST | -----------------------  -------------
2021-04-16 10:35:34.618992 CEST | [test_discounts_2021_04_16_10_06_18_0025] itr #5 | fitting baseline...
2021-04-16 10:35:34.620922 CEST | [test_discounts_2021_04_16_10_06_18_0025] itr #5 | fitted
2021-04-16 10:35:34.625502 CEST | [test_discounts_2021_04_16_10_06_18_0025] itr #5 | fitting baseline...
2021-04-16 10:35:34.626980 CEST | [test_discounts_2021_04_16_10_06_18_0025] itr #5 | fitted
2021-04-16 10:35:34.630788 CEST | [test_discounts_2021_04_16_10_06_18_0025] itr #5 | fitting baseline...
2021-04-16 10:35:34.632429 CEST | [test_discounts_2021_04_16_10_06_18_0025] itr #5 | fitted
2021-04-16 10:35:34.635380 CEST | [test_discounts_2021_04_16_10_06_18_0025] itr #5 | fitting baseline...
2021-04-16 10:35:34.636595 CEST | [test_discounts_2021_04_16_10_06_18_0025] itr #5 | fitted
2021-04-16 10:35:34.639162 CEST | [test_discounts_2021_04_16_10_06_18_0025] itr #5 | fitting baseline...
2021-04-16 10:35:34.640210 CEST | [test_discounts_2021_04_16_10_06_18_0025] itr #5 | fitted
2021-04-16 10:35:34.658701 CEST | [test_discounts_2021_04_16_10_06_18_0025] itr #5 | saving snapshot...
2021-04-16 10:35:34.663322 CEST | [test_discounts_2021_04_16_10_06_18_0025] itr #5 | saved
2021-04-16 10:35:34.665763 CEST | -----------------------  -------------
2021-04-16 10:35:34.665973 CEST | Iteration                     5
2021-04-16 10:35:34.666132 CEST | AverageDiscountedReturn     157.702
2021-04-16 10:35:34.666287 CEST | AverageReturn               178.078
2021-04-16 10:35:34.666428 CEST | ExplainedVariance             0.11189
2021-04-16 10:35:34.666576 CEST | NumTrajs                     22
2021-04-16 10:35:34.666722 CEST | Entropy                       1.40125
2021-04-16 10:35:34.666865 CEST | Perplexity                    4.06026
2021-04-16 10:35:34.667011 CEST | StdReturn                   123.14
2021-04-16 10:35:34.667161 CEST | MaxReturn                   519.878
2021-04-16 10:35:34.667302 CEST | MinReturn                    19.9736
2021-04-16 10:35:34.667475 CEST | Iteration                     5
2021-04-16 10:35:34.667607 CEST | AverageDiscountedReturn     141.268
2021-04-16 10:35:34.667747 CEST | AverageReturn               158.233
2021-04-16 10:35:34.667887 CEST | ExplainedVariance             0.333545
2021-04-16 10:35:34.668029 CEST | NumTrajs                     24
2021-04-16 10:35:34.668211 CEST | Entropy                       1.40125
2021-04-16 10:35:34.668354 CEST | Perplexity                    4.06026
2021-04-16 10:35:34.668499 CEST | StdReturn                   118.132
2021-04-16 10:35:34.668644 CEST | MaxReturn                   489.858
2021-04-16 10:35:34.668788 CEST | MinReturn                     9.97975
2021-04-16 10:35:34.668930 CEST | Iteration                     5
2021-04-16 10:35:34.669075 CEST | AverageDiscountedReturn     129.451
2021-04-16 10:35:34.669217 CEST | AverageReturn               142.761
2021-04-16 10:35:34.669361 CEST | ExplainedVariance             0.286547
2021-04-16 10:35:34.669504 CEST | NumTrajs                     28
2021-04-16 10:35:34.669644 CEST | Entropy                       1.40125
2021-04-16 10:35:34.669784 CEST | Perplexity                    4.06026
2021-04-16 10:35:34.669928 CEST | StdReturn                    98.4414
2021-04-16 10:35:34.670067 CEST | MaxReturn                   319.887
2021-04-16 10:35:34.670209 CEST | MinReturn                     0
2021-04-16 10:35:34.670350 CEST | Iteration                     5
2021-04-16 10:35:34.670516 CEST | AverageDiscountedReturn     133.913
2021-04-16 10:35:34.670655 CEST | AverageReturn               148.057
2021-04-16 10:35:34.670794 CEST | ExplainedVariance             0.26844
2021-04-16 10:35:34.670939 CEST | NumTrajs                     27
2021-04-16 10:35:34.671080 CEST | Entropy                       1.40125
2021-04-16 10:35:34.671234 CEST | Perplexity                    4.06026
2021-04-16 10:35:34.671379 CEST | StdReturn                   101.392
2021-04-16 10:35:34.671559 CEST | MaxReturn                   409.705
2021-04-16 10:35:34.671719 CEST | MinReturn                     0
2021-04-16 10:35:34.671859 CEST | Iteration                     5
2021-04-16 10:35:34.672003 CEST | AverageDiscountedReturn     141.811
2021-04-16 10:35:34.672169 CEST | AverageReturn               156.697
2021-04-16 10:35:34.672318 CEST | ExplainedVariance             0.363365
2021-04-16 10:35:34.672459 CEST | NumTrajs                     25
2021-04-16 10:35:34.672607 CEST | Entropy                       1.40125
2021-04-16 10:35:34.672752 CEST | Perplexity                    4.06026
2021-04-16 10:35:34.672897 CEST | StdReturn                    95.7965
2021-04-16 10:35:34.673041 CEST | MaxReturn                   369.77
2021-04-16 10:35:34.673183 CEST | MinReturn                     9.98504
2021-04-16 10:35:34.673362 CEST | AveragePolicyStd              0.982463
2021-04-16 10:35:34.673478 CEST | AveragePolicyStd              0.982463
2021-04-16 10:35:34.673587 CEST | AveragePolicyStd              0.982463
2021-04-16 10:35:34.673698 CEST | AveragePolicyStd              0.982463
2021-04-16 10:35:34.673807 CEST | AveragePolicyStd              0.982463
2021-04-16 10:35:34.673915 CEST | TransfBits               100960
2021-04-16 10:35:34.674023 CEST | TotalAverageReturn          140.043
2021-04-16 10:35:34.674132 CEST | -----------------------  -------------
2021-04-16 10:35:35.476338 CEST | [test_discounts_2021_04_16_10_06_18_0025] itr #6 | fitting baseline...
2021-04-16 10:35:35.477290 CEST | [test_discounts_2021_04_16_10_06_18_0025] itr #6 | fitted
2021-04-16 10:35:35.479137 CEST | [test_discounts_2021_04_16_10_06_18_0025] itr #6 | fitting baseline...
2021-04-16 10:35:35.480208 CEST | [test_discounts_2021_04_16_10_06_18_0025] itr #6 | fitted
2021-04-16 10:35:35.482628 CEST | [test_discounts_2021_04_16_10_06_18_0025] itr #6 | fitting baseline...
2021-04-16 10:35:35.483801 CEST | [test_discounts_2021_04_16_10_06_18_0025] itr #6 | fitted
2021-04-16 10:35:35.485988 CEST | [test_discounts_2021_04_16_10_06_18_0025] itr #6 | fitting baseline...
2021-04-16 10:35:35.487050 CEST | [test_discounts_2021_04_16_10_06_18_0025] itr #6 | fitted
2021-04-16 10:35:35.489095 CEST | [test_discounts_2021_04_16_10_06_18_0025] itr #6 | fitting baseline...
2021-04-16 10:35:35.489942 CEST | [test_discounts_2021_04_16_10_06_18_0025] itr #6 | fitted
2021-04-16 10:35:35.508564 CEST | [test_discounts_2021_04_16_10_06_18_0025] itr #6 | saving snapshot...
2021-04-16 10:35:35.513206 CEST | [test_discounts_2021_04_16_10_06_18_0025] itr #6 | saved
2021-04-16 10:35:35.515618 CEST | -----------------------  -------------
2021-04-16 10:35:35.515844 CEST | Iteration                     6
2021-04-16 10:35:35.516018 CEST | AverageDiscountedReturn     139.084
2021-04-16 10:35:35.516183 CEST | AverageReturn               155.67
2021-04-16 10:35:35.516315 CEST | ExplainedVariance             0.285601
2021-04-16 10:35:35.516447 CEST | NumTrajs                     26
2021-04-16 10:35:35.516582 CEST | Entropy                       1.39807
2021-04-16 10:35:35.516716 CEST | Perplexity                    4.04737
2021-04-16 10:35:35.516849 CEST | StdReturn                   117.283
2021-04-16 10:35:35.516981 CEST | MaxReturn                   489.853
2021-04-16 10:35:35.517113 CEST | MinReturn                     9.98197
2021-04-16 10:35:35.517245 CEST | Iteration                     6
2021-04-16 10:35:35.517377 CEST | AverageDiscountedReturn     154.752
2021-04-16 10:35:35.517525 CEST | AverageReturn               172.609
2021-04-16 10:35:35.517658 CEST | ExplainedVariance             0.455725
2021-04-16 10:35:35.517791 CEST | NumTrajs                     22
2021-04-16 10:35:35.517922 CEST | Entropy                       1.39807
2021-04-16 10:35:35.518054 CEST | Perplexity                    4.04737
2021-04-16 10:35:35.518186 CEST | StdReturn                   103.772
2021-04-16 10:35:35.518319 CEST | MaxReturn                   419.845
2021-04-16 10:35:35.518453 CEST | MinReturn                     9.98531
2021-04-16 10:35:35.518584 CEST | Iteration                     6
2021-04-16 10:35:35.518718 CEST | AverageDiscountedReturn     167.752
2021-04-16 10:35:35.518849 CEST | AverageReturn               190.379
2021-04-16 10:35:35.518981 CEST | ExplainedVariance             0.392027
2021-04-16 10:35:35.519112 CEST | NumTrajs                     20
2021-04-16 10:35:35.519243 CEST | Entropy                       1.39807
2021-04-16 10:35:35.519375 CEST | Perplexity                    4.04737
2021-04-16 10:35:35.519507 CEST | StdReturn                   124.467
2021-04-16 10:35:35.519644 CEST | MaxReturn                   399.891
2021-04-16 10:35:35.519776 CEST | MinReturn                     0
2021-04-16 10:35:35.519910 CEST | Iteration                     6
2021-04-16 10:35:35.520042 CEST | AverageDiscountedReturn     150.559
2021-04-16 10:35:35.520189 CEST | AverageReturn               168.165
2021-04-16 10:35:35.520346 CEST | ExplainedVariance             0.022763
2021-04-16 10:35:35.520477 CEST | NumTrajs                     23
2021-04-16 10:35:35.520608 CEST | Entropy                       1.39807
2021-04-16 10:35:35.520738 CEST | Perplexity                    4.04737
2021-04-16 10:35:35.520871 CEST | StdReturn                   110.008
2021-04-16 10:35:35.521002 CEST | MaxReturn                   529.77
2021-04-16 10:35:35.521133 CEST | MinReturn                     9.98183
2021-04-16 10:35:35.521262 CEST | Iteration                     6
2021-04-16 10:35:35.521393 CEST | AverageDiscountedReturn     142.53
2021-04-16 10:35:35.521524 CEST | AverageReturn               161.151
2021-04-16 10:35:35.521653 CEST | ExplainedVariance             0.108898
2021-04-16 10:35:35.521783 CEST | NumTrajs                     24
2021-04-16 10:35:35.521913 CEST | Entropy                       1.39807
2021-04-16 10:35:35.522043 CEST | Perplexity                    4.04737
2021-04-16 10:35:35.522173 CEST | StdReturn                   130.721
2021-04-16 10:35:35.522303 CEST | MaxReturn                   509.715
2021-04-16 10:35:35.522433 CEST | MinReturn                     9.98055
2021-04-16 10:35:35.522564 CEST | AveragePolicyStd              0.979344
2021-04-16 10:35:35.522707 CEST | AveragePolicyStd              0.979344
2021-04-16 10:35:35.522839 CEST | AveragePolicyStd              0.979344
2021-04-16 10:35:35.522969 CEST | AveragePolicyStd              0.979344
2021-04-16 10:35:35.523099 CEST | AveragePolicyStd              0.979344
2021-04-16 10:35:35.523230 CEST | TransfBits               121152
2021-04-16 10:35:35.523361 CEST | TotalAverageReturn          150.081
2021-04-16 10:35:35.523490 CEST | -----------------------  -------------
2021-04-16 10:35:36.428203 CEST | [test_discounts_2021_04_16_10_06_18_0025] itr #7 | fitting baseline...
2021-04-16 10:35:36.429416 CEST | [test_discounts_2021_04_16_10_06_18_0025] itr #7 | fitted
2021-04-16 10:35:36.431890 CEST | [test_discounts_2021_04_16_10_06_18_0025] itr #7 | fitting baseline...
2021-04-16 10:35:36.433026 CEST | [test_discounts_2021_04_16_10_06_18_0025] itr #7 | fitted
2021-04-16 10:35:36.435822 CEST | [test_discounts_2021_04_16_10_06_18_0025] itr #7 | fitting baseline...
2021-04-16 10:35:36.437477 CEST | [test_discounts_2021_04_16_10_06_18_0025] itr #7 | fitted
2021-04-16 10:35:36.439414 CEST | [test_discounts_2021_04_16_10_06_18_0025] itr #7 | fitting baseline...
2021-04-16 10:35:36.440332 CEST | [test_discounts_2021_04_16_10_06_18_0025] itr #7 | fitted
2021-04-16 10:35:36.442767 CEST | [test_discounts_2021_04_16_10_06_18_0025] itr #7 | fitting baseline...
2021-04-16 10:35:36.443835 CEST | [test_discounts_2021_04_16_10_06_18_0025] itr #7 | fitted
2021-04-16 10:35:36.463466 CEST | [test_discounts_2021_04_16_10_06_18_0025] itr #7 | saving snapshot...
2021-04-16 10:35:36.468993 CEST | [test_discounts_2021_04_16_10_06_18_0025] itr #7 | saved
2021-04-16 10:35:36.471876 CEST | -----------------------  --------------
2021-04-16 10:35:36.472145 CEST | Iteration                     7
2021-04-16 10:35:36.472297 CEST | AverageDiscountedReturn     234.259
2021-04-16 10:35:36.472470 CEST | AverageReturn               293.841
2021-04-16 10:35:36.472624 CEST | ExplainedVariance            -0.632821
2021-04-16 10:35:36.472778 CEST | NumTrajs                     15
2021-04-16 10:35:36.472937 CEST | Entropy                       1.39523
2021-04-16 10:35:36.473093 CEST | Perplexity                    4.0359
2021-04-16 10:35:36.473304 CEST | StdReturn                   243.03
2021-04-16 10:35:36.473511 CEST | MaxReturn                   769.777
2021-04-16 10:35:36.473711 CEST | MinReturn                     9.98043
2021-04-16 10:35:36.473929 CEST | Iteration                     7
2021-04-16 10:35:36.474148 CEST | AverageDiscountedReturn     219.66
2021-04-16 10:35:36.474351 CEST | AverageReturn               257.858
2021-04-16 10:35:36.474578 CEST | ExplainedVariance             0.160016
2021-04-16 10:35:36.474739 CEST | NumTrajs                     15
2021-04-16 10:35:36.474877 CEST | Entropy                       1.39523
2021-04-16 10:35:36.474996 CEST | Perplexity                    4.0359
2021-04-16 10:35:36.475116 CEST | StdReturn                   147.964
2021-04-16 10:35:36.475234 CEST | MaxReturn                   499.742
