2021-04-15 09:47:17.860503 CEST | [test_partrates_diffparams_notquant_2021_04_15_09_33_36_0017] Populating workers...
2021-04-15 09:47:17.860772 CEST | [test_partrates_diffparams_notquant_2021_04_15_09_33_36_0017] Populated
2021-04-15 09:47:17.860907 CEST | [test_partrates_diffparams_notquant_2021_04_15_09_33_36_0017] Populating workers...
2021-04-15 09:47:17.861034 CEST | [test_partrates_diffparams_notquant_2021_04_15_09_33_36_0017] Populated
2021-04-15 09:47:17.861159 CEST | [test_partrates_diffparams_notquant_2021_04_15_09_33_36_0017] Populating workers...
2021-04-15 09:47:17.861282 CEST | [test_partrates_diffparams_notquant_2021_04_15_09_33_36_0017] Populated
2021-04-15 09:47:17.861405 CEST | [test_partrates_diffparams_notquant_2021_04_15_09_33_36_0017] Populating workers...
2021-04-15 09:47:17.861529 CEST | [test_partrates_diffparams_notquant_2021_04_15_09_33_36_0017] Populated
2021-04-15 09:47:17.861650 CEST | [test_partrates_diffparams_notquant_2021_04_15_09_33_36_0017] Populating workers...
2021-04-15 09:47:17.861771 CEST | [test_partrates_diffparams_notquant_2021_04_15_09_33_36_0017] Populated
2021-04-15 09:47:19.875781 CEST | [test_partrates_diffparams_notquant_2021_04_15_09_33_36_0017] itr #0 | fitting baseline...
2021-04-15 09:47:19.897236 CEST | [test_partrates_diffparams_notquant_2021_04_15_09_33_36_0017] itr #0 | fitted
2021-04-15 09:47:19.905588 CEST | [test_partrates_diffparams_notquant_2021_04_15_09_33_36_0017] itr #0 | fitting baseline...
2021-04-15 09:47:19.909062 CEST | [test_partrates_diffparams_notquant_2021_04_15_09_33_36_0017] itr #0 | fitted
2021-04-15 09:47:19.912807 CEST | [test_partrates_diffparams_notquant_2021_04_15_09_33_36_0017] itr #0 | fitting baseline...
2021-04-15 09:47:19.914217 CEST | [test_partrates_diffparams_notquant_2021_04_15_09_33_36_0017] itr #0 | fitted
2021-04-15 09:47:19.917257 CEST | [test_partrates_diffparams_notquant_2021_04_15_09_33_36_0017] itr #0 | fitting baseline...
2021-04-15 09:47:19.918611 CEST | [test_partrates_diffparams_notquant_2021_04_15_09_33_36_0017] itr #0 | fitted
2021-04-15 09:47:19.921487 CEST | [test_partrates_diffparams_notquant_2021_04_15_09_33_36_0017] itr #0 | fitting baseline...
2021-04-15 09:47:19.922676 CEST | [test_partrates_diffparams_notquant_2021_04_15_09_33_36_0017] itr #0 | fitted
2021-04-15 09:47:23.672258 CEST | [test_partrates_diffparams_notquant_2021_04_15_09_33_36_0017] itr #1 | fitting baseline...
2021-04-15 09:47:23.673485 CEST | [test_partrates_diffparams_notquant_2021_04_15_09_33_36_0017] itr #1 | fitted
2021-04-15 09:47:23.676225 CEST | [test_partrates_diffparams_notquant_2021_04_15_09_33_36_0017] itr #1 | fitting baseline...
2021-04-15 09:47:23.677478 CEST | [test_partrates_diffparams_notquant_2021_04_15_09_33_36_0017] itr #1 | fitted
2021-04-15 09:47:23.680167 CEST | [test_partrates_diffparams_notquant_2021_04_15_09_33_36_0017] itr #1 | fitting baseline...
2021-04-15 09:47:23.681460 CEST | [test_partrates_diffparams_notquant_2021_04_15_09_33_36_0017] itr #1 | fitted
2021-04-15 09:47:23.683823 CEST | [test_partrates_diffparams_notquant_2021_04_15_09_33_36_0017] itr #1 | fitting baseline...
2021-04-15 09:47:23.684861 CEST | [test_partrates_diffparams_notquant_2021_04_15_09_33_36_0017] itr #1 | fitted
2021-04-15 09:47:23.687797 CEST | [test_partrates_diffparams_notquant_2021_04_15_09_33_36_0017] itr #1 | fitting baseline...
2021-04-15 09:47:23.689023 CEST | [test_partrates_diffparams_notquant_2021_04_15_09_33_36_0017] itr #1 | fitted
2021-04-15 09:47:23.702769 CEST | [test_partrates_diffparams_notquant_2021_04_15_09_33_36_0017] itr #1 | saving snapshot...
2021-04-15 09:47:23.706628 CEST | [test_partrates_diffparams_notquant_2021_04_15_09_33_36_0017] itr #1 | saved
2021-04-15 09:47:23.710799 CEST | -----------------------  ---------------
2021-04-15 09:47:23.710981 CEST | Iteration                    0
2021-04-15 09:47:23.711093 CEST | AverageDiscountedReturn     74.1037
2021-04-15 09:47:23.711202 CEST | AverageReturn               77.5629
2021-04-15 09:47:23.711308 CEST | ExplainedVariance            6.40576e-12
2021-04-15 09:47:23.711418 CEST | NumTrajs                    46
2021-04-15 09:47:23.711537 CEST | Entropy                      1.41894
2021-04-15 09:47:23.711640 CEST | Perplexity                   4.13273
2021-04-15 09:47:23.711745 CEST | StdReturn                   43.8789
2021-04-15 09:47:23.711850 CEST | MaxReturn                  219.911
2021-04-15 09:47:23.711982 CEST | MinReturn                    9.98715
2021-04-15 09:47:23.712086 CEST | Iteration                    0
2021-04-15 09:47:23.712189 CEST | AverageDiscountedReturn     85.5496
2021-04-15 09:47:23.712292 CEST | AverageReturn               91.4448
2021-04-15 09:47:23.712395 CEST | ExplainedVariance            0.0969334
2021-04-15 09:47:23.712497 CEST | NumTrajs                    40
2021-04-15 09:47:23.712598 CEST | Entropy                      1.41894
2021-04-15 09:47:23.712699 CEST | Perplexity                   4.13273
2021-04-15 09:47:23.712800 CEST | StdReturn                   71.0558
2021-04-15 09:47:23.712901 CEST | MaxReturn                  289.904
2021-04-15 09:47:23.713006 CEST | MinReturn                    9.98421
2021-04-15 09:47:23.713134 CEST | Iteration                    0
2021-04-15 09:47:23.713240 CEST | AverageDiscountedReturn     65.9554
2021-04-15 09:47:23.713344 CEST | AverageReturn               68.9994
2021-04-15 09:47:23.713445 CEST | ExplainedVariance            0.23835
2021-04-15 09:47:23.713546 CEST | NumTrajs                    52
2021-04-15 09:47:23.713649 CEST | Entropy                      1.41894
2021-04-15 09:47:23.713751 CEST | Perplexity                   4.13273
2021-04-15 09:47:23.713881 CEST | StdReturn                   47.6348
2021-04-15 09:47:23.713987 CEST | MaxReturn                  259.944
2021-04-15 09:47:23.714089 CEST | MinReturn                    9.98717
2021-04-15 09:47:23.714194 CEST | Iteration                    0
2021-04-15 09:47:23.714297 CEST | AverageDiscountedReturn     67.5296
2021-04-15 09:47:23.714471 CEST | AverageReturn               71.7522
2021-04-15 09:47:23.714609 CEST | ExplainedVariance            0.183055
2021-04-15 09:47:23.714712 CEST | NumTrajs                    50
2021-04-15 09:47:23.714814 CEST | Entropy                      1.41894
2021-04-15 09:47:23.714916 CEST | Perplexity                   4.13273
2021-04-15 09:47:23.715019 CEST | StdReturn                   67.1043
2021-04-15 09:47:23.715121 CEST | MaxReturn                  319.858
2021-04-15 09:47:23.715244 CEST | MinReturn                    0
2021-04-15 09:47:23.715347 CEST | Iteration                    0
2021-04-15 09:47:23.715449 CEST | AverageDiscountedReturn     75.212
2021-04-15 09:47:23.715552 CEST | AverageReturn               79.2871
2021-04-15 09:47:23.715656 CEST | ExplainedVariance            0.172775
2021-04-15 09:47:23.715758 CEST | NumTrajs                    45
2021-04-15 09:47:23.715860 CEST | Entropy                      1.41894
2021-04-15 09:47:23.715992 CEST | Perplexity                   4.13273
2021-04-15 09:47:23.716094 CEST | StdReturn                   54.7263
2021-04-15 09:47:23.716198 CEST | MaxReturn                  219.928
2021-04-15 09:47:23.716299 CEST | MinReturn                    0
2021-04-15 09:47:23.716402 CEST | AveragePolicyStd             1
2021-04-15 09:47:23.716503 CEST | AveragePolicyStd             1
2021-04-15 09:47:23.716604 CEST | AveragePolicyStd             1
2021-04-15 09:47:23.716704 CEST | AveragePolicyStd             1
2021-04-15 09:47:23.716807 CEST | AveragePolicyStd             1
2021-04-15 09:47:23.716907 CEST | Iteration                    1
2021-04-15 09:47:23.717009 CEST | AverageDiscountedReturn     84.2256
2021-04-15 09:47:23.717113 CEST | AverageReturn               89.2059
2021-04-15 09:47:23.717214 CEST | ExplainedVariance            0.250005
2021-04-15 09:47:23.717315 CEST | NumTrajs                    41
2021-04-15 09:47:23.717421 CEST | Entropy                      1.41496
2021-04-15 09:47:23.717522 CEST | Perplexity                   4.11634
2021-04-15 09:47:23.717624 CEST | StdReturn                   57.702
2021-04-15 09:47:23.717725 CEST | MaxReturn                  249.771
2021-04-15 09:47:23.717841 CEST | MinReturn                    0
2021-04-15 09:47:23.717945 CEST | Iteration                    1
2021-04-15 09:47:23.718047 CEST | AverageDiscountedReturn     87.5107
2021-04-15 09:47:23.718148 CEST | AverageReturn               92.9417
2021-04-15 09:47:23.718250 CEST | ExplainedVariance            0.219512
2021-04-15 09:47:23.718351 CEST | NumTrajs                    40
2021-04-15 09:47:23.718452 CEST | Entropy                      1.41496
2021-04-15 09:47:23.718554 CEST | Perplexity                   4.11634
2021-04-15 09:47:23.718655 CEST | StdReturn                   60.6442
2021-04-15 09:47:23.718758 CEST | MaxReturn                  279.896
2021-04-15 09:47:23.718861 CEST | MinReturn                    0
2021-04-15 09:47:23.718963 CEST | Iteration                    1
2021-04-15 09:47:23.719064 CEST | AverageDiscountedReturn     88.0422
2021-04-15 09:47:23.719166 CEST | AverageReturn               93.5334
2021-04-15 09:47:23.719269 CEST | ExplainedVariance            0.243641
2021-04-15 09:47:23.719372 CEST | NumTrajs                    39
2021-04-15 09:47:23.719475 CEST | Entropy                      1.41496
2021-04-15 09:47:23.719577 CEST | Perplexity                   4.11634
2021-04-15 09:47:23.719678 CEST | StdReturn                   61.2663
2021-04-15 09:47:23.719781 CEST | MaxReturn                  329.884
2021-04-15 09:47:23.719884 CEST | MinReturn                    9.98478
2021-04-15 09:47:23.719999 CEST | Iteration                    1
2021-04-15 09:47:23.720102 CEST | AverageDiscountedReturn     98.859
2021-04-15 09:47:23.720206 CEST | AverageReturn              107.877
2021-04-15 09:47:23.720308 CEST | ExplainedVariance           -0.343068
2021-04-15 09:47:23.720411 CEST | NumTrajs                    34
2021-04-15 09:47:23.720513 CEST | Entropy                      1.41496
2021-04-15 09:47:23.720615 CEST | Perplexity                   4.11634
2021-04-15 09:47:23.720717 CEST | StdReturn                   95.224
2021-04-15 09:47:23.720818 CEST | MaxReturn                  449.852
2021-04-15 09:47:23.720919 CEST | MinReturn                    0
2021-04-15 09:47:23.721020 CEST | Iteration                    1
2021-04-15 09:47:23.721122 CEST | AverageDiscountedReturn     72.1924
2021-04-15 09:47:23.721222 CEST | AverageReturn               75.9014
2021-04-15 09:47:23.721324 CEST | ExplainedVariance            0.0165168
2021-04-15 09:47:23.721425 CEST | NumTrajs                    47
2021-04-15 09:47:23.721526 CEST | Entropy                      1.41496
2021-04-15 09:47:23.721627 CEST | Perplexity                   4.11634
2021-04-15 09:47:23.721729 CEST | StdReturn                   52.2183
2021-04-15 09:47:23.721832 CEST | MaxReturn                  219.834
2021-04-15 09:47:23.721938 CEST | MinReturn                    0
2021-04-15 09:47:23.722039 CEST | AveragePolicyStd             0.996033
2021-04-15 09:47:23.722141 CEST | AveragePolicyStd             0.996033
2021-04-15 09:47:23.722244 CEST | AveragePolicyStd             0.996033
2021-04-15 09:47:23.722346 CEST | AveragePolicyStd             0.996033
2021-04-15 09:47:23.722450 CEST | AveragePolicyStd             0.996033
2021-04-15 09:47:23.722554 CEST | TransfBits               50480
2021-04-15 09:47:23.722657 CEST | TotalAverageReturn          85.2814
2021-04-15 09:47:23.722761 CEST | -----------------------  ---------------
2021-04-15 09:47:24.425043 CEST | [test_partrates_diffparams_notquant_2021_04_15_09_33_36_0017] itr #2 | fitting baseline...
2021-04-15 09:47:24.426117 CEST | [test_partrates_diffparams_notquant_2021_04_15_09_33_36_0017] itr #2 | fitted
2021-04-15 09:47:24.428527 CEST | [test_partrates_diffparams_notquant_2021_04_15_09_33_36_0017] itr #2 | fitting baseline...
2021-04-15 09:47:24.429640 CEST | [test_partrates_diffparams_notquant_2021_04_15_09_33_36_0017] itr #2 | fitted
2021-04-15 09:47:24.432286 CEST | [test_partrates_diffparams_notquant_2021_04_15_09_33_36_0017] itr #2 | fitting baseline...
2021-04-15 09:47:24.433643 CEST | [test_partrates_diffparams_notquant_2021_04_15_09_33_36_0017] itr #2 | fitted
2021-04-15 09:47:24.436320 CEST | [test_partrates_diffparams_notquant_2021_04_15_09_33_36_0017] itr #2 | fitting baseline...
2021-04-15 09:47:24.437393 CEST | [test_partrates_diffparams_notquant_2021_04_15_09_33_36_0017] itr #2 | fitted
2021-04-15 09:47:24.439931 CEST | [test_partrates_diffparams_notquant_2021_04_15_09_33_36_0017] itr #2 | fitting baseline...
2021-04-15 09:47:24.440997 CEST | [test_partrates_diffparams_notquant_2021_04_15_09_33_36_0017] itr #2 | fitted
2021-04-15 09:47:24.454662 CEST | [test_partrates_diffparams_notquant_2021_04_15_09_33_36_0017] itr #2 | saving snapshot...
2021-04-15 09:47:24.458491 CEST | [test_partrates_diffparams_notquant_2021_04_15_09_33_36_0017] itr #2 | saved
2021-04-15 09:47:24.460662 CEST | -----------------------  --------------
2021-04-15 09:47:24.460867 CEST | Iteration                     2
2021-04-15 09:47:24.460995 CEST | AverageDiscountedReturn     106.72
2021-04-15 09:47:24.461125 CEST | AverageReturn               115.239
2021-04-15 09:47:24.461245 CEST | ExplainedVariance             0.0561175
2021-04-15 09:47:24.461358 CEST | NumTrajs                     32
2021-04-15 09:47:24.461470 CEST | Entropy                       1.41154
2021-04-15 09:47:24.461583 CEST | Perplexity                    4.10227
2021-04-15 09:47:24.461694 CEST | StdReturn                    78.317
2021-04-15 09:47:24.461804 CEST | MaxReturn                   399.887
2021-04-15 09:47:24.461918 CEST | MinReturn                    19.9697
2021-04-15 09:47:24.462074 CEST | Iteration                     2
2021-04-15 09:47:24.462223 CEST | AverageDiscountedReturn     103.67
2021-04-15 09:47:24.462393 CEST | AverageReturn               111.142
2021-04-15 09:47:24.462524 CEST | ExplainedVariance             0.185868
2021-04-15 09:47:24.462674 CEST | NumTrajs                     33
2021-04-15 09:47:24.462820 CEST | Entropy                       1.41154
2021-04-15 09:47:24.462955 CEST | Perplexity                    4.10227
2021-04-15 09:47:24.463096 CEST | StdReturn                    67.2929
2021-04-15 09:47:24.463244 CEST | MaxReturn                   309.892
2021-04-15 09:47:24.463388 CEST | MinReturn                     9.98014
2021-04-15 09:47:24.463532 CEST | Iteration                     2
2021-04-15 09:47:24.463700 CEST | AverageDiscountedReturn      95.9515
2021-04-15 09:47:24.463839 CEST | AverageReturn               105.647
2021-04-15 09:47:24.463997 CEST | ExplainedVariance             0.107853
2021-04-15 09:47:24.464129 CEST | NumTrajs                     35
2021-04-15 09:47:24.464259 CEST | Entropy                       1.41154
2021-04-15 09:47:24.464395 CEST | Perplexity                    4.10227
2021-04-15 09:47:24.464524 CEST | StdReturn                   105.768
2021-04-15 09:47:24.464651 CEST | MaxReturn                   499.784
2021-04-15 09:47:24.464782 CEST | MinReturn                     9.98219
2021-04-15 09:47:24.464913 CEST | Iteration                     2
2021-04-15 09:47:24.465051 CEST | AverageDiscountedReturn      93.2155
2021-04-15 09:47:24.465189 CEST | AverageReturn               100.456
2021-04-15 09:47:24.465315 CEST | ExplainedVariance             0.123589
2021-04-15 09:47:24.465440 CEST | NumTrajs                     38
2021-04-15 09:47:24.465566 CEST | Entropy                       1.41154
2021-04-15 09:47:24.465724 CEST | Perplexity                    4.10227
2021-04-15 09:47:24.465857 CEST | StdReturn                    79.7671
2021-04-15 09:47:24.465986 CEST | MaxReturn                   369.842
2021-04-15 09:47:24.466113 CEST | MinReturn                     9.97975
2021-04-15 09:47:24.466244 CEST | Iteration                     2
2021-04-15 09:47:24.466370 CEST | AverageDiscountedReturn      95.0754
2021-04-15 09:47:24.466494 CEST | AverageReturn               101.515
2021-04-15 09:47:24.466622 CEST | ExplainedVariance             0.299812
2021-04-15 09:47:24.466749 CEST | NumTrajs                     38
2021-04-15 09:47:24.466873 CEST | Entropy                       1.41154
2021-04-15 09:47:24.466997 CEST | Perplexity                    4.10227
2021-04-15 09:47:24.467136 CEST | StdReturn                    65.2874
2021-04-15 09:47:24.467264 CEST | MaxReturn                   259.89
2021-04-15 09:47:24.467392 CEST | MinReturn                     0
2021-04-15 09:47:24.467516 CEST | AveragePolicyStd              0.99263
2021-04-15 09:47:24.467641 CEST | AveragePolicyStd              0.99263
2021-04-15 09:47:24.467771 CEST | AveragePolicyStd              0.99263
2021-04-15 09:47:24.467918 CEST | AveragePolicyStd              0.99263
2021-04-15 09:47:24.468062 CEST | AveragePolicyStd              0.99263
2021-04-15 09:47:24.468192 CEST | TransfBits               100960
2021-04-15 09:47:24.468323 CEST | TotalAverageReturn           98.5767
2021-04-15 09:47:24.468453 CEST | -----------------------  --------------
2021-04-15 09:47:25.220978 CEST | [test_partrates_diffparams_notquant_2021_04_15_09_33_36_0017] itr #3 | fitting baseline...
2021-04-15 09:47:25.221995 CEST | [test_partrates_diffparams_notquant_2021_04_15_09_33_36_0017] itr #3 | fitted
2021-04-15 09:47:25.224237 CEST | [test_partrates_diffparams_notquant_2021_04_15_09_33_36_0017] itr #3 | fitting baseline...
2021-04-15 09:47:25.225146 CEST | [test_partrates_diffparams_notquant_2021_04_15_09_33_36_0017] itr #3 | fitted
2021-04-15 09:47:25.227760 CEST | [test_partrates_diffparams_notquant_2021_04_15_09_33_36_0017] itr #3 | fitting baseline...
2021-04-15 09:47:25.228861 CEST | [test_partrates_diffparams_notquant_2021_04_15_09_33_36_0017] itr #3 | fitted
2021-04-15 09:47:25.231439 CEST | [test_partrates_diffparams_notquant_2021_04_15_09_33_36_0017] itr #3 | fitting baseline...
2021-04-15 09:47:25.232522 CEST | [test_partrates_diffparams_notquant_2021_04_15_09_33_36_0017] itr #3 | fitted
2021-04-15 09:47:25.234627 CEST | [test_partrates_diffparams_notquant_2021_04_15_09_33_36_0017] itr #3 | fitting baseline...
2021-04-15 09:47:25.235629 CEST | [test_partrates_diffparams_notquant_2021_04_15_09_33_36_0017] itr #3 | fitted
2021-04-15 09:47:25.252027 CEST | [test_partrates_diffparams_notquant_2021_04_15_09_33_36_0017] itr #3 | saving snapshot...
2021-04-15 09:47:25.256263 CEST | [test_partrates_diffparams_notquant_2021_04_15_09_33_36_0017] itr #3 | saved
2021-04-15 09:47:25.258297 CEST | -----------------------  -------------
2021-04-15 09:47:25.258474 CEST | Iteration                     3
2021-04-15 09:47:25.258654 CEST | AverageDiscountedReturn     118.974
2021-04-15 09:47:25.258781 CEST | AverageReturn               129.918
2021-04-15 09:47:25.258909 CEST | ExplainedVariance             0.31977
2021-04-15 09:47:25.259036 CEST | NumTrajs                     29
2021-04-15 09:47:25.259160 CEST | Entropy                       1.40766
2021-04-15 09:47:25.259292 CEST | Perplexity                    4.08639
2021-04-15 09:47:25.259427 CEST | StdReturn                    89.1545
2021-04-15 09:47:25.259552 CEST | MaxReturn                   329.889
2021-04-15 09:47:25.259677 CEST | MinReturn                     9.98473
2021-04-15 09:47:25.259802 CEST | Iteration                     3
2021-04-15 09:47:25.259956 CEST | AverageDiscountedReturn     117.54
2021-04-15 09:47:25.260096 CEST | AverageReturn               128.885
2021-04-15 09:47:25.260223 CEST | ExplainedVariance             0.349603
2021-04-15 09:47:25.260350 CEST | NumTrajs                     29
2021-04-15 09:47:25.260475 CEST | Entropy                       1.40766
2021-04-15 09:47:25.260599 CEST | Perplexity                    4.08639
2021-04-15 09:47:25.260731 CEST | StdReturn                    95.935
2021-04-15 09:47:25.260856 CEST | MaxReturn                   349.928
2021-04-15 09:47:25.260987 CEST | MinReturn                    19.964
2021-04-15 09:47:25.261113 CEST | Iteration                     3
2021-04-15 09:47:25.261236 CEST | AverageDiscountedReturn      98.3903
2021-04-15 09:47:25.261366 CEST | AverageReturn               106.591
2021-04-15 09:47:25.261496 CEST | ExplainedVariance            -1.74076
2021-04-15 09:47:25.261623 CEST | NumTrajs                     36
2021-04-15 09:47:25.261748 CEST | Entropy                       1.40766
2021-04-15 09:47:25.261872 CEST | Perplexity                    4.08639
2021-04-15 09:47:25.262006 CEST | StdReturn                    85.1188
2021-04-15 09:47:25.262134 CEST | MaxReturn                   359.855
2021-04-15 09:47:25.262260 CEST | MinReturn                     9.97972
2021-04-15 09:47:25.262389 CEST | Iteration                     3
2021-04-15 09:47:25.262517 CEST | AverageDiscountedReturn      91.4244
2021-04-15 09:47:25.262643 CEST | AverageReturn                98.5772
2021-04-15 09:47:25.262767 CEST | ExplainedVariance             0.310261
2021-04-15 09:47:25.262892 CEST | NumTrajs                     37
2021-04-15 09:47:25.263023 CEST | Entropy                       1.40766
2021-04-15 09:47:25.263155 CEST | Perplexity                    4.08639
2021-04-15 09:47:25.263281 CEST | StdReturn                    80.8158
2021-04-15 09:47:25.263439 CEST | MaxReturn                   339.858
2021-04-15 09:47:25.263569 CEST | MinReturn                     9.98265
2021-04-15 09:47:25.263698 CEST | Iteration                     3
2021-04-15 09:47:25.263825 CEST | AverageDiscountedReturn     134.272
2021-04-15 09:47:25.263978 CEST | AverageReturn               149.548
2021-04-15 09:47:25.264109 CEST | ExplainedVariance            -0.061549
2021-04-15 09:47:25.264233 CEST | NumTrajs                     27
2021-04-15 09:47:25.264363 CEST | Entropy                       1.40766
2021-04-15 09:47:25.264494 CEST | Perplexity                    4.08639
2021-04-15 09:47:25.264619 CEST | StdReturn                   111.007
2021-04-15 09:47:25.264747 CEST | MaxReturn                   369.877
2021-04-15 09:47:25.264873 CEST | MinReturn                     0
2021-04-15 09:47:25.265001 CEST | AveragePolicyStd              0.988787
2021-04-15 09:47:25.265129 CEST | AveragePolicyStd              0.988787
2021-04-15 09:47:25.265264 CEST | AveragePolicyStd              0.988787
2021-04-15 09:47:25.265397 CEST | AveragePolicyStd              0.988787
2021-04-15 09:47:25.265524 CEST | AveragePolicyStd              0.988787
2021-04-15 09:47:25.265649 CEST | TransfBits               151440
2021-04-15 09:47:25.265773 CEST | TotalAverageReturn          110.184
2021-04-15 09:47:25.265898 CEST | -----------------------  -------------
2021-04-15 09:47:26.015493 CEST | [test_partrates_diffparams_notquant_2021_04_15_09_33_36_0017] itr #4 | fitting baseline...
2021-04-15 09:47:26.016776 CEST | [test_partrates_diffparams_notquant_2021_04_15_09_33_36_0017] itr #4 | fitted
2021-04-15 09:47:26.019206 CEST | [test_partrates_diffparams_notquant_2021_04_15_09_33_36_0017] itr #4 | fitting baseline...
2021-04-15 09:47:26.020427 CEST | [test_partrates_diffparams_notquant_2021_04_15_09_33_36_0017] itr #4 | fitted
2021-04-15 09:47:26.022897 CEST | [test_partrates_diffparams_notquant_2021_04_15_09_33_36_0017] itr #4 | fitting baseline...
2021-04-15 09:47:26.023859 CEST | [test_partrates_diffparams_notquant_2021_04_15_09_33_36_0017] itr #4 | fitted
2021-04-15 09:47:26.026490 CEST | [test_partrates_diffparams_notquant_2021_04_15_09_33_36_0017] itr #4 | fitting baseline...
2021-04-15 09:47:26.027526 CEST | [test_partrates_diffparams_notquant_2021_04_15_09_33_36_0017] itr #4 | fitted
2021-04-15 09:47:26.029913 CEST | [test_partrates_diffparams_notquant_2021_04_15_09_33_36_0017] itr #4 | fitting baseline...
2021-04-15 09:47:26.030906 CEST | [test_partrates_diffparams_notquant_2021_04_15_09_33_36_0017] itr #4 | fitted
2021-04-15 09:47:26.043784 CEST | [test_partrates_diffparams_notquant_2021_04_15_09_33_36_0017] itr #4 | saving snapshot...
2021-04-15 09:47:26.048767 CEST | [test_partrates_diffparams_notquant_2021_04_15_09_33_36_0017] itr #4 | saved
2021-04-15 09:47:26.051649 CEST | -----------------------  -------------
2021-04-15 09:47:26.051886 CEST | Iteration                     4
2021-04-15 09:47:26.052095 CEST | AverageDiscountedReturn     108.485
2021-04-15 09:47:26.052263 CEST | AverageReturn               117.486
2021-04-15 09:47:26.052434 CEST | ExplainedVariance             0.36532
2021-04-15 09:47:26.052630 CEST | NumTrajs                     33
2021-04-15 09:47:26.052811 CEST | Entropy                       1.40453
2021-04-15 09:47:26.053005 CEST | Perplexity                    4.0736
2021-04-15 09:47:26.053164 CEST | StdReturn                    81.1045
2021-04-15 09:47:26.053341 CEST | MaxReturn                   319.909
2021-04-15 09:47:26.053521 CEST | MinReturn                     9.98234
2021-04-15 09:47:26.053698 CEST | Iteration                     4
2021-04-15 09:47:26.053864 CEST | AverageDiscountedReturn     129.491
2021-04-15 09:47:26.054038 CEST | AverageReturn               142.874
2021-04-15 09:47:26.054206 CEST | ExplainedVariance             0.329198
2021-04-15 09:47:26.054386 CEST | NumTrajs                     27
2021-04-15 09:47:26.054564 CEST | Entropy                       1.40453
2021-04-15 09:47:26.054742 CEST | Perplexity                    4.0736
2021-04-15 09:47:26.054913 CEST | StdReturn                    99.708
2021-04-15 09:47:26.055081 CEST | MaxReturn                   369.893
2021-04-15 09:47:26.055251 CEST | MinReturn                     0
2021-04-15 09:47:26.055433 CEST | Iteration                     4
2021-04-15 09:47:26.055619 CEST | AverageDiscountedReturn     119.213
2021-04-15 09:47:26.055791 CEST | AverageReturn               130.252
2021-04-15 09:47:26.055991 CEST | ExplainedVariance             0.389957
2021-04-15 09:47:26.056159 CEST | NumTrajs                     29
2021-04-15 09:47:26.056341 CEST | Entropy                       1.40453
2021-04-15 09:47:26.056511 CEST | Perplexity                    4.0736
2021-04-15 09:47:26.056679 CEST | StdReturn                    90.2411
2021-04-15 09:47:26.056852 CEST | MaxReturn                   419.856
2021-04-15 09:47:26.057023 CEST | MinReturn                     0
2021-04-15 09:47:26.057201 CEST | Iteration                     4
2021-04-15 09:47:26.057379 CEST | AverageDiscountedReturn      99.783
2021-04-15 09:47:26.057583 CEST | AverageReturn               107.06
2021-04-15 09:47:26.057748 CEST | ExplainedVariance             0.178145
2021-04-15 09:47:26.057925 CEST | NumTrajs                     35
2021-04-15 09:47:26.058094 CEST | Entropy                       1.40453
2021-04-15 09:47:26.058272 CEST | Perplexity                    4.0736
2021-04-15 09:47:26.058449 CEST | StdReturn                    70.6221
2021-04-15 09:47:26.058623 CEST | MaxReturn                   299.87
2021-04-15 09:47:26.058804 CEST | MinReturn                     0
2021-04-15 09:47:26.058976 CEST | Iteration                     4
2021-04-15 09:47:26.059152 CEST | AverageDiscountedReturn     124.616
2021-04-15 09:47:26.059322 CEST | AverageReturn               136.694
2021-04-15 09:47:26.059497 CEST | ExplainedVariance             0.303462
2021-04-15 09:47:26.059676 CEST | NumTrajs                     28
2021-04-15 09:47:26.059849 CEST | Entropy                       1.40453
2021-04-15 09:47:26.060061 CEST | Perplexity                    4.0736
2021-04-15 09:47:26.060226 CEST | StdReturn                    92.422
2021-04-15 09:47:26.060395 CEST | MaxReturn                   309.846
2021-04-15 09:47:26.060566 CEST | MinReturn                     0
2021-04-15 09:47:26.060736 CEST | AveragePolicyStd              0.985691
2021-04-15 09:47:26.060953 CEST | AveragePolicyStd              0.985691
2021-04-15 09:47:26.061162 CEST | AveragePolicyStd              0.985691
2021-04-15 09:47:26.061348 CEST | AveragePolicyStd              0.985691
2021-04-15 09:47:26.061510 CEST | AveragePolicyStd              0.985691
2021-04-15 09:47:26.061664 CEST | TransfBits               201920
2021-04-15 09:47:26.061824 CEST | TotalAverageReturn          115.231
2021-04-15 09:47:26.061978 CEST | -----------------------  -------------
2021-04-15 09:47:26.800006 CEST | [test_partrates_diffparams_notquant_2021_04_15_09_33_36_0017] itr #5 | fitting baseline...
2021-04-15 09:47:26.801002 CEST | [test_partrates_diffparams_notquant_2021_04_15_09_33_36_0017] itr #5 | fitted
2021-04-15 09:47:26.802877 CEST | [test_partrates_diffparams_notquant_2021_04_15_09_33_36_0017] itr #5 | fitting baseline...
2021-04-15 09:47:26.803648 CEST | [test_partrates_diffparams_notquant_2021_04_15_09_33_36_0017] itr #5 | fitted
2021-04-15 09:47:26.805534 CEST | [test_partrates_diffparams_notquant_2021_04_15_09_33_36_0017] itr #5 | fitting baseline...
2021-04-15 09:47:26.806315 CEST | [test_partrates_diffparams_notquant_2021_04_15_09_33_36_0017] itr #5 | fitted
2021-04-15 09:47:26.808208 CEST | [test_partrates_diffparams_notquant_2021_04_15_09_33_36_0017] itr #5 | fitting baseline...
2021-04-15 09:47:26.808997 CEST | [test_partrates_diffparams_notquant_2021_04_15_09_33_36_0017] itr #5 | fitted
2021-04-15 09:47:26.811477 CEST | [test_partrates_diffparams_notquant_2021_04_15_09_33_36_0017] itr #5 | fitting baseline...
2021-04-15 09:47:26.812466 CEST | [test_partrates_diffparams_notquant_2021_04_15_09_33_36_0017] itr #5 | fitted
2021-04-15 09:47:26.824690 CEST | [test_partrates_diffparams_notquant_2021_04_15_09_33_36_0017] itr #5 | saving snapshot...
2021-04-15 09:47:26.828599 CEST | [test_partrates_diffparams_notquant_2021_04_15_09_33_36_0017] itr #5 | saved
2021-04-15 09:47:26.831203 CEST | -----------------------  -------------
2021-04-15 09:47:26.831418 CEST | Iteration                     5
2021-04-15 09:47:26.831564 CEST | AverageDiscountedReturn     123.062
2021-04-15 09:47:26.831714 CEST | AverageReturn               136.339
2021-04-15 09:47:26.831886 CEST | ExplainedVariance             0.331722
2021-04-15 09:47:26.832042 CEST | NumTrajs                     28
2021-04-15 09:47:26.832235 CEST | Entropy                       1.40191
2021-04-15 09:47:26.832410 CEST | Perplexity                    4.06296
2021-04-15 09:47:26.832537 CEST | StdReturn                   107.776
2021-04-15 09:47:26.832659 CEST | MaxReturn                   369.935
2021-04-15 09:47:26.832784 CEST | MinReturn                     9.98105
2021-04-15 09:47:26.832906 CEST | Iteration                     5
2021-04-15 09:47:26.833032 CEST | AverageDiscountedReturn     144.783
2021-04-15 09:47:26.833151 CEST | AverageReturn               160.724
2021-04-15 09:47:26.833269 CEST | ExplainedVariance             0.17459
2021-04-15 09:47:26.833382 CEST | NumTrajs                     24
2021-04-15 09:47:26.833497 CEST | Entropy                       1.40191
2021-04-15 09:47:26.833616 CEST | Perplexity                    4.06296
2021-04-15 09:47:26.833731 CEST | StdReturn                   103.56
2021-04-15 09:47:26.833847 CEST | MaxReturn                   509.737
2021-04-15 09:47:26.833962 CEST | MinReturn                    29.9661
2021-04-15 09:47:26.834075 CEST | Iteration                     5
2021-04-15 09:47:26.834186 CEST | AverageDiscountedReturn     137.581
2021-04-15 09:47:26.834302 CEST | AverageReturn               152.693
2021-04-15 09:47:26.834416 CEST | ExplainedVariance            -0.642178
2021-04-15 09:47:26.834528 CEST | NumTrajs                     25
2021-04-15 09:47:26.834641 CEST | Entropy                       1.40191
2021-04-15 09:47:26.834754 CEST | Perplexity                    4.06296
2021-04-15 09:47:26.834867 CEST | StdReturn                   105.101
2021-04-15 09:47:26.834980 CEST | MaxReturn                   399.824
2021-04-15 09:47:26.835094 CEST | MinReturn                    19.9603
2021-04-15 09:47:26.835207 CEST | Iteration                     5
2021-04-15 09:47:26.835326 CEST | AverageDiscountedReturn     132.957
2021-04-15 09:47:26.835440 CEST | AverageReturn               145.672
2021-04-15 09:47:26.835553 CEST | ExplainedVariance             0.334887
2021-04-15 09:47:26.835667 CEST | NumTrajs                     26
2021-04-15 09:47:26.835800 CEST | Entropy                       1.40191
2021-04-15 09:47:26.835952 CEST | Perplexity                    4.06296
2021-04-15 09:47:26.836075 CEST | StdReturn                    86.0497
2021-04-15 09:47:26.836193 CEST | MaxReturn                   309.942
2021-04-15 09:47:26.836313 CEST | MinReturn                     0
2021-04-15 09:47:26.836429 CEST | Iteration                     5
2021-04-15 09:47:26.836542 CEST | AverageDiscountedReturn     132.024
2021-04-15 09:47:26.836659 CEST | AverageReturn               145.836
2021-04-15 09:47:26.836790 CEST | ExplainedVariance             0.324084
2021-04-15 09:47:26.836911 CEST | NumTrajs                     27
2021-04-15 09:47:26.837026 CEST | Entropy                       1.40191
2021-04-15 09:47:26.837144 CEST | Perplexity                    4.06296
2021-04-15 09:47:26.837259 CEST | StdReturn                   100.085
2021-04-15 09:47:26.837372 CEST | MaxReturn                   379.838
2021-04-15 09:47:26.837487 CEST | MinReturn                    19.9659
2021-04-15 09:47:26.837609 CEST | AveragePolicyStd              0.983118
2021-04-15 09:47:26.837754 CEST | AveragePolicyStd              0.983118
2021-04-15 09:47:26.837906 CEST | AveragePolicyStd              0.983118
2021-04-15 09:47:26.838048 CEST | AveragePolicyStd              0.983118
2021-04-15 09:47:26.838191 CEST | AveragePolicyStd              0.983118
2021-04-15 09:47:26.838341 CEST | TransfBits               252400
2021-04-15 09:47:26.838489 CEST | TotalAverageReturn          133.704
2021-04-15 09:47:26.838643 CEST | -----------------------  -------------
2021-04-15 09:47:27.535092 CEST | [test_partrates_diffparams_notquant_2021_04_15_09_33_36_0017] itr #6 | fitting baseline...
2021-04-15 09:47:27.535977 CEST | [test_partrates_diffparams_notquant_2021_04_15_09_33_36_0017] itr #6 | fitted
2021-04-15 09:47:27.537775 CEST | [test_partrates_diffparams_notquant_2021_04_15_09_33_36_0017] itr #6 | fitting baseline...
2021-04-15 09:47:27.538535 CEST | [test_partrates_diffparams_notquant_2021_04_15_09_33_36_0017] itr #6 | fitted
2021-04-15 09:47:27.540142 CEST | [test_partrates_diffparams_notquant_2021_04_15_09_33_36_0017] itr #6 | fitting baseline...
2021-04-15 09:47:27.540906 CEST | [test_partrates_diffparams_notquant_2021_04_15_09_33_36_0017] itr #6 | fitted
2021-04-15 09:47:27.542927 CEST | [test_partrates_diffparams_notquant_2021_04_15_09_33_36_0017] itr #6 | fitting baseline...
2021-04-15 09:47:27.543782 CEST | [test_partrates_diffparams_notquant_2021_04_15_09_33_36_0017] itr #6 | fitted
2021-04-15 09:47:27.545581 CEST | [test_partrates_diffparams_notquant_2021_04_15_09_33_36_0017] itr #6 | fitting baseline...
2021-04-15 09:47:27.546435 CEST | [test_partrates_diffparams_notquant_2021_04_15_09_33_36_0017] itr #6 | fitted
2021-04-15 09:47:27.560460 CEST | [test_partrates_diffparams_notquant_2021_04_15_09_33_36_0017] itr #6 | saving snapshot...
2021-04-15 09:47:27.564177 CEST | [test_partrates_diffparams_notquant_2021_04_15_09_33_36_0017] itr #6 | saved
2021-04-15 09:47:27.566058 CEST | -----------------------  -------------
2021-04-15 09:47:27.566184 CEST | Iteration                     6
2021-04-15 09:47:27.566295 CEST | AverageDiscountedReturn     155.629
2021-04-15 09:47:27.566403 CEST | AverageReturn               172.148
2021-04-15 09:47:27.566510 CEST | ExplainedVariance             0.36626
2021-04-15 09:47:27.566616 CEST | NumTrajs                     22
2021-04-15 09:47:27.566723 CEST | Entropy                       1.39882
2021-04-15 09:47:27.566829 CEST | Perplexity                    4.05043
2021-04-15 09:47:27.566932 CEST | StdReturn                    87.9224
2021-04-15 09:47:27.567036 CEST | MaxReturn                   419.854
2021-04-15 09:47:27.567140 CEST | MinReturn                    19.9636
2021-04-15 09:47:27.567243 CEST | Iteration                     6
2021-04-15 09:47:27.567346 CEST | AverageDiscountedReturn     158.417
2021-04-15 09:47:27.567450 CEST | AverageReturn               179.027
2021-04-15 09:47:27.567554 CEST | ExplainedVariance             0.15875
2021-04-15 09:47:27.567658 CEST | NumTrajs                     23
2021-04-15 09:47:27.567761 CEST | Entropy                       1.39882
2021-04-15 09:47:27.567864 CEST | Perplexity                    4.05043
2021-04-15 09:47:27.567994 CEST | StdReturn                   125.243
2021-04-15 09:47:27.568099 CEST | MaxReturn                   549.841
2021-04-15 09:47:27.568203 CEST | MinReturn                    49.9152
2021-04-15 09:47:27.568305 CEST | Iteration                     6
2021-04-15 09:47:27.568411 CEST | AverageDiscountedReturn     189.534
2021-04-15 09:47:27.568521 CEST | AverageReturn               216.537
2021-04-15 09:47:27.568627 CEST | ExplainedVariance             0.320146
2021-04-15 09:47:27.568731 CEST | NumTrajs                     18
2021-04-15 09:47:27.568833 CEST | Entropy                       1.39882
2021-04-15 09:47:27.568934 CEST | Perplexity                    4.05043
2021-04-15 09:47:27.569036 CEST | StdReturn                   123.771
2021-04-15 09:47:27.569138 CEST | MaxReturn                   499.872
2021-04-15 09:47:27.569239 CEST | MinReturn                    39.9656
2021-04-15 09:47:27.569340 CEST | Iteration                     6
2021-04-15 09:47:27.569442 CEST | AverageDiscountedReturn     127.112
2021-04-15 09:47:27.569546 CEST | AverageReturn               139.896
2021-04-15 09:47:27.569648 CEST | ExplainedVariance             0.187831
2021-04-15 09:47:27.569750 CEST | NumTrajs                     28
2021-04-15 09:47:27.569853 CEST | Entropy                       1.39882
2021-04-15 09:47:27.569957 CEST | Perplexity                    4.05043
2021-04-15 09:47:27.570058 CEST | StdReturn                    96.8022
2021-04-15 09:47:27.570159 CEST | MaxReturn                   329.919
2021-04-15 09:47:27.570261 CEST | MinReturn                     9.98112
2021-04-15 09:47:27.570364 CEST | Iteration                     6
2021-04-15 09:47:27.570466 CEST | AverageDiscountedReturn     155.509
2021-04-15 09:47:27.570569 CEST | AverageReturn               174.427
2021-04-15 09:47:27.570671 CEST | ExplainedVariance             0.327729
2021-04-15 09:47:27.570777 CEST | NumTrajs                     22
2021-04-15 09:47:27.570881 CEST | Entropy                       1.39882
2021-04-15 09:47:27.570983 CEST | Perplexity                    4.05043
2021-04-15 09:47:27.571086 CEST | StdReturn                   112.799
2021-04-15 09:47:27.571189 CEST | MaxReturn                   469.814
2021-04-15 09:47:27.571291 CEST | MinReturn                     0
2021-04-15 09:47:27.571394 CEST | AveragePolicyStd              0.980086
2021-04-15 09:47:27.571496 CEST | AveragePolicyStd              0.980086
2021-04-15 09:47:27.571600 CEST | AveragePolicyStd              0.980086
2021-04-15 09:47:27.571704 CEST | AveragePolicyStd              0.980086
2021-04-15 09:47:27.571807 CEST | AveragePolicyStd              0.980086
2021-04-15 09:47:27.571922 CEST | TransfBits               302880
2021-04-15 09:47:27.572027 CEST | TotalAverageReturn          154.508
2021-04-15 09:47:27.572132 CEST | -----------------------  -------------
2021-04-15 09:47:28.265290 CEST | [test_partrates_diffparams_notquant_2021_04_15_09_33_36_0017] itr #7 | fitting baseline...
2021-04-15 09:47:28.266079 CEST | [test_partrates_diffparams_notquant_2021_04_15_09_33_36_0017] itr #7 | fitted
2021-04-15 09:47:28.267643 CEST | [test_partrates_diffparams_notquant_2021_04_15_09_33_36_0017] itr #7 | fitting baseline...
2021-04-15 09:47:28.268388 CEST | [test_partrates_diffparams_notquant_2021_04_15_09_33_36_0017] itr #7 | fitted
2021-04-15 09:47:28.270100 CEST | [test_partrates_diffparams_notquant_2021_04_15_09_33_36_0017] itr #7 | fitting baseline...
