2021-04-15 10:18:50.735606 CEST | [test_partrates_params_notquant_2021_04_15_10_13_31_0007] Populating workers...
2021-04-15 10:18:50.735867 CEST | [test_partrates_params_notquant_2021_04_15_10_13_31_0007] Populated
2021-04-15 10:18:51.286674 CEST | [test_partrates_params_notquant_2021_04_15_10_13_31_0007] itr #0 | fitting baseline...
2021-04-15 10:18:51.312931 CEST | [test_partrates_params_notquant_2021_04_15_10_13_31_0007] itr #0 | fitted
2021-04-15 10:18:55.603276 CEST | [test_partrates_params_notquant_2021_04_15_10_13_31_0007] itr #1 | fitting baseline...
2021-04-15 10:18:55.607074 CEST | [test_partrates_params_notquant_2021_04_15_10_13_31_0007] itr #1 | fitted
2021-04-15 10:18:55.617242 CEST | [test_partrates_params_notquant_2021_04_15_10_13_31_0007] itr #1 | saving snapshot...
2021-04-15 10:18:55.624144 CEST | [test_partrates_params_notquant_2021_04_15_10_13_31_0007] itr #1 | saved
2021-04-15 10:18:55.625588 CEST | -----------------------  -------------
2021-04-15 10:18:55.625807 CEST | Iteration                  0
2021-04-15 10:18:55.625955 CEST | AverageDiscountedReturn   48.0093
2021-04-15 10:18:55.626098 CEST | AverageReturn             49.6698
2021-04-15 10:18:55.626241 CEST | ExplainedVariance          8.01514e-12
2021-04-15 10:18:55.626386 CEST | NumTrajs                  67
2021-04-15 10:18:55.626559 CEST | Entropy                    1.41894
2021-04-15 10:18:55.626718 CEST | Perplexity                 4.13273
2021-04-15 10:18:55.626866 CEST | StdReturn                 38.1498
2021-04-15 10:18:55.627004 CEST | MaxReturn                209.903
2021-04-15 10:18:55.627144 CEST | MinReturn                  0
2021-04-15 10:18:55.627302 CEST | AveragePolicyStd           1
2021-04-15 10:18:55.627702 CEST | Iteration                  1
2021-04-15 10:18:55.627956 CEST | AverageDiscountedReturn   56.0496
2021-04-15 10:18:55.628150 CEST | AverageReturn             58.1015
2021-04-15 10:18:55.628361 CEST | ExplainedVariance          0.255453
2021-04-15 10:18:55.628507 CEST | NumTrajs                  59
2021-04-15 10:18:55.628647 CEST | Entropy                    1.41794
2021-04-15 10:18:55.628783 CEST | Perplexity                 4.1286
2021-04-15 10:18:55.628921 CEST | StdReturn                 37.9634
2021-04-15 10:18:55.629058 CEST | MaxReturn                199.922
2021-04-15 10:18:55.629196 CEST | MinReturn                  9.98133
2021-04-15 10:18:55.629366 CEST | AveragePolicyStd           0.999001
2021-04-15 10:18:55.629538 CEST | TransfBits                 0
2021-04-15 10:18:55.629682 CEST | TotalAverageReturn        56.0496
2021-04-15 10:18:55.629829 CEST | -----------------------  -------------
2021-04-15 10:18:55.889972 CEST | [test_partrates_params_notquant_2021_04_15_10_13_31_0007] itr #2 | fitting baseline...
2021-04-15 10:18:55.892540 CEST | [test_partrates_params_notquant_2021_04_15_10_13_31_0007] itr #2 | fitted
2021-04-15 10:18:55.899094 CEST | [test_partrates_params_notquant_2021_04_15_10_13_31_0007] itr #2 | saving snapshot...
2021-04-15 10:18:55.904223 CEST | [test_partrates_params_notquant_2021_04_15_10_13_31_0007] itr #2 | saved
2021-04-15 10:18:55.905287 CEST | -----------------------  ----------
2021-04-15 10:18:55.905563 CEST | Iteration                  2
2021-04-15 10:18:55.905770 CEST | AverageDiscountedReturn   62.8527
2021-04-15 10:18:55.905965 CEST | AverageReturn             65.4305
2021-04-15 10:18:55.906134 CEST | ExplainedVariance          0.203197
2021-04-15 10:18:55.906293 CEST | NumTrajs                  53
2021-04-15 10:18:55.906450 CEST | Entropy                    1.41697
2021-04-15 10:18:55.906644 CEST | Perplexity                 4.12461
2021-04-15 10:18:55.906833 CEST | StdReturn                 41.2164
2021-04-15 10:18:55.906979 CEST | MaxReturn                179.937
2021-04-15 10:18:55.907128 CEST | MinReturn                  9.98401
2021-04-15 10:18:55.907259 CEST | AveragePolicyStd           0.998034
2021-04-15 10:18:55.907392 CEST | TransfBits                 0
2021-04-15 10:18:55.907601 CEST | TotalAverageReturn        62.8527
2021-04-15 10:18:55.907774 CEST | -----------------------  ----------
2021-04-15 10:18:56.223379 CEST | [test_partrates_params_notquant_2021_04_15_10_13_31_0007] itr #3 | fitting baseline...
2021-04-15 10:18:56.225273 CEST | [test_partrates_params_notquant_2021_04_15_10_13_31_0007] itr #3 | fitted
2021-04-15 10:18:56.231018 CEST | [test_partrates_params_notquant_2021_04_15_10_13_31_0007] itr #3 | saving snapshot...
2021-04-15 10:18:56.235376 CEST | [test_partrates_params_notquant_2021_04_15_10_13_31_0007] itr #3 | saved
2021-04-15 10:18:56.236245 CEST | -----------------------  ----------
2021-04-15 10:18:56.236400 CEST | Iteration                  3
2021-04-15 10:18:56.236532 CEST | AverageDiscountedReturn   61.416
2021-04-15 10:18:56.236663 CEST | AverageReturn             64.5917
2021-04-15 10:18:56.236796 CEST | ExplainedVariance          0.125108
2021-04-15 10:18:56.236924 CEST | NumTrajs                  54
2021-04-15 10:18:56.237052 CEST | Entropy                    1.4161
2021-04-15 10:18:56.237176 CEST | Perplexity                 4.121
2021-04-15 10:18:56.237301 CEST | StdReturn                 55.8783
2021-04-15 10:18:56.237428 CEST | MaxReturn                229.876
2021-04-15 10:18:56.237551 CEST | MinReturn                  0
2021-04-15 10:18:56.237687 CEST | AveragePolicyStd           0.997162
2021-04-15 10:18:56.237847 CEST | TransfBits                 0
2021-04-15 10:18:56.237977 CEST | TotalAverageReturn        61.416
2021-04-15 10:18:56.238106 CEST | -----------------------  ----------
2021-04-15 10:18:56.569550 CEST | [test_partrates_params_notquant_2021_04_15_10_13_31_0007] itr #4 | fitting baseline...
2021-04-15 10:18:56.572437 CEST | [test_partrates_params_notquant_2021_04_15_10_13_31_0007] itr #4 | fitted
2021-04-15 10:18:56.578939 CEST | [test_partrates_params_notquant_2021_04_15_10_13_31_0007] itr #4 | saving snapshot...
2021-04-15 10:18:56.584388 CEST | [test_partrates_params_notquant_2021_04_15_10_13_31_0007] itr #4 | saved
2021-04-15 10:18:56.585575 CEST | -----------------------  ----------
2021-04-15 10:18:56.585850 CEST | Iteration                  4
2021-04-15 10:18:56.586079 CEST | AverageDiscountedReturn   60.6047
2021-04-15 10:18:56.586298 CEST | AverageReturn             63.5265
2021-04-15 10:18:56.586498 CEST | ExplainedVariance          0.029889
2021-04-15 10:18:56.586689 CEST | NumTrajs                  56
2021-04-15 10:18:56.586890 CEST | Entropy                    1.41547
2021-04-15 10:18:56.587121 CEST | Perplexity                 4.11841
2021-04-15 10:18:56.587316 CEST | StdReturn                 52.1894
2021-04-15 10:18:56.587511 CEST | MaxReturn                289.804
2021-04-15 10:18:56.587716 CEST | MinReturn                  9.98148
2021-04-15 10:18:56.587949 CEST | AveragePolicyStd           0.996536
2021-04-15 10:18:56.588177 CEST | TransfBits                 0
2021-04-15 10:18:56.588374 CEST | TotalAverageReturn        60.6047
2021-04-15 10:18:56.588585 CEST | -----------------------  ----------
2021-04-15 10:18:56.899832 CEST | [test_partrates_params_notquant_2021_04_15_10_13_31_0007] itr #5 | fitting baseline...
2021-04-15 10:18:56.902009 CEST | [test_partrates_params_notquant_2021_04_15_10_13_31_0007] itr #5 | fitted
2021-04-15 10:18:56.907039 CEST | [test_partrates_params_notquant_2021_04_15_10_13_31_0007] itr #5 | saving snapshot...
2021-04-15 10:18:56.910884 CEST | [test_partrates_params_notquant_2021_04_15_10_13_31_0007] itr #5 | saved
2021-04-15 10:18:56.912061 CEST | -----------------------  -----------
2021-04-15 10:18:56.912361 CEST | Iteration                  5
2021-04-15 10:18:56.912580 CEST | AverageDiscountedReturn   59.0202
2021-04-15 10:18:56.912755 CEST | AverageReturn             61.3649
2021-04-15 10:18:56.912980 CEST | ExplainedVariance          0.0961614
2021-04-15 10:18:56.913177 CEST | NumTrajs                  57
2021-04-15 10:18:56.913353 CEST | Entropy                    1.41501
2021-04-15 10:18:56.913561 CEST | Perplexity                 4.11651
2021-04-15 10:18:56.913720 CEST | StdReturn                 41.122
2021-04-15 10:18:56.913893 CEST | MaxReturn                219.864
2021-04-15 10:18:56.914107 CEST | MinReturn                  9.97973
2021-04-15 10:18:56.914326 CEST | AveragePolicyStd           0.996075
2021-04-15 10:18:56.914501 CEST | TransfBits                 0
2021-04-15 10:18:56.914676 CEST | TotalAverageReturn        59.0202
2021-04-15 10:18:56.914855 CEST | -----------------------  -----------
2021-04-15 10:18:57.121038 CEST | [test_partrates_params_notquant_2021_04_15_10_13_31_0007] itr #6 | fitting baseline...
2021-04-15 10:18:57.123250 CEST | [test_partrates_params_notquant_2021_04_15_10_13_31_0007] itr #6 | fitted
2021-04-15 10:18:57.133032 CEST | [test_partrates_params_notquant_2021_04_15_10_13_31_0007] itr #6 | saving snapshot...
2021-04-15 10:18:57.137398 CEST | [test_partrates_params_notquant_2021_04_15_10_13_31_0007] itr #6 | saved
2021-04-15 10:18:57.138323 CEST | -----------------------  ----------
2021-04-15 10:18:57.138485 CEST | Iteration                  6
2021-04-15 10:18:57.138626 CEST | AverageDiscountedReturn   61.7255
2021-04-15 10:18:57.138768 CEST | AverageReturn             64.5026
2021-04-15 10:18:57.138905 CEST | ExplainedVariance          0.186021
2021-04-15 10:18:57.139038 CEST | NumTrajs                  55
2021-04-15 10:18:57.139170 CEST | Entropy                    1.41444
2021-04-15 10:18:57.139302 CEST | Perplexity                 4.11419
2021-04-15 10:18:57.139431 CEST | StdReturn                 47.5286
2021-04-15 10:18:57.139565 CEST | MaxReturn                239.831
2021-04-15 10:18:57.139697 CEST | MinReturn                  0
2021-04-15 10:18:57.139832 CEST | AveragePolicyStd           0.995513
2021-04-15 10:18:57.140027 CEST | TransfBits                 0
2021-04-15 10:18:57.140179 CEST | TotalAverageReturn        61.7255
2021-04-15 10:18:57.140334 CEST | -----------------------  ----------
2021-04-15 10:18:57.326915 CEST | [test_partrates_params_notquant_2021_04_15_10_13_31_0007] itr #7 | fitting baseline...
2021-04-15 10:18:57.328686 CEST | [test_partrates_params_notquant_2021_04_15_10_13_31_0007] itr #7 | fitted
2021-04-15 10:18:57.332661 CEST | [test_partrates_params_notquant_2021_04_15_10_13_31_0007] itr #7 | saving snapshot...
2021-04-15 10:18:57.336065 CEST | [test_partrates_params_notquant_2021_04_15_10_13_31_0007] itr #7 | saved
2021-04-15 10:18:57.336913 CEST | -----------------------  ------------
2021-04-15 10:18:57.337085 CEST | Iteration                  7
2021-04-15 10:18:57.337252 CEST | AverageDiscountedReturn   65.1706
2021-04-15 10:18:57.337417 CEST | AverageReturn             68.3902
2021-04-15 10:18:57.337580 CEST | ExplainedVariance         -0.00250666
2021-04-15 10:18:57.337750 CEST | NumTrajs                  51
2021-04-15 10:18:57.337913 CEST | Entropy                    1.41379
2021-04-15 10:18:57.338096 CEST | Perplexity                 4.11149
2021-04-15 10:18:57.338261 CEST | StdReturn                 52.204
2021-04-15 10:18:57.338416 CEST | MaxReturn                269.946
2021-04-15 10:18:57.338586 CEST | MinReturn                  0
2021-04-15 10:18:57.338757 CEST | AveragePolicyStd           0.994861
2021-04-15 10:18:57.338935 CEST | TransfBits                 0
2021-04-15 10:18:57.339091 CEST | TotalAverageReturn        65.1706
2021-04-15 10:18:57.339281 CEST | -----------------------  ------------
2021-04-15 10:18:57.554939 CEST | [test_partrates_params_notquant_2021_04_15_10_13_31_0007] itr #8 | fitting baseline...
2021-04-15 10:18:57.557410 CEST | [test_partrates_params_notquant_2021_04_15_10_13_31_0007] itr #8 | fitted
2021-04-15 10:18:57.564122 CEST | [test_partrates_params_notquant_2021_04_15_10_13_31_0007] itr #8 | saving snapshot...
2021-04-15 10:18:57.568770 CEST | [test_partrates_params_notquant_2021_04_15_10_13_31_0007] itr #8 | saved
2021-04-15 10:18:57.569615 CEST | -----------------------  ----------
2021-04-15 10:18:57.569781 CEST | Iteration                  8
2021-04-15 10:18:57.569942 CEST | AverageDiscountedReturn   59.7315
2021-04-15 10:18:57.570104 CEST | AverageReturn             62.1047
2021-04-15 10:18:57.570268 CEST | ExplainedVariance          0.225902
2021-04-15 10:18:57.570421 CEST | NumTrajs                  56
2021-04-15 10:18:57.570608 CEST | Entropy                    1.41303
2021-04-15 10:18:57.570794 CEST | Perplexity                 4.10837
2021-04-15 10:18:57.570954 CEST | StdReturn                 40.7193
2021-04-15 10:18:57.571118 CEST | MaxReturn                169.929
2021-04-15 10:18:57.571258 CEST | MinReturn                  9.98004
2021-04-15 10:18:57.571432 CEST | AveragePolicyStd           0.994104
2021-04-15 10:18:57.571584 CEST | TransfBits                 0
2021-04-15 10:18:57.571744 CEST | TotalAverageReturn        59.7315
2021-04-15 10:18:57.571961 CEST | -----------------------  ----------
2021-04-15 10:18:57.766613 CEST | [test_partrates_params_notquant_2021_04_15_10_13_31_0007] itr #9 | fitting baseline...
2021-04-15 10:18:57.768027 CEST | [test_partrates_params_notquant_2021_04_15_10_13_31_0007] itr #9 | fitted
2021-04-15 10:18:57.771324 CEST | [test_partrates_params_notquant_2021_04_15_10_13_31_0007] itr #9 | saving snapshot...
2021-04-15 10:18:57.774923 CEST | [test_partrates_params_notquant_2021_04_15_10_13_31_0007] itr #9 | saved
2021-04-15 10:18:57.775754 CEST | -----------------------  ----------
2021-04-15 10:18:57.775932 CEST | Iteration                  9
2021-04-15 10:18:57.776074 CEST | AverageDiscountedReturn   83.0129
2021-04-15 10:18:57.776203 CEST | AverageReturn             87.9918
2021-04-15 10:18:57.776333 CEST | ExplainedVariance          0.19463
2021-04-15 10:18:57.776457 CEST | NumTrajs                  41
2021-04-15 10:18:57.776584 CEST | Entropy                    1.41222
2021-04-15 10:18:57.776710 CEST | Perplexity                 4.10508
2021-04-15 10:18:57.776835 CEST | StdReturn                 59.9835
2021-04-15 10:18:57.776963 CEST | MaxReturn                279.871
2021-04-15 10:18:57.777086 CEST | MinReturn                  0
2021-04-15 10:18:57.777245 CEST | AveragePolicyStd           0.993308
2021-04-15 10:18:57.777368 CEST | TransfBits                 0
2021-04-15 10:18:57.777494 CEST | TotalAverageReturn        83.0129
2021-04-15 10:18:57.777622 CEST | -----------------------  ----------
2021-04-15 10:18:57.956706 CEST | [test_partrates_params_notquant_2021_04_15_10_13_31_0007] itr #10 | fitting baseline...
2021-04-15 10:18:57.958342 CEST | [test_partrates_params_notquant_2021_04_15_10_13_31_0007] itr #10 | fitted
2021-04-15 10:18:57.962752 CEST | [test_partrates_params_notquant_2021_04_15_10_13_31_0007] itr #10 | saving snapshot...
2021-04-15 10:18:57.966657 CEST | [test_partrates_params_notquant_2021_04_15_10_13_31_0007] itr #10 | saved
2021-04-15 10:18:57.967539 CEST | -----------------------  ----------
2021-04-15 10:18:57.967706 CEST | Iteration                 10
2021-04-15 10:18:57.967835 CEST | AverageDiscountedReturn   65.9665
2021-04-15 10:18:57.967991 CEST | AverageReturn             69.7641
2021-04-15 10:18:57.968119 CEST | ExplainedVariance          0.313463
2021-04-15 10:18:57.968250 CEST | NumTrajs                  52
2021-04-15 10:18:57.968381 CEST | Entropy                    1.41143
2021-04-15 10:18:57.968511 CEST | Perplexity                 4.1018
2021-04-15 10:18:57.968634 CEST | StdReturn                 61.6991
2021-04-15 10:18:57.968761 CEST | MaxReturn                269.898
2021-04-15 10:18:57.968888 CEST | MinReturn                  9.9819
2021-04-15 10:18:57.969019 CEST | AveragePolicyStd           0.992516
2021-04-15 10:18:57.969145 CEST | TransfBits                 0
2021-04-15 10:18:57.969271 CEST | TotalAverageReturn        65.9665
2021-04-15 10:18:57.969398 CEST | -----------------------  ----------
2021-04-15 10:18:58.197705 CEST | [test_partrates_params_notquant_2021_04_15_10_13_31_0007] itr #11 | fitting baseline...
2021-04-15 10:18:58.199168 CEST | [test_partrates_params_notquant_2021_04_15_10_13_31_0007] itr #11 | fitted
2021-04-15 10:18:58.202548 CEST | [test_partrates_params_notquant_2021_04_15_10_13_31_0007] itr #11 | saving snapshot...
2021-04-15 10:18:58.206352 CEST | [test_partrates_params_notquant_2021_04_15_10_13_31_0007] itr #11 | saved
2021-04-15 10:18:58.207329 CEST | -----------------------  ----------
2021-04-15 10:18:58.207529 CEST | Iteration                 11
2021-04-15 10:18:58.207705 CEST | AverageDiscountedReturn   70.5036
2021-04-15 10:18:58.207875 CEST | AverageReturn             74.7428
2021-04-15 10:18:58.208074 CEST | ExplainedVariance         -0.724009
2021-04-15 10:18:58.208319 CEST | NumTrajs                  48
2021-04-15 10:18:58.208560 CEST | Entropy                    1.41061
2021-04-15 10:18:58.208689 CEST | Perplexity                 4.09844
2021-04-15 10:18:58.208821 CEST | StdReturn                 64.1615
2021-04-15 10:18:58.208977 CEST | MaxReturn                289.818
2021-04-15 10:18:58.209169 CEST | MinReturn                  0
2021-04-15 10:18:58.209350 CEST | AveragePolicyStd           0.991702
2021-04-15 10:18:58.209483 CEST | TransfBits                 0
2021-04-15 10:18:58.209606 CEST | TotalAverageReturn        70.5036
2021-04-15 10:18:58.209731 CEST | -----------------------  ----------
2021-04-15 10:18:58.382154 CEST | [test_partrates_params_notquant_2021_04_15_10_13_31_0007] itr #12 | fitting baseline...
2021-04-15 10:18:58.383440 CEST | [test_partrates_params_notquant_2021_04_15_10_13_31_0007] itr #12 | fitted
2021-04-15 10:18:58.386661 CEST | [test_partrates_params_notquant_2021_04_15_10_13_31_0007] itr #12 | saving snapshot...
2021-04-15 10:18:58.389542 CEST | [test_partrates_params_notquant_2021_04_15_10_13_31_0007] itr #12 | saved
2021-04-15 10:18:58.390231 CEST | -----------------------  ----------
2021-04-15 10:18:58.390363 CEST | Iteration                 12
2021-04-15 10:18:58.390482 CEST | AverageDiscountedReturn   83.4851
2021-04-15 10:18:58.390598 CEST | AverageReturn             90.9182
2021-04-15 10:18:58.390714 CEST | ExplainedVariance         -0.107329
2021-04-15 10:18:58.390829 CEST | NumTrajs                  41
2021-04-15 10:18:58.390942 CEST | Entropy                    1.40993
2021-04-15 10:18:58.391055 CEST | Perplexity                 4.09568
2021-04-15 10:18:58.391171 CEST | StdReturn                 93.6331
2021-04-15 10:18:58.391284 CEST | MaxReturn                439.823
2021-04-15 10:18:58.391448 CEST | MinReturn                  9.97985
2021-04-15 10:18:58.391621 CEST | AveragePolicyStd           0.991036
2021-04-15 10:18:58.391770 CEST | TransfBits                 0
2021-04-15 10:18:58.391953 CEST | TotalAverageReturn        83.4851
2021-04-15 10:18:58.392096 CEST | -----------------------  ----------
2021-04-15 10:18:58.559274 CEST | [test_partrates_params_notquant_2021_04_15_10_13_31_0007] itr #13 | fitting baseline...
2021-04-15 10:18:58.560931 CEST | [test_partrates_params_notquant_2021_04_15_10_13_31_0007] itr #13 | fitted
2021-04-15 10:18:58.564825 CEST | [test_partrates_params_notquant_2021_04_15_10_13_31_0007] itr #13 | saving snapshot...
2021-04-15 10:18:58.568048 CEST | [test_partrates_params_notquant_2021_04_15_10_13_31_0007] itr #13 | saved
2021-04-15 10:18:58.568759 CEST | -----------------------  -----------
2021-04-15 10:18:58.568892 CEST | Iteration                 13
2021-04-15 10:18:58.569012 CEST | AverageDiscountedReturn   84.1559
2021-04-15 10:18:58.569129 CEST | AverageReturn             92.5607
2021-04-15 10:18:58.569243 CEST | ExplainedVariance          0.0408706
2021-04-15 10:18:58.569357 CEST | NumTrajs                  42
2021-04-15 10:18:58.569471 CEST | Entropy                    1.40916
2021-04-15 10:18:58.569585 CEST | Perplexity                 4.09252
2021-04-15 10:18:58.569699 CEST | StdReturn                105.705
2021-04-15 10:18:58.569812 CEST | MaxReturn                599.845
2021-04-15 10:18:58.569925 CEST | MinReturn                  9.98155
2021-04-15 10:18:58.570038 CEST | AveragePolicyStd           0.990271
2021-04-15 10:18:58.570151 CEST | TransfBits                 0
2021-04-15 10:18:58.570263 CEST | TotalAverageReturn        84.1559
2021-04-15 10:18:58.570376 CEST | -----------------------  -----------
2021-04-15 10:18:58.742615 CEST | [test_partrates_params_notquant_2021_04_15_10_13_31_0007] itr #14 | fitting baseline...
2021-04-15 10:18:58.743886 CEST | [test_partrates_params_notquant_2021_04_15_10_13_31_0007] itr #14 | fitted
2021-04-15 10:18:58.747551 CEST | [test_partrates_params_notquant_2021_04_15_10_13_31_0007] itr #14 | saving snapshot...
2021-04-15 10:18:58.751027 CEST | [test_partrates_params_notquant_2021_04_15_10_13_31_0007] itr #14 | saved
2021-04-15 10:18:58.751877 CEST | -----------------------  ----------
2021-04-15 10:18:58.752053 CEST | Iteration                 14
2021-04-15 10:18:58.752196 CEST | AverageDiscountedReturn   90.5404
2021-04-15 10:18:58.752338 CEST | AverageReturn             97.0503
2021-04-15 10:18:58.752479 CEST | ExplainedVariance         -0.251413
2021-04-15 10:18:58.752617 CEST | NumTrajs                  38
2021-04-15 10:18:58.752756 CEST | Entropy                    1.40847
2021-04-15 10:18:58.752895 CEST | Perplexity                 4.08967
2021-04-15 10:18:58.753033 CEST | StdReturn                 73.1724
2021-04-15 10:18:58.753170 CEST | MaxReturn                319.94
2021-04-15 10:18:58.753307 CEST | MinReturn                  9.97907
2021-04-15 10:18:58.753444 CEST | AveragePolicyStd           0.989581
2021-04-15 10:18:58.753582 CEST | TransfBits                 0
2021-04-15 10:18:58.753718 CEST | TotalAverageReturn        90.5404
2021-04-15 10:18:58.753855 CEST | -----------------------  ----------
2021-04-15 10:18:58.986918 CEST | [test_partrates_params_notquant_2021_04_15_10_13_31_0007] itr #15 | fitting baseline...
2021-04-15 10:18:58.989162 CEST | [test_partrates_params_notquant_2021_04_15_10_13_31_0007] itr #15 | fitted
2021-04-15 10:18:58.993442 CEST | [test_partrates_params_notquant_2021_04_15_10_13_31_0007] itr #15 | saving snapshot...
2021-04-15 10:18:58.997775 CEST | [test_partrates_params_notquant_2021_04_15_10_13_31_0007] itr #15 | saved
2021-04-15 10:18:58.998692 CEST | -----------------------  ----------
2021-04-15 10:18:58.998892 CEST | Iteration                 15
2021-04-15 10:18:58.999026 CEST | AverageDiscountedReturn   72.5776
2021-04-15 10:18:58.999157 CEST | AverageReturn             76.6106
2021-04-15 10:18:58.999292 CEST | ExplainedVariance          0.184546
2021-04-15 10:18:58.999420 CEST | NumTrajs                  48
2021-04-15 10:18:58.999553 CEST | Entropy                    1.40767
2021-04-15 10:18:58.999683 CEST | Perplexity                 4.08643
2021-04-15 10:18:58.999811 CEST | StdReturn                 57.7556
2021-04-15 10:18:58.999955 CEST | MaxReturn                239.913
2021-04-15 10:18:59.000084 CEST | MinReturn                  0
2021-04-15 10:18:59.000211 CEST | AveragePolicyStd           0.988797
2021-04-15 10:18:59.000340 CEST | TransfBits                 0
2021-04-15 10:18:59.000467 CEST | TotalAverageReturn        72.5776
2021-04-15 10:18:59.000595 CEST | -----------------------  ----------
2021-04-15 10:18:59.239971 CEST | [test_partrates_params_notquant_2021_04_15_10_13_31_0007] itr #16 | fitting baseline...
2021-04-15 10:18:59.241687 CEST | [test_partrates_params_notquant_2021_04_15_10_13_31_0007] itr #16 | fitted
2021-04-15 10:18:59.246623 CEST | [test_partrates_params_notquant_2021_04_15_10_13_31_0007] itr #16 | saving snapshot...
2021-04-15 10:18:59.250317 CEST | [test_partrates_params_notquant_2021_04_15_10_13_31_0007] itr #16 | saved
2021-04-15 10:18:59.251207 CEST | -----------------------  ----------
2021-04-15 10:18:59.251377 CEST | Iteration                 16
2021-04-15 10:18:59.251524 CEST | AverageDiscountedReturn   80.5449
2021-04-15 10:18:59.251666 CEST | AverageReturn             85.6569
2021-04-15 10:18:59.251806 CEST | ExplainedVariance          0.227289
2021-04-15 10:18:59.251964 CEST | NumTrajs                  42
2021-04-15 10:18:59.252105 CEST | Entropy                    1.40683
2021-04-15 10:18:59.252246 CEST | Perplexity                 4.08298
2021-04-15 10:18:59.252385 CEST | StdReturn                 66.0702
2021-04-15 10:18:59.252530 CEST | MaxReturn                369.919
2021-04-15 10:18:59.252669 CEST | MinReturn                  9.984
2021-04-15 10:18:59.252809 CEST | AveragePolicyStd           0.987961
2021-04-15 10:18:59.252948 CEST | TransfBits                 0
2021-04-15 10:18:59.253087 CEST | TotalAverageReturn        80.5449
2021-04-15 10:18:59.253238 CEST | -----------------------  ----------
2021-04-15 10:18:59.479360 CEST | [test_partrates_params_notquant_2021_04_15_10_13_31_0007] itr #17 | fitting baseline...
2021-04-15 10:18:59.481084 CEST | [test_partrates_params_notquant_2021_04_15_10_13_31_0007] itr #17 | fitted
2021-04-15 10:18:59.485310 CEST | [test_partrates_params_notquant_2021_04_15_10_13_31_0007] itr #17 | saving snapshot...
2021-04-15 10:18:59.489121 CEST | [test_partrates_params_notquant_2021_04_15_10_13_31_0007] itr #17 | saved
2021-04-15 10:18:59.490034 CEST | -----------------------  ----------
2021-04-15 10:18:59.490219 CEST | Iteration                 17
2021-04-15 10:18:59.490368 CEST | AverageDiscountedReturn   79.9654
2021-04-15 10:18:59.490514 CEST | AverageReturn             84.5984
2021-04-15 10:18:59.490659 CEST | ExplainedVariance          0.206505
2021-04-15 10:18:59.490802 CEST | NumTrajs                  43
2021-04-15 10:18:59.490944 CEST | Entropy                    1.40598
2021-04-15 10:18:59.491083 CEST | Perplexity                 4.07954
2021-04-15 10:18:59.491222 CEST | StdReturn                 57.819
2021-04-15 10:18:59.491362 CEST | MaxReturn                189.955
2021-04-15 10:18:59.491499 CEST | MinReturn                  0
2021-04-15 10:18:59.491639 CEST | AveragePolicyStd           0.987128
2021-04-15 10:18:59.491777 CEST | TransfBits                 0
2021-04-15 10:18:59.491933 CEST | TotalAverageReturn        79.9654
2021-04-15 10:18:59.492074 CEST | -----------------------  ----------
2021-04-15 10:18:59.681203 CEST | [test_partrates_params_notquant_2021_04_15_10_13_31_0007] itr #18 | fitting baseline...
2021-04-15 10:18:59.682638 CEST | [test_partrates_params_notquant_2021_04_15_10_13_31_0007] itr #18 | fitted
2021-04-15 10:18:59.686355 CEST | [test_partrates_params_notquant_2021_04_15_10_13_31_0007] itr #18 | saving snapshot...
2021-04-15 10:18:59.689797 CEST | [test_partrates_params_notquant_2021_04_15_10_13_31_0007] itr #18 | saved
2021-04-15 10:18:59.690668 CEST | -----------------------  ----------
2021-04-15 10:18:59.690861 CEST | Iteration                 18
2021-04-15 10:18:59.691005 CEST | AverageDiscountedReturn   83.5015
2021-04-15 10:18:59.691143 CEST | AverageReturn             88.9727
2021-04-15 10:18:59.691279 CEST | ExplainedVariance          0.157335
2021-04-15 10:18:59.691419 CEST | NumTrajs                  41
2021-04-15 10:18:59.691555 CEST | Entropy                    1.40513
2021-04-15 10:18:59.691687 CEST | Perplexity                 4.07606
2021-04-15 10:18:59.691820 CEST | StdReturn                 67.0684
2021-04-15 10:18:59.691981 CEST | MaxReturn                259.788
2021-04-15 10:18:59.692117 CEST | MinReturn                  9.98614
2021-04-15 10:18:59.692250 CEST | AveragePolicyStd           0.986288
2021-04-15 10:18:59.692384 CEST | TransfBits                 0
2021-04-15 10:18:59.692518 CEST | TotalAverageReturn        83.5015
2021-04-15 10:18:59.692652 CEST | -----------------------  ----------
2021-04-15 10:18:59.874379 CEST | [test_partrates_params_notquant_2021_04_15_10_13_31_0007] itr #19 | fitting baseline...
2021-04-15 10:18:59.875706 CEST | [test_partrates_params_notquant_2021_04_15_10_13_31_0007] itr #19 | fitted
2021-04-15 10:18:59.879472 CEST | [test_partrates_params_notquant_2021_04_15_10_13_31_0007] itr #19 | saving snapshot...
2021-04-15 10:18:59.882309 CEST | [test_partrates_params_notquant_2021_04_15_10_13_31_0007] itr #19 | saved
2021-04-15 10:18:59.883002 CEST | -----------------------  ----------
2021-04-15 10:18:59.883134 CEST | Iteration                 19
2021-04-15 10:18:59.883255 CEST | AverageDiscountedReturn   93.3822
2021-04-15 10:18:59.883382 CEST | AverageReturn            100.207
2021-04-15 10:18:59.883511 CEST | ExplainedVariance         -0.750647
2021-04-15 10:18:59.883637 CEST | NumTrajs                  37
2021-04-15 10:18:59.883760 CEST | Entropy                    1.40432
2021-04-15 10:18:59.883883 CEST | Perplexity                 4.07274
2021-04-15 10:18:59.884057 CEST | StdReturn                 73.549
2021-04-15 10:18:59.884187 CEST | MaxReturn                309.876
2021-04-15 10:18:59.884321 CEST | MinReturn                  0
2021-04-15 10:18:59.884456 CEST | AveragePolicyStd           0.985485
2021-04-15 10:18:59.884578 CEST | TransfBits                 0
2021-04-15 10:18:59.884703 CEST | TotalAverageReturn        93.3822
2021-04-15 10:18:59.884827 CEST | -----------------------  ----------
2021-04-15 10:19:00.071094 CEST | [test_partrates_params_notquant_2021_04_15_10_13_31_0007] itr #20 | fitting baseline...
2021-04-15 10:19:00.072367 CEST | [test_partrates_params_notquant_2021_04_15_10_13_31_0007] itr #20 | fitted
2021-04-15 10:19:00.076418 CEST | [test_partrates_params_notquant_2021_04_15_10_13_31_0007] itr #20 | saving snapshot...
2021-04-15 10:19:00.080087 CEST | [test_partrates_params_notquant_2021_04_15_10_13_31_0007] itr #20 | saved
2021-04-15 10:19:00.080911 CEST | -----------------------  ----------
2021-04-15 10:19:00.081081 CEST | Iteration                 20
2021-04-15 10:19:00.081226 CEST | AverageDiscountedReturn   94.4762
2021-04-15 10:19:00.081362 CEST | AverageReturn            101.556
2021-04-15 10:19:00.081496 CEST | ExplainedVariance          0.278771
2021-04-15 10:19:00.081635 CEST | NumTrajs                  37
2021-04-15 10:19:00.081774 CEST | Entropy                    1.40347
2021-04-15 10:19:00.081908 CEST | Perplexity                 4.06929
2021-04-15 10:19:00.082057 CEST | StdReturn                 75.5441
2021-04-15 10:19:00.082201 CEST | MaxReturn                309.918
2021-04-15 10:19:00.082358 CEST | MinReturn                  9.98139
2021-04-15 10:19:00.082507 CEST | AveragePolicyStd           0.984648
2021-04-15 10:19:00.082662 CEST | TransfBits                 0
2021-04-15 10:19:00.082821 CEST | TotalAverageReturn        94.4762
2021-04-15 10:19:00.082975 CEST | -----------------------  ----------
2021-04-15 10:19:00.271634 CEST | [test_partrates_params_notquant_2021_04_15_10_13_31_0007] itr #21 | fitting baseline...
2021-04-15 10:19:00.273117 CEST | [test_partrates_params_notquant_2021_04_15_10_13_31_0007] itr #21 | fitted
2021-04-15 10:19:00.277128 CEST | [test_partrates_params_notquant_2021_04_15_10_13_31_0007] itr #21 | saving snapshot...
2021-04-15 10:19:00.280392 CEST | [test_partrates_params_notquant_2021_04_15_10_13_31_0007] itr #21 | saved
2021-04-15 10:19:00.281098 CEST | -----------------------  -----------
2021-04-15 10:19:00.281231 CEST | Iteration                 21
2021-04-15 10:19:00.281352 CEST | AverageDiscountedReturn   87.9582
2021-04-15 10:19:00.281472 CEST | AverageReturn             95.0649
2021-04-15 10:19:00.281588 CEST | ExplainedVariance          0.0511526
2021-04-15 10:19:00.281704 CEST | NumTrajs                  39
2021-04-15 10:19:00.281820 CEST | Entropy                    1.40266
2021-04-15 10:19:00.281935 CEST | Perplexity                 4.06599
2021-04-15 10:19:00.282049 CEST | StdReturn                 85.2619
2021-04-15 10:19:00.282164 CEST | MaxReturn                399.814
2021-04-15 10:19:00.282277 CEST | MinReturn                  9.98675
2021-04-15 10:19:00.282391 CEST | AveragePolicyStd           0.983851
2021-04-15 10:19:00.282505 CEST | TransfBits                 0
2021-04-15 10:19:00.282619 CEST | TotalAverageReturn        87.9582
2021-04-15 10:19:00.282731 CEST | -----------------------  -----------
2021-04-15 10:19:00.455941 CEST | [test_partrates_params_notquant_2021_04_15_10_13_31_0007] itr #22 | fitting baseline...
2021-04-15 10:19:00.457311 CEST | [test_partrates_params_notquant_2021_04_15_10_13_31_0007] itr #22 | fitted
2021-04-15 10:19:00.460376 CEST | [test_partrates_params_notquant_2021_04_15_10_13_31_0007] itr #22 | saving snapshot...
2021-04-15 10:19:00.463391 CEST | [test_partrates_params_notquant_2021_04_15_10_13_31_0007] itr #22 | saved
2021-04-15 10:19:00.464209 CEST | -----------------------  ----------
2021-04-15 10:19:00.464354 CEST | Iteration                 22
2021-04-15 10:19:00.464487 CEST | AverageDiscountedReturn   97.7356
2021-04-15 10:19:00.464617 CEST | AverageReturn            106.795
2021-04-15 10:19:00.464752 CEST | ExplainedVariance          0.127269
2021-04-15 10:19:00.464882 CEST | NumTrajs                  35
2021-04-15 10:19:00.465022 CEST | Entropy                    1.40193
2021-04-15 10:19:00.465149 CEST | Perplexity                 4.06302
2021-04-15 10:19:00.465277 CEST | StdReturn                 96.1802
2021-04-15 10:19:00.465417 CEST | MaxReturn                379.876
2021-04-15 10:19:00.465556 CEST | MinReturn                  9.98011
2021-04-15 10:19:00.465695 CEST | AveragePolicyStd           0.983131
2021-04-15 10:19:00.465820 CEST | TransfBits                 0
2021-04-15 10:19:00.465947 CEST | TotalAverageReturn        97.7356
2021-04-15 10:19:00.466072 CEST | -----------------------  ----------
2021-04-15 10:19:00.657853 CEST | [test_partrates_params_notquant_2021_04_15_10_13_31_0007] itr #23 | fitting baseline...
2021-04-15 10:19:00.659469 CEST | [test_partrates_params_notquant_2021_04_15_10_13_31_0007] itr #23 | fitted
2021-04-15 10:19:00.663443 CEST | [test_partrates_params_notquant_2021_04_15_10_13_31_0007] itr #23 | saving snapshot...
2021-04-15 10:19:00.667615 CEST | [test_partrates_params_notquant_2021_04_15_10_13_31_0007] itr #23 | saved
2021-04-15 10:19:00.668664 CEST | -----------------------  ----------
2021-04-15 10:19:00.668892 CEST | Iteration                 23
2021-04-15 10:19:00.669054 CEST | AverageDiscountedReturn   99.2945
2021-04-15 10:19:00.669214 CEST | AverageReturn            105.645
2021-04-15 10:19:00.669364 CEST | ExplainedVariance          0.11624
2021-04-15 10:19:00.669525 CEST | NumTrajs                  35
2021-04-15 10:19:00.669695 CEST | Entropy                    1.40119
2021-04-15 10:19:00.669937 CEST | Perplexity                 4.06003
2021-04-15 10:19:00.670207 CEST | StdReturn                 56.7068
2021-04-15 10:19:00.670446 CEST | MaxReturn                289.815
2021-04-15 10:19:00.670693 CEST | MinReturn                  9.98264
2021-04-15 10:19:00.670877 CEST | AveragePolicyStd           0.982407
2021-04-15 10:19:00.671104 CEST | TransfBits                 0
2021-04-15 10:19:00.671236 CEST | TotalAverageReturn        99.2945
2021-04-15 10:19:00.671359 CEST | -----------------------  ----------
2021-04-15 10:19:00.869610 CEST | [test_partrates_params_notquant_2021_04_15_10_13_31_0007] itr #24 | fitting baseline...
2021-04-15 10:19:00.870840 CEST | [test_partrates_params_notquant_2021_04_15_10_13_31_0007] itr #24 | fitted
2021-04-15 10:19:00.874566 CEST | [test_partrates_params_notquant_2021_04_15_10_13_31_0007] itr #24 | saving snapshot...
2021-04-15 10:19:00.877724 CEST | [test_partrates_params_notquant_2021_04_15_10_13_31_0007] itr #24 | saved
2021-04-15 10:19:00.878459 CEST | -----------------------  ----------
2021-04-15 10:19:00.878606 CEST | Iteration                 24
2021-04-15 10:19:00.878743 CEST | AverageDiscountedReturn  109.444
2021-04-15 10:19:00.878877 CEST | AverageReturn            119.278
2021-04-15 10:19:00.879011 CEST | ExplainedVariance         -0.177101
2021-04-15 10:19:00.879144 CEST | NumTrajs                  31
2021-04-15 10:19:00.879276 CEST | Entropy                    1.40038
2021-04-15 10:19:00.879410 CEST | Perplexity                 4.05675
2021-04-15 10:19:00.879541 CEST | StdReturn                 89.6447
2021-04-15 10:19:00.879673 CEST | MaxReturn                349.763
2021-04-15 10:19:00.879804 CEST | MinReturn                  0
2021-04-15 10:19:00.879969 CEST | AveragePolicyStd           0.981615
2021-04-15 10:19:00.880109 CEST | TransfBits                 0
2021-04-15 10:19:00.880240 CEST | TotalAverageReturn       109.444
2021-04-15 10:19:00.880370 CEST | -----------------------  ----------
2021-04-15 10:19:01.092347 CEST | [test_partrates_params_notquant_2021_04_15_10_13_31_0007] itr #25 | fitting baseline...
2021-04-15 10:19:01.094067 CEST | [test_partrates_params_notquant_2021_04_15_10_13_31_0007] itr #25 | fitted
2021-04-15 10:19:01.098188 CEST | [test_partrates_params_notquant_2021_04_15_10_13_31_0007] itr #25 | saving snapshot...
2021-04-15 10:19:01.101921 CEST | [test_partrates_params_notquant_2021_04_15_10_13_31_0007] itr #25 | saved
2021-04-15 10:19:01.102837 CEST | -----------------------  -----------
2021-04-15 10:19:01.103014 CEST | Iteration                 25
2021-04-15 10:19:01.103182 CEST | AverageDiscountedReturn   87.7871
2021-04-15 10:19:01.103351 CEST | AverageReturn             94.5512
2021-04-15 10:19:01.103510 CEST | ExplainedVariance          0.0923999
2021-04-15 10:19:01.103669 CEST | NumTrajs                  39
2021-04-15 10:19:01.103830 CEST | Entropy                    1.39962
2021-04-15 10:19:01.104018 CEST | Perplexity                 4.05367
2021-04-15 10:19:01.104175 CEST | StdReturn                 80.0911
2021-04-15 10:19:01.104333 CEST | MaxReturn                319.8
2021-04-15 10:19:01.104491 CEST | MinReturn                  0
2021-04-15 10:19:01.104653 CEST | AveragePolicyStd           0.98087
2021-04-15 10:19:01.104810 CEST | TransfBits                 0
2021-04-15 10:19:01.104973 CEST | TotalAverageReturn        87.7871
2021-04-15 10:19:01.105167 CEST | -----------------------  -----------
2021-04-15 10:19:01.310280 CEST | [test_partrates_params_notquant_2021_04_15_10_13_31_0007] itr #26 | fitting baseline...
2021-04-15 10:19:01.311439 CEST | [test_partrates_params_notquant_2021_04_15_10_13_31_0007] itr #26 | fitted
2021-04-15 10:19:01.314984 CEST | [test_partrates_params_notquant_2021_04_15_10_13_31_0007] itr #26 | saving snapshot...
2021-04-15 10:19:01.318188 CEST | [test_partrates_params_notquant_2021_04_15_10_13_31_0007] itr #26 | saved
2021-04-15 10:19:01.318969 CEST | -----------------------  ----------
2021-04-15 10:19:01.319122 CEST | Iteration                 26
2021-04-15 10:19:01.319253 CEST | AverageDiscountedReturn  100.239
2021-04-15 10:19:01.319382 CEST | AverageReturn            108.169
2021-04-15 10:19:01.319511 CEST | ExplainedVariance          0.226061
2021-04-15 10:19:01.319638 CEST | NumTrajs                  34
2021-04-15 10:19:01.319767 CEST | Entropy                    1.39891
2021-04-15 10:19:01.319895 CEST | Perplexity                 4.05077
2021-04-15 10:19:01.320054 CEST | StdReturn                 79.4382
2021-04-15 10:19:01.320182 CEST | MaxReturn                349.853
2021-04-15 10:19:01.320309 CEST | MinReturn                  9.98196
2021-04-15 10:19:01.320435 CEST | AveragePolicyStd           0.980168
2021-04-15 10:19:01.320561 CEST | TransfBits                 0
2021-04-15 10:19:01.320686 CEST | TotalAverageReturn       100.239
2021-04-15 10:19:01.320812 CEST | -----------------------  ----------
2021-04-15 10:19:01.523090 CEST | [test_partrates_params_notquant_2021_04_15_10_13_31_0007] itr #27 | fitting baseline...
2021-04-15 10:19:01.524400 CEST | [test_partrates_params_notquant_2021_04_15_10_13_31_0007] itr #27 | fitted
2021-04-15 10:19:01.527342 CEST | [test_partrates_params_notquant_2021_04_15_10_13_31_0007] itr #27 | saving snapshot...
2021-04-15 10:19:01.530423 CEST | [test_partrates_params_notquant_2021_04_15_10_13_31_0007] itr #27 | saved
2021-04-15 10:19:01.531240 CEST | -----------------------  ----------
