2021-04-16 10:11:37.019672 CEST | [test_discounts_2021_04_16_10_06_18_0006] Populating workers...
2021-04-16 10:11:37.019905 CEST | [test_discounts_2021_04_16_10_06_18_0006] Populated
2021-04-16 10:11:37.020034 CEST | [test_discounts_2021_04_16_10_06_18_0006] Populating workers...
2021-04-16 10:11:37.020185 CEST | [test_discounts_2021_04_16_10_06_18_0006] Populated
2021-04-16 10:11:37.020308 CEST | [test_discounts_2021_04_16_10_06_18_0006] Populating workers...
2021-04-16 10:11:37.020428 CEST | [test_discounts_2021_04_16_10_06_18_0006] Populated
2021-04-16 10:11:37.020549 CEST | [test_discounts_2021_04_16_10_06_18_0006] Populating workers...
2021-04-16 10:11:37.020667 CEST | [test_discounts_2021_04_16_10_06_18_0006] Populated
2021-04-16 10:11:37.020784 CEST | [test_discounts_2021_04_16_10_06_18_0006] Populating workers...
2021-04-16 10:11:37.020901 CEST | [test_discounts_2021_04_16_10_06_18_0006] Populated
2021-04-16 10:11:37.021017 CEST | [test_discounts_2021_04_16_10_06_18_0006] Populating workers...
2021-04-16 10:11:37.021135 CEST | [test_discounts_2021_04_16_10_06_18_0006] Populated
2021-04-16 10:11:37.021260 CEST | [test_discounts_2021_04_16_10_06_18_0006] Populating workers...
2021-04-16 10:11:37.021373 CEST | [test_discounts_2021_04_16_10_06_18_0006] Populated
2021-04-16 10:11:37.021484 CEST | [test_discounts_2021_04_16_10_06_18_0006] Populating workers...
2021-04-16 10:11:37.021593 CEST | [test_discounts_2021_04_16_10_06_18_0006] Populated
2021-04-16 10:11:37.021712 CEST | [test_discounts_2021_04_16_10_06_18_0006] Populating workers...
2021-04-16 10:11:37.021831 CEST | [test_discounts_2021_04_16_10_06_18_0006] Populated
2021-04-16 10:11:37.021940 CEST | [test_discounts_2021_04_16_10_06_18_0006] Populating workers...
2021-04-16 10:11:37.022060 CEST | [test_discounts_2021_04_16_10_06_18_0006] Populated
2021-04-16 10:11:41.185561 CEST | [test_discounts_2021_04_16_10_06_18_0006] itr #0 | fitting baseline...
2021-04-16 10:11:41.209218 CEST | [test_discounts_2021_04_16_10_06_18_0006] itr #0 | fitted
2021-04-16 10:11:41.220265 CEST | [test_discounts_2021_04_16_10_06_18_0006] itr #0 | fitting baseline...
2021-04-16 10:11:41.222980 CEST | [test_discounts_2021_04_16_10_06_18_0006] itr #0 | fitted
2021-04-16 10:11:41.226381 CEST | [test_discounts_2021_04_16_10_06_18_0006] itr #0 | fitting baseline...
2021-04-16 10:11:41.227689 CEST | [test_discounts_2021_04_16_10_06_18_0006] itr #0 | fitted
2021-04-16 10:11:41.230951 CEST | [test_discounts_2021_04_16_10_06_18_0006] itr #0 | fitting baseline...
2021-04-16 10:11:41.232272 CEST | [test_discounts_2021_04_16_10_06_18_0006] itr #0 | fitted
2021-04-16 10:11:41.235026 CEST | [test_discounts_2021_04_16_10_06_18_0006] itr #0 | fitting baseline...
2021-04-16 10:11:41.236123 CEST | [test_discounts_2021_04_16_10_06_18_0006] itr #0 | fitted
2021-04-16 10:11:41.239412 CEST | [test_discounts_2021_04_16_10_06_18_0006] itr #0 | fitting baseline...
2021-04-16 10:11:41.240763 CEST | [test_discounts_2021_04_16_10_06_18_0006] itr #0 | fitted
2021-04-16 10:11:41.243858 CEST | [test_discounts_2021_04_16_10_06_18_0006] itr #0 | fitting baseline...
2021-04-16 10:11:41.245242 CEST | [test_discounts_2021_04_16_10_06_18_0006] itr #0 | fitted
2021-04-16 10:11:41.248537 CEST | [test_discounts_2021_04_16_10_06_18_0006] itr #0 | fitting baseline...
2021-04-16 10:11:41.249841 CEST | [test_discounts_2021_04_16_10_06_18_0006] itr #0 | fitted
2021-04-16 10:11:41.252271 CEST | [test_discounts_2021_04_16_10_06_18_0006] itr #0 | fitting baseline...
2021-04-16 10:11:41.253303 CEST | [test_discounts_2021_04_16_10_06_18_0006] itr #0 | fitted
2021-04-16 10:11:41.256420 CEST | [test_discounts_2021_04_16_10_06_18_0006] itr #0 | fitting baseline...
2021-04-16 10:11:41.257743 CEST | [test_discounts_2021_04_16_10_06_18_0006] itr #0 | fitted
2021-04-16 10:11:45.763384 CEST | [test_discounts_2021_04_16_10_06_18_0006] itr #1 | fitting baseline...
2021-04-16 10:11:45.764587 CEST | [test_discounts_2021_04_16_10_06_18_0006] itr #1 | fitted
2021-04-16 10:11:45.766874 CEST | [test_discounts_2021_04_16_10_06_18_0006] itr #1 | fitting baseline...
2021-04-16 10:11:45.767796 CEST | [test_discounts_2021_04_16_10_06_18_0006] itr #1 | fitted
2021-04-16 10:11:45.770437 CEST | [test_discounts_2021_04_16_10_06_18_0006] itr #1 | fitting baseline...
2021-04-16 10:11:45.771549 CEST | [test_discounts_2021_04_16_10_06_18_0006] itr #1 | fitted
2021-04-16 10:11:45.774038 CEST | [test_discounts_2021_04_16_10_06_18_0006] itr #1 | fitting baseline...
2021-04-16 10:11:45.775066 CEST | [test_discounts_2021_04_16_10_06_18_0006] itr #1 | fitted
2021-04-16 10:11:45.777500 CEST | [test_discounts_2021_04_16_10_06_18_0006] itr #1 | fitting baseline...
2021-04-16 10:11:45.778601 CEST | [test_discounts_2021_04_16_10_06_18_0006] itr #1 | fitted
2021-04-16 10:11:45.781208 CEST | [test_discounts_2021_04_16_10_06_18_0006] itr #1 | fitting baseline...
2021-04-16 10:11:45.782402 CEST | [test_discounts_2021_04_16_10_06_18_0006] itr #1 | fitted
2021-04-16 10:11:45.785006 CEST | [test_discounts_2021_04_16_10_06_18_0006] itr #1 | fitting baseline...
2021-04-16 10:11:45.786139 CEST | [test_discounts_2021_04_16_10_06_18_0006] itr #1 | fitted
2021-04-16 10:11:45.788861 CEST | [test_discounts_2021_04_16_10_06_18_0006] itr #1 | fitting baseline...
2021-04-16 10:11:45.790067 CEST | [test_discounts_2021_04_16_10_06_18_0006] itr #1 | fitted
2021-04-16 10:11:45.792694 CEST | [test_discounts_2021_04_16_10_06_18_0006] itr #1 | fitting baseline...
2021-04-16 10:11:45.793865 CEST | [test_discounts_2021_04_16_10_06_18_0006] itr #1 | fitted
2021-04-16 10:11:45.796864 CEST | [test_discounts_2021_04_16_10_06_18_0006] itr #1 | fitting baseline...
2021-04-16 10:11:45.798024 CEST | [test_discounts_2021_04_16_10_06_18_0006] itr #1 | fitted
2021-04-16 10:11:47.161505 CEST | [test_discounts_2021_04_16_10_06_18_0006] itr #2 | fitting baseline...
2021-04-16 10:11:47.162623 CEST | [test_discounts_2021_04_16_10_06_18_0006] itr #2 | fitted
2021-04-16 10:11:47.214442 CEST | [test_discounts_2021_04_16_10_06_18_0006] itr #2 | fitting baseline...
2021-04-16 10:11:47.215549 CEST | [test_discounts_2021_04_16_10_06_18_0006] itr #2 | fitted
2021-04-16 10:11:47.219234 CEST | [test_discounts_2021_04_16_10_06_18_0006] itr #2 | fitting baseline...
2021-04-16 10:11:47.221656 CEST | [test_discounts_2021_04_16_10_06_18_0006] itr #2 | fitted
2021-04-16 10:11:47.227138 CEST | [test_discounts_2021_04_16_10_06_18_0006] itr #2 | fitting baseline...
2021-04-16 10:11:47.228103 CEST | [test_discounts_2021_04_16_10_06_18_0006] itr #2 | fitted
2021-04-16 10:11:47.230377 CEST | [test_discounts_2021_04_16_10_06_18_0006] itr #2 | fitting baseline...
2021-04-16 10:11:47.231247 CEST | [test_discounts_2021_04_16_10_06_18_0006] itr #2 | fitted
2021-04-16 10:11:47.233354 CEST | [test_discounts_2021_04_16_10_06_18_0006] itr #2 | fitting baseline...
2021-04-16 10:11:47.234306 CEST | [test_discounts_2021_04_16_10_06_18_0006] itr #2 | fitted
2021-04-16 10:11:47.236723 CEST | [test_discounts_2021_04_16_10_06_18_0006] itr #2 | fitting baseline...
2021-04-16 10:11:47.237693 CEST | [test_discounts_2021_04_16_10_06_18_0006] itr #2 | fitted
2021-04-16 10:11:47.239794 CEST | [test_discounts_2021_04_16_10_06_18_0006] itr #2 | fitting baseline...
2021-04-16 10:11:47.240690 CEST | [test_discounts_2021_04_16_10_06_18_0006] itr #2 | fitted
2021-04-16 10:11:47.242933 CEST | [test_discounts_2021_04_16_10_06_18_0006] itr #2 | fitting baseline...
2021-04-16 10:11:47.243830 CEST | [test_discounts_2021_04_16_10_06_18_0006] itr #2 | fitted
2021-04-16 10:11:47.246034 CEST | [test_discounts_2021_04_16_10_06_18_0006] itr #2 | fitting baseline...
2021-04-16 10:11:47.246985 CEST | [test_discounts_2021_04_16_10_06_18_0006] itr #2 | fitted
2021-04-16 10:11:48.681904 CEST | [test_discounts_2021_04_16_10_06_18_0006] itr #3 | fitting baseline...
2021-04-16 10:11:48.682839 CEST | [test_discounts_2021_04_16_10_06_18_0006] itr #3 | fitted
2021-04-16 10:11:48.684847 CEST | [test_discounts_2021_04_16_10_06_18_0006] itr #3 | fitting baseline...
2021-04-16 10:11:48.685719 CEST | [test_discounts_2021_04_16_10_06_18_0006] itr #3 | fitted
2021-04-16 10:11:48.687619 CEST | [test_discounts_2021_04_16_10_06_18_0006] itr #3 | fitting baseline...
2021-04-16 10:11:48.688463 CEST | [test_discounts_2021_04_16_10_06_18_0006] itr #3 | fitted
2021-04-16 10:11:48.690167 CEST | [test_discounts_2021_04_16_10_06_18_0006] itr #3 | fitting baseline...
2021-04-16 10:11:48.690906 CEST | [test_discounts_2021_04_16_10_06_18_0006] itr #3 | fitted
2021-04-16 10:11:48.692779 CEST | [test_discounts_2021_04_16_10_06_18_0006] itr #3 | fitting baseline...
2021-04-16 10:11:48.693552 CEST | [test_discounts_2021_04_16_10_06_18_0006] itr #3 | fitted
2021-04-16 10:11:48.694923 CEST | [test_discounts_2021_04_16_10_06_18_0006] itr #3 | fitting baseline...
2021-04-16 10:11:48.695513 CEST | [test_discounts_2021_04_16_10_06_18_0006] itr #3 | fitted
2021-04-16 10:11:48.697428 CEST | [test_discounts_2021_04_16_10_06_18_0006] itr #3 | fitting baseline...
2021-04-16 10:11:48.698205 CEST | [test_discounts_2021_04_16_10_06_18_0006] itr #3 | fitted
2021-04-16 10:11:48.699875 CEST | [test_discounts_2021_04_16_10_06_18_0006] itr #3 | fitting baseline...
2021-04-16 10:11:48.700609 CEST | [test_discounts_2021_04_16_10_06_18_0006] itr #3 | fitted
2021-04-16 10:11:48.702290 CEST | [test_discounts_2021_04_16_10_06_18_0006] itr #3 | fitting baseline...
2021-04-16 10:11:48.702996 CEST | [test_discounts_2021_04_16_10_06_18_0006] itr #3 | fitted
2021-04-16 10:11:48.704723 CEST | [test_discounts_2021_04_16_10_06_18_0006] itr #3 | fitting baseline...
2021-04-16 10:11:48.705443 CEST | [test_discounts_2021_04_16_10_06_18_0006] itr #3 | fitted
2021-04-16 10:11:50.184074 CEST | [test_discounts_2021_04_16_10_06_18_0006] itr #4 | fitting baseline...
2021-04-16 10:11:50.184897 CEST | [test_discounts_2021_04_16_10_06_18_0006] itr #4 | fitted
2021-04-16 10:11:50.186679 CEST | [test_discounts_2021_04_16_10_06_18_0006] itr #4 | fitting baseline...
2021-04-16 10:11:50.187422 CEST | [test_discounts_2021_04_16_10_06_18_0006] itr #4 | fitted
2021-04-16 10:11:50.189037 CEST | [test_discounts_2021_04_16_10_06_18_0006] itr #4 | fitting baseline...
2021-04-16 10:11:50.189732 CEST | [test_discounts_2021_04_16_10_06_18_0006] itr #4 | fitted
2021-04-16 10:11:50.191364 CEST | [test_discounts_2021_04_16_10_06_18_0006] itr #4 | fitting baseline...
2021-04-16 10:11:50.192092 CEST | [test_discounts_2021_04_16_10_06_18_0006] itr #4 | fitted
2021-04-16 10:11:50.193557 CEST | [test_discounts_2021_04_16_10_06_18_0006] itr #4 | fitting baseline...
2021-04-16 10:11:50.194216 CEST | [test_discounts_2021_04_16_10_06_18_0006] itr #4 | fitted
2021-04-16 10:11:50.195820 CEST | [test_discounts_2021_04_16_10_06_18_0006] itr #4 | fitting baseline...
2021-04-16 10:11:50.196654 CEST | [test_discounts_2021_04_16_10_06_18_0006] itr #4 | fitted
2021-04-16 10:11:50.198671 CEST | [test_discounts_2021_04_16_10_06_18_0006] itr #4 | fitting baseline...
2021-04-16 10:11:50.199791 CEST | [test_discounts_2021_04_16_10_06_18_0006] itr #4 | fitted
2021-04-16 10:11:50.201324 CEST | [test_discounts_2021_04_16_10_06_18_0006] itr #4 | fitting baseline...
2021-04-16 10:11:50.201974 CEST | [test_discounts_2021_04_16_10_06_18_0006] itr #4 | fitted
2021-04-16 10:11:50.203773 CEST | [test_discounts_2021_04_16_10_06_18_0006] itr #4 | fitting baseline...
2021-04-16 10:11:50.204557 CEST | [test_discounts_2021_04_16_10_06_18_0006] itr #4 | fitted
2021-04-16 10:11:50.206015 CEST | [test_discounts_2021_04_16_10_06_18_0006] itr #4 | fitting baseline...
2021-04-16 10:11:50.206649 CEST | [test_discounts_2021_04_16_10_06_18_0006] itr #4 | fitted
2021-04-16 10:11:51.660139 CEST | [test_discounts_2021_04_16_10_06_18_0006] itr #5 | fitting baseline...
2021-04-16 10:11:51.660926 CEST | [test_discounts_2021_04_16_10_06_18_0006] itr #5 | fitted
2021-04-16 10:11:51.662759 CEST | [test_discounts_2021_04_16_10_06_18_0006] itr #5 | fitting baseline...
2021-04-16 10:11:51.663570 CEST | [test_discounts_2021_04_16_10_06_18_0006] itr #5 | fitted
2021-04-16 10:11:51.665062 CEST | [test_discounts_2021_04_16_10_06_18_0006] itr #5 | fitting baseline...
2021-04-16 10:11:51.665796 CEST | [test_discounts_2021_04_16_10_06_18_0006] itr #5 | fitted
2021-04-16 10:11:51.667472 CEST | [test_discounts_2021_04_16_10_06_18_0006] itr #5 | fitting baseline...
2021-04-16 10:11:51.668275 CEST | [test_discounts_2021_04_16_10_06_18_0006] itr #5 | fitted
2021-04-16 10:11:51.669851 CEST | [test_discounts_2021_04_16_10_06_18_0006] itr #5 | fitting baseline...
2021-04-16 10:11:51.670509 CEST | [test_discounts_2021_04_16_10_06_18_0006] itr #5 | fitted
2021-04-16 10:11:51.671828 CEST | [test_discounts_2021_04_16_10_06_18_0006] itr #5 | fitting baseline...
2021-04-16 10:11:51.672421 CEST | [test_discounts_2021_04_16_10_06_18_0006] itr #5 | fitted
2021-04-16 10:11:51.673923 CEST | [test_discounts_2021_04_16_10_06_18_0006] itr #5 | fitting baseline...
2021-04-16 10:11:51.674562 CEST | [test_discounts_2021_04_16_10_06_18_0006] itr #5 | fitted
2021-04-16 10:11:51.676032 CEST | [test_discounts_2021_04_16_10_06_18_0006] itr #5 | fitting baseline...
2021-04-16 10:11:51.676694 CEST | [test_discounts_2021_04_16_10_06_18_0006] itr #5 | fitted
2021-04-16 10:11:51.678020 CEST | [test_discounts_2021_04_16_10_06_18_0006] itr #5 | fitting baseline...
2021-04-16 10:11:51.678641 CEST | [test_discounts_2021_04_16_10_06_18_0006] itr #5 | fitted
2021-04-16 10:11:51.679891 CEST | [test_discounts_2021_04_16_10_06_18_0006] itr #5 | fitting baseline...
2021-04-16 10:11:51.680512 CEST | [test_discounts_2021_04_16_10_06_18_0006] itr #5 | fitted
2021-04-16 10:11:53.246796 CEST | [test_discounts_2021_04_16_10_06_18_0006] itr #6 | fitting baseline...
2021-04-16 10:11:53.247483 CEST | [test_discounts_2021_04_16_10_06_18_0006] itr #6 | fitted
2021-04-16 10:11:53.248678 CEST | [test_discounts_2021_04_16_10_06_18_0006] itr #6 | fitting baseline...
2021-04-16 10:11:53.249203 CEST | [test_discounts_2021_04_16_10_06_18_0006] itr #6 | fitted
2021-04-16 10:11:53.250286 CEST | [test_discounts_2021_04_16_10_06_18_0006] itr #6 | fitting baseline...
2021-04-16 10:11:53.250766 CEST | [test_discounts_2021_04_16_10_06_18_0006] itr #6 | fitted
2021-04-16 10:11:53.252072 CEST | [test_discounts_2021_04_16_10_06_18_0006] itr #6 | fitting baseline...
2021-04-16 10:11:53.252687 CEST | [test_discounts_2021_04_16_10_06_18_0006] itr #6 | fitted
2021-04-16 10:11:53.253741 CEST | [test_discounts_2021_04_16_10_06_18_0006] itr #6 | fitting baseline...
2021-04-16 10:11:53.254228 CEST | [test_discounts_2021_04_16_10_06_18_0006] itr #6 | fitted
2021-04-16 10:11:53.255449 CEST | [test_discounts_2021_04_16_10_06_18_0006] itr #6 | fitting baseline...
2021-04-16 10:11:53.255974 CEST | [test_discounts_2021_04_16_10_06_18_0006] itr #6 | fitted
2021-04-16 10:11:53.257277 CEST | [test_discounts_2021_04_16_10_06_18_0006] itr #6 | fitting baseline...
2021-04-16 10:11:53.257869 CEST | [test_discounts_2021_04_16_10_06_18_0006] itr #6 | fitted
2021-04-16 10:11:53.259064 CEST | [test_discounts_2021_04_16_10_06_18_0006] itr #6 | fitting baseline...
2021-04-16 10:11:53.259622 CEST | [test_discounts_2021_04_16_10_06_18_0006] itr #6 | fitted
2021-04-16 10:11:53.260782 CEST | [test_discounts_2021_04_16_10_06_18_0006] itr #6 | fitting baseline...
2021-04-16 10:11:53.261328 CEST | [test_discounts_2021_04_16_10_06_18_0006] itr #6 | fitted
2021-04-16 10:11:53.262504 CEST | [test_discounts_2021_04_16_10_06_18_0006] itr #6 | fitting baseline...
2021-04-16 10:11:53.263143 CEST | [test_discounts_2021_04_16_10_06_18_0006] itr #6 | fitted
2021-04-16 10:11:54.663962 CEST | [test_discounts_2021_04_16_10_06_18_0006] itr #7 | fitting baseline...
2021-04-16 10:11:54.664668 CEST | [test_discounts_2021_04_16_10_06_18_0006] itr #7 | fitted
2021-04-16 10:11:54.665879 CEST | [test_discounts_2021_04_16_10_06_18_0006] itr #7 | fitting baseline...
2021-04-16 10:11:54.666455 CEST | [test_discounts_2021_04_16_10_06_18_0006] itr #7 | fitted
2021-04-16 10:11:54.667454 CEST | [test_discounts_2021_04_16_10_06_18_0006] itr #7 | fitting baseline...
2021-04-16 10:11:54.667934 CEST | [test_discounts_2021_04_16_10_06_18_0006] itr #7 | fitted
2021-04-16 10:11:54.669104 CEST | [test_discounts_2021_04_16_10_06_18_0006] itr #7 | fitting baseline...
2021-04-16 10:11:54.669647 CEST | [test_discounts_2021_04_16_10_06_18_0006] itr #7 | fitted
2021-04-16 10:11:54.670624 CEST | [test_discounts_2021_04_16_10_06_18_0006] itr #7 | fitting baseline...
2021-04-16 10:11:54.671095 CEST | [test_discounts_2021_04_16_10_06_18_0006] itr #7 | fitted
2021-04-16 10:11:54.672159 CEST | [test_discounts_2021_04_16_10_06_18_0006] itr #7 | fitting baseline...
2021-04-16 10:11:54.672661 CEST | [test_discounts_2021_04_16_10_06_18_0006] itr #7 | fitted
2021-04-16 10:11:54.673740 CEST | [test_discounts_2021_04_16_10_06_18_0006] itr #7 | fitting baseline...
2021-04-16 10:11:54.674282 CEST | [test_discounts_2021_04_16_10_06_18_0006] itr #7 | fitted
2021-04-16 10:11:54.675338 CEST | [test_discounts_2021_04_16_10_06_18_0006] itr #7 | fitting baseline...
2021-04-16 10:11:54.675819 CEST | [test_discounts_2021_04_16_10_06_18_0006] itr #7 | fitted
2021-04-16 10:11:54.676870 CEST | [test_discounts_2021_04_16_10_06_18_0006] itr #7 | fitting baseline...
2021-04-16 10:11:54.677366 CEST | [test_discounts_2021_04_16_10_06_18_0006] itr #7 | fitted
2021-04-16 10:11:54.678448 CEST | [test_discounts_2021_04_16_10_06_18_0006] itr #7 | fitting baseline...
2021-04-16 10:11:54.678956 CEST | [test_discounts_2021_04_16_10_06_18_0006] itr #7 | fitted
2021-04-16 10:11:56.181267 CEST | [test_discounts_2021_04_16_10_06_18_0006] itr #8 | fitting baseline...
2021-04-16 10:11:56.181882 CEST | [test_discounts_2021_04_16_10_06_18_0006] itr #8 | fitted
2021-04-16 10:11:56.182860 CEST | [test_discounts_2021_04_16_10_06_18_0006] itr #8 | fitting baseline...
2021-04-16 10:11:56.183364 CEST | [test_discounts_2021_04_16_10_06_18_0006] itr #8 | fitted
2021-04-16 10:11:56.184594 CEST | [test_discounts_2021_04_16_10_06_18_0006] itr #8 | fitting baseline...
2021-04-16 10:11:56.185201 CEST | [test_discounts_2021_04_16_10_06_18_0006] itr #8 | fitted
2021-04-16 10:11:56.186442 CEST | [test_discounts_2021_04_16_10_06_18_0006] itr #8 | fitting baseline...
2021-04-16 10:11:56.187107 CEST | [test_discounts_2021_04_16_10_06_18_0006] itr #8 | fitted
2021-04-16 10:11:56.188170 CEST | [test_discounts_2021_04_16_10_06_18_0006] itr #8 | fitting baseline...
2021-04-16 10:11:56.188712 CEST | [test_discounts_2021_04_16_10_06_18_0006] itr #8 | fitted
2021-04-16 10:11:56.189749 CEST | [test_discounts_2021_04_16_10_06_18_0006] itr #8 | fitting baseline...
2021-04-16 10:11:56.190212 CEST | [test_discounts_2021_04_16_10_06_18_0006] itr #8 | fitted
2021-04-16 10:11:56.191118 CEST | [test_discounts_2021_04_16_10_06_18_0006] itr #8 | fitting baseline...
2021-04-16 10:11:56.191549 CEST | [test_discounts_2021_04_16_10_06_18_0006] itr #8 | fitted
2021-04-16 10:11:56.192645 CEST | [test_discounts_2021_04_16_10_06_18_0006] itr #8 | fitting baseline...
2021-04-16 10:11:56.193234 CEST | [test_discounts_2021_04_16_10_06_18_0006] itr #8 | fitted
2021-04-16 10:11:56.194428 CEST | [test_discounts_2021_04_16_10_06_18_0006] itr #8 | fitting baseline...
2021-04-16 10:11:56.194992 CEST | [test_discounts_2021_04_16_10_06_18_0006] itr #8 | fitted
2021-04-16 10:11:56.195978 CEST | [test_discounts_2021_04_16_10_06_18_0006] itr #8 | fitting baseline...
2021-04-16 10:11:56.196518 CEST | [test_discounts_2021_04_16_10_06_18_0006] itr #8 | fitted
2021-04-16 10:11:57.702014 CEST | [test_discounts_2021_04_16_10_06_18_0006] itr #9 | fitting baseline...
2021-04-16 10:11:57.702651 CEST | [test_discounts_2021_04_16_10_06_18_0006] itr #9 | fitted
2021-04-16 10:11:57.703631 CEST | [test_discounts_2021_04_16_10_06_18_0006] itr #9 | fitting baseline...
2021-04-16 10:11:57.704144 CEST | [test_discounts_2021_04_16_10_06_18_0006] itr #9 | fitted
2021-04-16 10:11:57.705290 CEST | [test_discounts_2021_04_16_10_06_18_0006] itr #9 | fitting baseline...
2021-04-16 10:11:57.705820 CEST | [test_discounts_2021_04_16_10_06_18_0006] itr #9 | fitted
2021-04-16 10:11:57.706852 CEST | [test_discounts_2021_04_16_10_06_18_0006] itr #9 | fitting baseline...
2021-04-16 10:11:57.707400 CEST | [test_discounts_2021_04_16_10_06_18_0006] itr #9 | fitted
2021-04-16 10:11:57.708622 CEST | [test_discounts_2021_04_16_10_06_18_0006] itr #9 | fitting baseline...
2021-04-16 10:11:57.709310 CEST | [test_discounts_2021_04_16_10_06_18_0006] itr #9 | fitted
2021-04-16 10:11:57.710471 CEST | [test_discounts_2021_04_16_10_06_18_0006] itr #9 | fitting baseline...
2021-04-16 10:11:57.711137 CEST | [test_discounts_2021_04_16_10_06_18_0006] itr #9 | fitted
2021-04-16 10:11:57.712403 CEST | [test_discounts_2021_04_16_10_06_18_0006] itr #9 | fitting baseline...
2021-04-16 10:11:57.712985 CEST | [test_discounts_2021_04_16_10_06_18_0006] itr #9 | fitted
2021-04-16 10:11:57.714039 CEST | [test_discounts_2021_04_16_10_06_18_0006] itr #9 | fitting baseline...
2021-04-16 10:11:57.714495 CEST | [test_discounts_2021_04_16_10_06_18_0006] itr #9 | fitted
2021-04-16 10:11:57.715623 CEST | [test_discounts_2021_04_16_10_06_18_0006] itr #9 | fitting baseline...
2021-04-16 10:11:57.716149 CEST | [test_discounts_2021_04_16_10_06_18_0006] itr #9 | fitted
2021-04-16 10:11:57.717218 CEST | [test_discounts_2021_04_16_10_06_18_0006] itr #9 | fitting baseline...
2021-04-16 10:11:57.717714 CEST | [test_discounts_2021_04_16_10_06_18_0006] itr #9 | fitted
2021-04-16 10:11:59.261081 CEST | [test_discounts_2021_04_16_10_06_18_0006] itr #10 | fitting baseline...
2021-04-16 10:11:59.261685 CEST | [test_discounts_2021_04_16_10_06_18_0006] itr #10 | fitted
2021-04-16 10:11:59.262754 CEST | [test_discounts_2021_04_16_10_06_18_0006] itr #10 | fitting baseline...
2021-04-16 10:11:59.263230 CEST | [test_discounts_2021_04_16_10_06_18_0006] itr #10 | fitted
2021-04-16 10:11:59.264315 CEST | [test_discounts_2021_04_16_10_06_18_0006] itr #10 | fitting baseline...
2021-04-16 10:11:59.264813 CEST | [test_discounts_2021_04_16_10_06_18_0006] itr #10 | fitted
2021-04-16 10:11:59.265778 CEST | [test_discounts_2021_04_16_10_06_18_0006] itr #10 | fitting baseline...
2021-04-16 10:11:59.266222 CEST | [test_discounts_2021_04_16_10_06_18_0006] itr #10 | fitted
2021-04-16 10:11:59.267281 CEST | [test_discounts_2021_04_16_10_06_18_0006] itr #10 | fitting baseline...
2021-04-16 10:11:59.267748 CEST | [test_discounts_2021_04_16_10_06_18_0006] itr #10 | fitted
2021-04-16 10:11:59.268674 CEST | [test_discounts_2021_04_16_10_06_18_0006] itr #10 | fitting baseline...
2021-04-16 10:11:59.269086 CEST | [test_discounts_2021_04_16_10_06_18_0006] itr #10 | fitted
2021-04-16 10:11:59.269922 CEST | [test_discounts_2021_04_16_10_06_18_0006] itr #10 | fitting baseline...
2021-04-16 10:11:59.270326 CEST | [test_discounts_2021_04_16_10_06_18_0006] itr #10 | fitted
2021-04-16 10:11:59.271349 CEST | [test_discounts_2021_04_16_10_06_18_0006] itr #10 | fitting baseline...
2021-04-16 10:11:59.271820 CEST | [test_discounts_2021_04_16_10_06_18_0006] itr #10 | fitted
2021-04-16 10:11:59.272773 CEST | [test_discounts_2021_04_16_10_06_18_0006] itr #10 | fitting baseline...
2021-04-16 10:11:59.273276 CEST | [test_discounts_2021_04_16_10_06_18_0006] itr #10 | fitted
2021-04-16 10:11:59.274184 CEST | [test_discounts_2021_04_16_10_06_18_0006] itr #10 | fitting baseline...
2021-04-16 10:11:59.274689 CEST | [test_discounts_2021_04_16_10_06_18_0006] itr #10 | fitted
2021-04-16 10:11:59.307685 CEST | [test_discounts_2021_04_16_10_06_18_0006] itr #10 | saving snapshot...
2021-04-16 10:11:59.313750 CEST | [test_discounts_2021_04_16_10_06_18_0006] itr #10 | saved
2021-04-16 10:11:59.352316 CEST | -----------------------  ---------------
2021-04-16 10:11:59.352523 CEST | Iteration                    0
2021-04-16 10:11:59.352642 CEST | AverageDiscountedReturn     17.8404
2021-04-16 10:11:59.352784 CEST | AverageReturn               60.8356
2021-04-16 10:11:59.352902 CEST | ExplainedVariance            2.17257e-10
2021-04-16 10:11:59.353034 CEST | NumTrajs                    57
2021-04-16 10:11:59.353146 CEST | Entropy                      1.41894
2021-04-16 10:11:59.353258 CEST | Perplexity                   4.13273
2021-04-16 10:11:59.353367 CEST | StdReturn                   48.4703
2021-04-16 10:11:59.353479 CEST | MaxReturn                  219.888
2021-04-16 10:11:59.353589 CEST | MinReturn                    9.98043
2021-04-16 10:11:59.353704 CEST | Iteration                    0
2021-04-16 10:11:59.353815 CEST | AverageDiscountedReturn     17.0379
2021-04-16 10:11:59.353936 CEST | AverageReturn               66.7488
2021-04-16 10:11:59.354047 CEST | ExplainedVariance            0.415089
2021-04-16 10:11:59.354156 CEST | NumTrajs                    53
2021-04-16 10:11:59.354265 CEST | Entropy                      1.41894
2021-04-16 10:11:59.354375 CEST | Perplexity                   4.13273
2021-04-16 10:11:59.354484 CEST | StdReturn                   60.3161
2021-04-16 10:11:59.354594 CEST | MaxReturn                  309.91
2021-04-16 10:11:59.354704 CEST | MinReturn                    0
2021-04-16 10:11:59.354815 CEST | Iteration                    0
2021-04-16 10:11:59.354924 CEST | AverageDiscountedReturn     17.9407
2021-04-16 10:11:59.355033 CEST | AverageReturn               68.3845
2021-04-16 10:11:59.355142 CEST | ExplainedVariance            0.449261
2021-04-16 10:11:59.355250 CEST | NumTrajs                    51
2021-04-16 10:11:59.355359 CEST | Entropy                      1.41894
2021-04-16 10:11:59.355469 CEST | Perplexity                   4.13273
2021-04-16 10:11:59.355578 CEST | StdReturn                   50.9023
2021-04-16 10:11:59.355688 CEST | MaxReturn                  219.848
2021-04-16 10:11:59.355798 CEST | MinReturn                    0
2021-04-16 10:11:59.355907 CEST | Iteration                    0
2021-04-16 10:11:59.356017 CEST | AverageDiscountedReturn     17.4221
2021-04-16 10:11:59.356160 CEST | AverageReturn               65.8063
2021-04-16 10:11:59.356269 CEST | ExplainedVariance            0.415586
2021-04-16 10:11:59.356378 CEST | NumTrajs                    53
2021-04-16 10:11:59.356488 CEST | Entropy                      1.41894
2021-04-16 10:11:59.356596 CEST | Perplexity                   4.13273
2021-04-16 10:11:59.356706 CEST | StdReturn                   55.0789
2021-04-16 10:11:59.356814 CEST | MaxReturn                  289.916
2021-04-16 10:11:59.356924 CEST | MinReturn                    0
2021-04-16 10:11:59.357032 CEST | Iteration                    0
2021-04-16 10:11:59.357141 CEST | AverageDiscountedReturn     18.6099
2021-04-16 10:11:59.357250 CEST | AverageReturn               82.9766
2021-04-16 10:11:59.357359 CEST | ExplainedVariance            0.502402
2021-04-16 10:11:59.357468 CEST | NumTrajs                    43
2021-04-16 10:11:59.357577 CEST | Entropy                      1.41894
2021-04-16 10:11:59.357686 CEST | Perplexity                   4.13273
2021-04-16 10:11:59.357795 CEST | StdReturn                   53.9974
2021-04-16 10:11:59.357904 CEST | MaxReturn                  239.827
2021-04-16 10:11:59.358013 CEST | MinReturn                    9.98122
2021-04-16 10:11:59.358123 CEST | Iteration                    0
2021-04-16 10:11:59.358232 CEST | AverageDiscountedReturn     16.7896
2021-04-16 10:11:59.358344 CEST | AverageReturn               65.8115
2021-04-16 10:11:59.358452 CEST | ExplainedVariance           -0.180639
2021-04-16 10:11:59.358561 CEST | NumTrajs                    53
2021-04-16 10:11:59.358670 CEST | Entropy                      1.41894
2021-04-16 10:11:59.358779 CEST | Perplexity                   4.13273
2021-04-16 10:11:59.358888 CEST | StdReturn                   68.6142
2021-04-16 10:11:59.358997 CEST | MaxReturn                  389.826
2021-04-16 10:11:59.359107 CEST | MinReturn                    0
2021-04-16 10:11:59.359216 CEST | Iteration                    0
2021-04-16 10:11:59.359324 CEST | AverageDiscountedReturn     17.6517
2021-04-16 10:11:59.359434 CEST | AverageReturn               73.2924
2021-04-16 10:11:59.359543 CEST | ExplainedVariance            0.580818
2021-04-16 10:11:59.359653 CEST | NumTrajs                    48
2021-04-16 10:11:59.359762 CEST | Entropy                      1.41894
2021-04-16 10:11:59.359872 CEST | Perplexity                   4.13273
2021-04-16 10:11:59.359981 CEST | StdReturn                   72.3467
2021-04-16 10:11:59.360124 CEST | MaxReturn                  379.746
2021-04-16 10:11:59.360235 CEST | MinReturn                    0
2021-04-16 10:11:59.360344 CEST | Iteration                    0
2021-04-16 10:11:59.360459 CEST | AverageDiscountedReturn     18.5357
2021-04-16 10:11:59.360570 CEST | AverageReturn               71.588
2021-04-16 10:11:59.360679 CEST | ExplainedVariance            0.515098
2021-04-16 10:11:59.360788 CEST | NumTrajs                    49
2021-04-16 10:11:59.360897 CEST | Entropy                      1.41894
2021-04-16 10:11:59.361007 CEST | Perplexity                   4.13273
2021-04-16 10:11:59.361116 CEST | StdReturn                   61.2286
2021-04-16 10:11:59.361225 CEST | MaxReturn                  309.854
2021-04-16 10:11:59.361333 CEST | MinReturn                    9.98253
2021-04-16 10:11:59.361443 CEST | Iteration                    0
2021-04-16 10:11:59.361552 CEST | AverageDiscountedReturn     18.8533
2021-04-16 10:11:59.361661 CEST | AverageReturn              104.51
2021-04-16 10:11:59.361770 CEST | ExplainedVariance            0.442778
2021-04-16 10:11:59.361879 CEST | NumTrajs                    35
2021-04-16 10:11:59.361989 CEST | Entropy                      1.41894
2021-04-16 10:11:59.362098 CEST | Perplexity                   4.13273
2021-04-16 10:11:59.362208 CEST | StdReturn                   77.8846
2021-04-16 10:11:59.362317 CEST | MaxReturn                  329.842
2021-04-16 10:11:59.362428 CEST | MinReturn                    9.98826
2021-04-16 10:11:59.362536 CEST | Iteration                    0
2021-04-16 10:11:59.362646 CEST | AverageDiscountedReturn     18.4296
2021-04-16 10:11:59.362756 CEST | AverageReturn               71.7982
2021-04-16 10:11:59.362865 CEST | ExplainedVariance            0.586137
2021-04-16 10:11:59.362975 CEST | NumTrajs                    49
2021-04-16 10:11:59.363084 CEST | Entropy                      1.41894
2021-04-16 10:11:59.363193 CEST | Perplexity                   4.13273
2021-04-16 10:11:59.363303 CEST | StdReturn                   53.9133
2021-04-16 10:11:59.363412 CEST | MaxReturn                  249.921
2021-04-16 10:11:59.363522 CEST | MinReturn                    9.98206
2021-04-16 10:11:59.363631 CEST | AveragePolicyStd             1
2021-04-16 10:11:59.363741 CEST | AveragePolicyStd             1
2021-04-16 10:11:59.363851 CEST | AveragePolicyStd             1
2021-04-16 10:11:59.363959 CEST | AveragePolicyStd             1
2021-04-16 10:11:59.364102 CEST | AveragePolicyStd             1
2021-04-16 10:11:59.364215 CEST | AveragePolicyStd             1
2021-04-16 10:11:59.364325 CEST | AveragePolicyStd             1
2021-04-16 10:11:59.364434 CEST | AveragePolicyStd             1
2021-04-16 10:11:59.364543 CEST | AveragePolicyStd             1
2021-04-16 10:11:59.364651 CEST | AveragePolicyStd             1
2021-04-16 10:11:59.364761 CEST | Iteration                    1
2021-04-16 10:11:59.364870 CEST | AverageDiscountedReturn     18.3635
2021-04-16 10:11:59.364980 CEST | AverageReturn               94.6798
2021-04-16 10:11:59.365088 CEST | ExplainedVariance            0.107738
2021-04-16 10:11:59.365198 CEST | NumTrajs                    40
2021-04-16 10:11:59.365306 CEST | Entropy                      1.40897
2021-04-16 10:11:59.365416 CEST | Perplexity                   4.09174
2021-04-16 10:11:59.365525 CEST | StdReturn                   73.0602
2021-04-16 10:11:59.365635 CEST | MaxReturn                  309.772
2021-04-16 10:11:59.365746 CEST | MinReturn                    9.98154
2021-04-16 10:11:59.365858 CEST | Iteration                    1
2021-04-16 10:11:59.365968 CEST | AverageDiscountedReturn     18.4883
2021-04-16 10:11:59.366079 CEST | AverageReturn              113.565
2021-04-16 10:11:59.366189 CEST | ExplainedVariance            0.33286
2021-04-16 10:11:59.366299 CEST | NumTrajs                    33
2021-04-16 10:11:59.366409 CEST | Entropy                      1.40897
2021-04-16 10:11:59.366518 CEST | Perplexity                   4.09174
2021-04-16 10:11:59.366628 CEST | StdReturn                   79.4625
2021-04-16 10:11:59.366735 CEST | MaxReturn                  309.879
2021-04-16 10:11:59.366847 CEST | MinReturn                    0
2021-04-16 10:11:59.366957 CEST | Iteration                    1
2021-04-16 10:11:59.367073 CEST | AverageDiscountedReturn     18.8899
2021-04-16 10:11:59.367185 CEST | AverageReturn               99.668
2021-04-16 10:11:59.367301 CEST | ExplainedVariance            0.541076
2021-04-16 10:11:59.367411 CEST | NumTrajs                    37
2021-04-16 10:11:59.367524 CEST | Entropy                      1.40897
2021-04-16 10:11:59.367634 CEST | Perplexity                   4.09174
2021-04-16 10:11:59.367747 CEST | StdReturn                   66.6448
2021-04-16 10:11:59.367859 CEST | MaxReturn                  289.831
2021-04-16 10:11:59.367971 CEST | MinReturn                    9.98156
2021-04-16 10:11:59.368108 CEST | Iteration                    1
2021-04-16 10:11:59.368222 CEST | AverageDiscountedReturn     18.2275
2021-04-16 10:11:59.368335 CEST | AverageReturn              101.822
2021-04-16 10:11:59.368448 CEST | ExplainedVariance            0.272534
2021-04-16 10:11:59.368561 CEST | NumTrajs                    37
2021-04-16 10:11:59.368675 CEST | Entropy                      1.40897
2021-04-16 10:11:59.368795 CEST | Perplexity                   4.09174
2021-04-16 10:11:59.368909 CEST | StdReturn                   79.5897
2021-04-16 10:11:59.369022 CEST | MaxReturn                  309.913
2021-04-16 10:11:59.369136 CEST | MinReturn                    9.98036
2021-04-16 10:11:59.369275 CEST | Iteration                    1
2021-04-16 10:11:59.369442 CEST | AverageDiscountedReturn     18.8039
2021-04-16 10:11:59.369602 CEST | AverageReturn              114.175
2021-04-16 10:11:59.369801 CEST | ExplainedVariance            0.50207
2021-04-16 10:11:59.369990 CEST | NumTrajs                    33
2021-04-16 10:11:59.370183 CEST | Entropy                      1.40897
2021-04-16 10:11:59.370383 CEST | Perplexity                   4.09174
2021-04-16 10:11:59.370524 CEST | StdReturn                   73.2403
2021-04-16 10:11:59.370646 CEST | MaxReturn                  259.817
2021-04-16 10:11:59.370769 CEST | MinReturn                    9.98364
2021-04-16 10:11:59.370891 CEST | Iteration                    1
2021-04-16 10:11:59.371012 CEST | AverageDiscountedReturn     18.8152
2021-04-16 10:11:59.371131 CEST | AverageReturn              112.282
2021-04-16 10:11:59.371250 CEST | ExplainedVariance           -1.37443
2021-04-16 10:11:59.371368 CEST | NumTrajs                    34
2021-04-16 10:11:59.371488 CEST | Entropy                      1.40897
2021-04-16 10:11:59.371611 CEST | Perplexity                   4.09174
2021-04-16 10:11:59.371764 CEST | StdReturn                   93.9386
2021-04-16 10:11:59.371896 CEST | MaxReturn                  459.896
2021-04-16 10:11:59.372028 CEST | MinReturn                    9.98497
2021-04-16 10:11:59.372166 CEST | Iteration                    1
2021-04-16 10:11:59.372282 CEST | AverageDiscountedReturn     18.9051
2021-04-16 10:11:59.372396 CEST | AverageReturn              115.081
2021-04-16 10:11:59.372510 CEST | ExplainedVariance            0.156763
2021-04-16 10:11:59.372622 CEST | NumTrajs                    33
2021-04-16 10:11:59.372736 CEST | Entropy                      1.40897
2021-04-16 10:11:59.372885 CEST | Perplexity                   4.09174
2021-04-16 10:11:59.373016 CEST | StdReturn                  119.782
2021-04-16 10:11:59.373151 CEST | MaxReturn                  519.832
2021-04-16 10:11:59.373299 CEST | MinReturn                    9.98633
2021-04-16 10:11:59.373492 CEST | Iteration                    1
2021-04-16 10:11:59.373671 CEST | AverageDiscountedReturn     18.6619
2021-04-16 10:11:59.373797 CEST | AverageReturn              106.05
2021-04-16 10:11:59.373922 CEST | ExplainedVariance            0.48425
2021-04-16 10:11:59.374046 CEST | NumTrajs                    36
2021-04-16 10:11:59.374174 CEST | Entropy                      1.40897
2021-04-16 10:11:59.374301 CEST | Perplexity                   4.09174
2021-04-16 10:11:59.374428 CEST | StdReturn                   88.4553
2021-04-16 10:11:59.374549 CEST | MaxReturn                  419.856
2021-04-16 10:11:59.374671 CEST | MinReturn                    9.98073
2021-04-16 10:11:59.374816 CEST | Iteration                    1
2021-04-16 10:11:59.374946 CEST | AverageDiscountedReturn     19.2573
2021-04-16 10:11:59.375075 CEST | AverageReturn              125.264
2021-04-16 10:11:59.375199 CEST | ExplainedVariance            0.340601
2021-04-16 10:11:59.375327 CEST | NumTrajs                    30
2021-04-16 10:11:59.375453 CEST | Entropy                      1.40897
2021-04-16 10:11:59.375579 CEST | Perplexity                   4.09174
2021-04-16 10:11:59.375704 CEST | StdReturn                   76.471
2021-04-16 10:11:59.375829 CEST | MaxReturn                  279.93
2021-04-16 10:11:59.375957 CEST | MinReturn                    9.9796
2021-04-16 10:11:59.376123 CEST | Iteration                    1
2021-04-16 10:11:59.376251 CEST | AverageDiscountedReturn     18.351
2021-04-16 10:11:59.376376 CEST | AverageReturn               96.2519
2021-04-16 10:11:59.376508 CEST | ExplainedVariance            0.538612
2021-04-16 10:11:59.376633 CEST | NumTrajs                    38
2021-04-16 10:11:59.376762 CEST | Entropy                      1.40897
2021-04-16 10:11:59.376887 CEST | Perplexity                   4.09174
2021-04-16 10:11:59.377013 CEST | StdReturn                   78.0583
2021-04-16 10:11:59.377138 CEST | MaxReturn                  289.927
2021-04-16 10:11:59.377261 CEST | MinReturn                    9.9805
2021-04-16 10:11:59.377386 CEST | AveragePolicyStd             0.99008
2021-04-16 10:11:59.377512 CEST | AveragePolicyStd             0.99008
2021-04-16 10:11:59.377638 CEST | AveragePolicyStd             0.99008
2021-04-16 10:11:59.377765 CEST | AveragePolicyStd             0.99008
2021-04-16 10:11:59.377890 CEST | AveragePolicyStd             0.99008
2021-04-16 10:11:59.378017 CEST | AveragePolicyStd             0.99008
2021-04-16 10:11:59.378139 CEST | AveragePolicyStd             0.99008
2021-04-16 10:11:59.378261 CEST | AveragePolicyStd             0.99008
2021-04-16 10:11:59.378383 CEST | AveragePolicyStd             0.99008
2021-04-16 10:11:59.378512 CEST | AveragePolicyStd             0.99008
2021-04-16 10:11:59.378634 CEST | Iteration                    2
2021-04-16 10:11:59.378758 CEST | AverageDiscountedReturn     18.5045
2021-04-16 10:11:59.378881 CEST | AverageReturn              120.566
2021-04-16 10:11:59.379002 CEST | ExplainedVariance            0.412931
2021-04-16 10:11:59.379124 CEST | NumTrajs                    31
2021-04-16 10:11:59.379259 CEST | Entropy                      1.39971
2021-04-16 10:11:59.379391 CEST | Perplexity                   4.05404
2021-04-16 10:11:59.379514 CEST | StdReturn                  107.085
2021-04-16 10:11:59.379636 CEST | MaxReturn                  409.782
2021-04-16 10:11:59.379759 CEST | MinReturn                    9.98194
2021-04-16 10:11:59.379883 CEST | Iteration                    2
2021-04-16 10:11:59.380006 CEST | AverageDiscountedReturn     18.9303
2021-04-16 10:11:59.380156 CEST | AverageReturn              159.074
2021-04-16 10:11:59.380284 CEST | ExplainedVariance            0.406213
