2021-04-16 10:48:56.174719 CEST | [test_discounts_2021_04_16_10_06_18_0036] Populating workers...
2021-04-16 10:48:56.175053 CEST | [test_discounts_2021_04_16_10_06_18_0036] Populated
2021-04-16 10:48:56.175234 CEST | [test_discounts_2021_04_16_10_06_18_0036] Populating workers...
2021-04-16 10:48:56.175412 CEST | [test_discounts_2021_04_16_10_06_18_0036] Populated
2021-04-16 10:48:56.175540 CEST | [test_discounts_2021_04_16_10_06_18_0036] Populating workers...
2021-04-16 10:48:56.175687 CEST | [test_discounts_2021_04_16_10_06_18_0036] Populated
2021-04-16 10:48:56.175829 CEST | [test_discounts_2021_04_16_10_06_18_0036] Populating workers...
2021-04-16 10:48:56.175952 CEST | [test_discounts_2021_04_16_10_06_18_0036] Populated
2021-04-16 10:48:56.176098 CEST | [test_discounts_2021_04_16_10_06_18_0036] Populating workers...
2021-04-16 10:48:56.176238 CEST | [test_discounts_2021_04_16_10_06_18_0036] Populated
2021-04-16 10:48:56.176515 CEST | [test_discounts_2021_04_16_10_06_18_0036] Populating workers...
2021-04-16 10:48:56.176686 CEST | [test_discounts_2021_04_16_10_06_18_0036] Populated
2021-04-16 10:48:56.176811 CEST | [test_discounts_2021_04_16_10_06_18_0036] Populating workers...
2021-04-16 10:48:56.176946 CEST | [test_discounts_2021_04_16_10_06_18_0036] Populated
2021-04-16 10:48:56.177199 CEST | [test_discounts_2021_04_16_10_06_18_0036] Populating workers...
2021-04-16 10:48:56.177461 CEST | [test_discounts_2021_04_16_10_06_18_0036] Populated
2021-04-16 10:48:56.177630 CEST | [test_discounts_2021_04_16_10_06_18_0036] Populating workers...
2021-04-16 10:48:56.177785 CEST | [test_discounts_2021_04_16_10_06_18_0036] Populated
2021-04-16 10:48:56.177940 CEST | [test_discounts_2021_04_16_10_06_18_0036] Populating workers...
2021-04-16 10:48:56.178089 CEST | [test_discounts_2021_04_16_10_06_18_0036] Populated
2021-04-16 10:49:01.353976 CEST | [test_discounts_2021_04_16_10_06_18_0036] itr #0 | fitting baseline...
2021-04-16 10:49:01.377042 CEST | [test_discounts_2021_04_16_10_06_18_0036] itr #0 | fitted
2021-04-16 10:49:01.386012 CEST | [test_discounts_2021_04_16_10_06_18_0036] itr #0 | fitting baseline...
2021-04-16 10:49:01.388466 CEST | [test_discounts_2021_04_16_10_06_18_0036] itr #0 | fitted
2021-04-16 10:49:01.393571 CEST | [test_discounts_2021_04_16_10_06_18_0036] itr #0 | fitting baseline...
2021-04-16 10:49:01.395829 CEST | [test_discounts_2021_04_16_10_06_18_0036] itr #0 | fitted
2021-04-16 10:49:01.401465 CEST | [test_discounts_2021_04_16_10_06_18_0036] itr #0 | fitting baseline...
2021-04-16 10:49:01.403874 CEST | [test_discounts_2021_04_16_10_06_18_0036] itr #0 | fitted
2021-04-16 10:49:01.410235 CEST | [test_discounts_2021_04_16_10_06_18_0036] itr #0 | fitting baseline...
2021-04-16 10:49:01.412199 CEST | [test_discounts_2021_04_16_10_06_18_0036] itr #0 | fitted
2021-04-16 10:49:01.416268 CEST | [test_discounts_2021_04_16_10_06_18_0036] itr #0 | fitting baseline...
2021-04-16 10:49:01.417773 CEST | [test_discounts_2021_04_16_10_06_18_0036] itr #0 | fitted
2021-04-16 10:49:01.422431 CEST | [test_discounts_2021_04_16_10_06_18_0036] itr #0 | fitting baseline...
2021-04-16 10:49:01.424085 CEST | [test_discounts_2021_04_16_10_06_18_0036] itr #0 | fitted
2021-04-16 10:49:01.434116 CEST | [test_discounts_2021_04_16_10_06_18_0036] itr #0 | fitting baseline...
2021-04-16 10:49:01.436214 CEST | [test_discounts_2021_04_16_10_06_18_0036] itr #0 | fitted
2021-04-16 10:49:01.441063 CEST | [test_discounts_2021_04_16_10_06_18_0036] itr #0 | fitting baseline...
2021-04-16 10:49:01.442939 CEST | [test_discounts_2021_04_16_10_06_18_0036] itr #0 | fitted
2021-04-16 10:49:01.447975 CEST | [test_discounts_2021_04_16_10_06_18_0036] itr #0 | fitting baseline...
2021-04-16 10:49:01.449931 CEST | [test_discounts_2021_04_16_10_06_18_0036] itr #0 | fitted
2021-04-16 10:49:06.918873 CEST | [test_discounts_2021_04_16_10_06_18_0036] itr #1 | fitting baseline...
2021-04-16 10:49:06.920527 CEST | [test_discounts_2021_04_16_10_06_18_0036] itr #1 | fitted
2021-04-16 10:49:06.923602 CEST | [test_discounts_2021_04_16_10_06_18_0036] itr #1 | fitting baseline...
2021-04-16 10:49:06.924948 CEST | [test_discounts_2021_04_16_10_06_18_0036] itr #1 | fitted
2021-04-16 10:49:06.928201 CEST | [test_discounts_2021_04_16_10_06_18_0036] itr #1 | fitting baseline...
2021-04-16 10:49:06.929523 CEST | [test_discounts_2021_04_16_10_06_18_0036] itr #1 | fitted
2021-04-16 10:49:06.932977 CEST | [test_discounts_2021_04_16_10_06_18_0036] itr #1 | fitting baseline...
2021-04-16 10:49:06.934447 CEST | [test_discounts_2021_04_16_10_06_18_0036] itr #1 | fitted
2021-04-16 10:49:06.937835 CEST | [test_discounts_2021_04_16_10_06_18_0036] itr #1 | fitting baseline...
2021-04-16 10:49:06.939276 CEST | [test_discounts_2021_04_16_10_06_18_0036] itr #1 | fitted
2021-04-16 10:49:06.943107 CEST | [test_discounts_2021_04_16_10_06_18_0036] itr #1 | fitting baseline...
2021-04-16 10:49:06.944800 CEST | [test_discounts_2021_04_16_10_06_18_0036] itr #1 | fitted
2021-04-16 10:49:06.947944 CEST | [test_discounts_2021_04_16_10_06_18_0036] itr #1 | fitting baseline...
2021-04-16 10:49:06.949491 CEST | [test_discounts_2021_04_16_10_06_18_0036] itr #1 | fitted
2021-04-16 10:49:06.953418 CEST | [test_discounts_2021_04_16_10_06_18_0036] itr #1 | fitting baseline...
2021-04-16 10:49:06.954939 CEST | [test_discounts_2021_04_16_10_06_18_0036] itr #1 | fitted
2021-04-16 10:49:06.959176 CEST | [test_discounts_2021_04_16_10_06_18_0036] itr #1 | fitting baseline...
2021-04-16 10:49:06.961010 CEST | [test_discounts_2021_04_16_10_06_18_0036] itr #1 | fitted
2021-04-16 10:49:06.964768 CEST | [test_discounts_2021_04_16_10_06_18_0036] itr #1 | fitting baseline...
2021-04-16 10:49:06.966496 CEST | [test_discounts_2021_04_16_10_06_18_0036] itr #1 | fitted
2021-04-16 10:49:08.589926 CEST | [test_discounts_2021_04_16_10_06_18_0036] itr #2 | fitting baseline...
2021-04-16 10:49:08.590964 CEST | [test_discounts_2021_04_16_10_06_18_0036] itr #2 | fitted
2021-04-16 10:49:08.593163 CEST | [test_discounts_2021_04_16_10_06_18_0036] itr #2 | fitting baseline...
2021-04-16 10:49:08.594103 CEST | [test_discounts_2021_04_16_10_06_18_0036] itr #2 | fitted
2021-04-16 10:49:08.595968 CEST | [test_discounts_2021_04_16_10_06_18_0036] itr #2 | fitting baseline...
2021-04-16 10:49:08.596899 CEST | [test_discounts_2021_04_16_10_06_18_0036] itr #2 | fitted
2021-04-16 10:49:08.599497 CEST | [test_discounts_2021_04_16_10_06_18_0036] itr #2 | fitting baseline...
2021-04-16 10:49:08.600991 CEST | [test_discounts_2021_04_16_10_06_18_0036] itr #2 | fitted
2021-04-16 10:49:08.603768 CEST | [test_discounts_2021_04_16_10_06_18_0036] itr #2 | fitting baseline...
2021-04-16 10:49:08.604961 CEST | [test_discounts_2021_04_16_10_06_18_0036] itr #2 | fitted
2021-04-16 10:49:08.607618 CEST | [test_discounts_2021_04_16_10_06_18_0036] itr #2 | fitting baseline...
2021-04-16 10:49:08.608745 CEST | [test_discounts_2021_04_16_10_06_18_0036] itr #2 | fitted
2021-04-16 10:49:08.611259 CEST | [test_discounts_2021_04_16_10_06_18_0036] itr #2 | fitting baseline...
2021-04-16 10:49:08.612330 CEST | [test_discounts_2021_04_16_10_06_18_0036] itr #2 | fitted
2021-04-16 10:49:08.614648 CEST | [test_discounts_2021_04_16_10_06_18_0036] itr #2 | fitting baseline...
2021-04-16 10:49:08.616164 CEST | [test_discounts_2021_04_16_10_06_18_0036] itr #2 | fitted
2021-04-16 10:49:08.618478 CEST | [test_discounts_2021_04_16_10_06_18_0036] itr #2 | fitting baseline...
2021-04-16 10:49:08.619434 CEST | [test_discounts_2021_04_16_10_06_18_0036] itr #2 | fitted
2021-04-16 10:49:08.621864 CEST | [test_discounts_2021_04_16_10_06_18_0036] itr #2 | fitting baseline...
2021-04-16 10:49:08.622867 CEST | [test_discounts_2021_04_16_10_06_18_0036] itr #2 | fitted
2021-04-16 10:49:10.275996 CEST | [test_discounts_2021_04_16_10_06_18_0036] itr #3 | fitting baseline...
2021-04-16 10:49:10.277115 CEST | [test_discounts_2021_04_16_10_06_18_0036] itr #3 | fitted
2021-04-16 10:49:10.279591 CEST | [test_discounts_2021_04_16_10_06_18_0036] itr #3 | fitting baseline...
2021-04-16 10:49:10.281009 CEST | [test_discounts_2021_04_16_10_06_18_0036] itr #3 | fitted
2021-04-16 10:49:10.283687 CEST | [test_discounts_2021_04_16_10_06_18_0036] itr #3 | fitting baseline...
2021-04-16 10:49:10.284882 CEST | [test_discounts_2021_04_16_10_06_18_0036] itr #3 | fitted
2021-04-16 10:49:10.286783 CEST | [test_discounts_2021_04_16_10_06_18_0036] itr #3 | fitting baseline...
2021-04-16 10:49:10.287628 CEST | [test_discounts_2021_04_16_10_06_18_0036] itr #3 | fitted
2021-04-16 10:49:10.289376 CEST | [test_discounts_2021_04_16_10_06_18_0036] itr #3 | fitting baseline...
2021-04-16 10:49:10.290115 CEST | [test_discounts_2021_04_16_10_06_18_0036] itr #3 | fitted
2021-04-16 10:49:10.292193 CEST | [test_discounts_2021_04_16_10_06_18_0036] itr #3 | fitting baseline...
2021-04-16 10:49:10.293024 CEST | [test_discounts_2021_04_16_10_06_18_0036] itr #3 | fitted
2021-04-16 10:49:10.294955 CEST | [test_discounts_2021_04_16_10_06_18_0036] itr #3 | fitting baseline...
2021-04-16 10:49:10.296154 CEST | [test_discounts_2021_04_16_10_06_18_0036] itr #3 | fitted
2021-04-16 10:49:10.298167 CEST | [test_discounts_2021_04_16_10_06_18_0036] itr #3 | fitting baseline...
2021-04-16 10:49:10.299035 CEST | [test_discounts_2021_04_16_10_06_18_0036] itr #3 | fitted
2021-04-16 10:49:10.301117 CEST | [test_discounts_2021_04_16_10_06_18_0036] itr #3 | fitting baseline...
2021-04-16 10:49:10.302067 CEST | [test_discounts_2021_04_16_10_06_18_0036] itr #3 | fitted
2021-04-16 10:49:10.304358 CEST | [test_discounts_2021_04_16_10_06_18_0036] itr #3 | fitting baseline...
2021-04-16 10:49:10.305411 CEST | [test_discounts_2021_04_16_10_06_18_0036] itr #3 | fitted
2021-04-16 10:49:12.025498 CEST | [test_discounts_2021_04_16_10_06_18_0036] itr #4 | fitting baseline...
2021-04-16 10:49:12.026351 CEST | [test_discounts_2021_04_16_10_06_18_0036] itr #4 | fitted
2021-04-16 10:49:12.028362 CEST | [test_discounts_2021_04_16_10_06_18_0036] itr #4 | fitting baseline...
2021-04-16 10:49:12.029274 CEST | [test_discounts_2021_04_16_10_06_18_0036] itr #4 | fitted
2021-04-16 10:49:12.031668 CEST | [test_discounts_2021_04_16_10_06_18_0036] itr #4 | fitting baseline...
2021-04-16 10:49:12.032580 CEST | [test_discounts_2021_04_16_10_06_18_0036] itr #4 | fitted
2021-04-16 10:49:12.034090 CEST | [test_discounts_2021_04_16_10_06_18_0036] itr #4 | fitting baseline...
2021-04-16 10:49:12.034732 CEST | [test_discounts_2021_04_16_10_06_18_0036] itr #4 | fitted
2021-04-16 10:49:12.036721 CEST | [test_discounts_2021_04_16_10_06_18_0036] itr #4 | fitting baseline...
2021-04-16 10:49:12.037615 CEST | [test_discounts_2021_04_16_10_06_18_0036] itr #4 | fitted
2021-04-16 10:49:12.039341 CEST | [test_discounts_2021_04_16_10_06_18_0036] itr #4 | fitting baseline...
2021-04-16 10:49:12.040090 CEST | [test_discounts_2021_04_16_10_06_18_0036] itr #4 | fitted
2021-04-16 10:49:12.041602 CEST | [test_discounts_2021_04_16_10_06_18_0036] itr #4 | fitting baseline...
2021-04-16 10:49:12.042264 CEST | [test_discounts_2021_04_16_10_06_18_0036] itr #4 | fitted
2021-04-16 10:49:12.044197 CEST | [test_discounts_2021_04_16_10_06_18_0036] itr #4 | fitting baseline...
2021-04-16 10:49:12.045350 CEST | [test_discounts_2021_04_16_10_06_18_0036] itr #4 | fitted
2021-04-16 10:49:12.047267 CEST | [test_discounts_2021_04_16_10_06_18_0036] itr #4 | fitting baseline...
2021-04-16 10:49:12.048137 CEST | [test_discounts_2021_04_16_10_06_18_0036] itr #4 | fitted
2021-04-16 10:49:12.050055 CEST | [test_discounts_2021_04_16_10_06_18_0036] itr #4 | fitting baseline...
2021-04-16 10:49:12.050901 CEST | [test_discounts_2021_04_16_10_06_18_0036] itr #4 | fitted
2021-04-16 10:49:13.802678 CEST | [test_discounts_2021_04_16_10_06_18_0036] itr #5 | fitting baseline...
2021-04-16 10:49:13.803552 CEST | [test_discounts_2021_04_16_10_06_18_0036] itr #5 | fitted
2021-04-16 10:49:13.805494 CEST | [test_discounts_2021_04_16_10_06_18_0036] itr #5 | fitting baseline...
2021-04-16 10:49:13.806334 CEST | [test_discounts_2021_04_16_10_06_18_0036] itr #5 | fitted
2021-04-16 10:49:13.808157 CEST | [test_discounts_2021_04_16_10_06_18_0036] itr #5 | fitting baseline...
2021-04-16 10:49:13.809262 CEST | [test_discounts_2021_04_16_10_06_18_0036] itr #5 | fitted
2021-04-16 10:49:13.811749 CEST | [test_discounts_2021_04_16_10_06_18_0036] itr #5 | fitting baseline...
2021-04-16 10:49:13.812893 CEST | [test_discounts_2021_04_16_10_06_18_0036] itr #5 | fitted
2021-04-16 10:49:13.814684 CEST | [test_discounts_2021_04_16_10_06_18_0036] itr #5 | fitting baseline...
2021-04-16 10:49:13.815525 CEST | [test_discounts_2021_04_16_10_06_18_0036] itr #5 | fitted
2021-04-16 10:49:13.817562 CEST | [test_discounts_2021_04_16_10_06_18_0036] itr #5 | fitting baseline...
2021-04-16 10:49:13.818402 CEST | [test_discounts_2021_04_16_10_06_18_0036] itr #5 | fitted
2021-04-16 10:49:13.819835 CEST | [test_discounts_2021_04_16_10_06_18_0036] itr #5 | fitting baseline...
2021-04-16 10:49:13.820559 CEST | [test_discounts_2021_04_16_10_06_18_0036] itr #5 | fitted
2021-04-16 10:49:13.822095 CEST | [test_discounts_2021_04_16_10_06_18_0036] itr #5 | fitting baseline...
2021-04-16 10:49:13.822892 CEST | [test_discounts_2021_04_16_10_06_18_0036] itr #5 | fitted
2021-04-16 10:49:13.825142 CEST | [test_discounts_2021_04_16_10_06_18_0036] itr #5 | fitting baseline...
2021-04-16 10:49:13.826330 CEST | [test_discounts_2021_04_16_10_06_18_0036] itr #5 | fitted
2021-04-16 10:49:13.828547 CEST | [test_discounts_2021_04_16_10_06_18_0036] itr #5 | fitting baseline...
2021-04-16 10:49:13.829545 CEST | [test_discounts_2021_04_16_10_06_18_0036] itr #5 | fitted
2021-04-16 10:49:15.495360 CEST | [test_discounts_2021_04_16_10_06_18_0036] itr #6 | fitting baseline...
2021-04-16 10:49:15.496001 CEST | [test_discounts_2021_04_16_10_06_18_0036] itr #6 | fitted
2021-04-16 10:49:15.497258 CEST | [test_discounts_2021_04_16_10_06_18_0036] itr #6 | fitting baseline...
2021-04-16 10:49:15.497830 CEST | [test_discounts_2021_04_16_10_06_18_0036] itr #6 | fitted
2021-04-16 10:49:15.499069 CEST | [test_discounts_2021_04_16_10_06_18_0036] itr #6 | fitting baseline...
2021-04-16 10:49:15.499624 CEST | [test_discounts_2021_04_16_10_06_18_0036] itr #6 | fitted
2021-04-16 10:49:15.501380 CEST | [test_discounts_2021_04_16_10_06_18_0036] itr #6 | fitting baseline...
2021-04-16 10:49:15.502175 CEST | [test_discounts_2021_04_16_10_06_18_0036] itr #6 | fitted
2021-04-16 10:49:15.503229 CEST | [test_discounts_2021_04_16_10_06_18_0036] itr #6 | fitting baseline...
2021-04-16 10:49:15.503702 CEST | [test_discounts_2021_04_16_10_06_18_0036] itr #6 | fitted
2021-04-16 10:49:15.504967 CEST | [test_discounts_2021_04_16_10_06_18_0036] itr #6 | fitting baseline...
2021-04-16 10:49:15.505532 CEST | [test_discounts_2021_04_16_10_06_18_0036] itr #6 | fitted
2021-04-16 10:49:15.506639 CEST | [test_discounts_2021_04_16_10_06_18_0036] itr #6 | fitting baseline...
2021-04-16 10:49:15.507412 CEST | [test_discounts_2021_04_16_10_06_18_0036] itr #6 | fitted
2021-04-16 10:49:15.508929 CEST | [test_discounts_2021_04_16_10_06_18_0036] itr #6 | fitting baseline...
2021-04-16 10:49:15.509856 CEST | [test_discounts_2021_04_16_10_06_18_0036] itr #6 | fitted
2021-04-16 10:49:15.511812 CEST | [test_discounts_2021_04_16_10_06_18_0036] itr #6 | fitting baseline...
2021-04-16 10:49:15.512710 CEST | [test_discounts_2021_04_16_10_06_18_0036] itr #6 | fitted
2021-04-16 10:49:15.514098 CEST | [test_discounts_2021_04_16_10_06_18_0036] itr #6 | fitting baseline...
2021-04-16 10:49:15.514750 CEST | [test_discounts_2021_04_16_10_06_18_0036] itr #6 | fitted
2021-04-16 10:49:17.275004 CEST | [test_discounts_2021_04_16_10_06_18_0036] itr #7 | fitting baseline...
2021-04-16 10:49:17.276002 CEST | [test_discounts_2021_04_16_10_06_18_0036] itr #7 | fitted
2021-04-16 10:49:17.277744 CEST | [test_discounts_2021_04_16_10_06_18_0036] itr #7 | fitting baseline...
2021-04-16 10:49:17.278413 CEST | [test_discounts_2021_04_16_10_06_18_0036] itr #7 | fitted
2021-04-16 10:49:17.279414 CEST | [test_discounts_2021_04_16_10_06_18_0036] itr #7 | fitting baseline...
2021-04-16 10:49:17.280102 CEST | [test_discounts_2021_04_16_10_06_18_0036] itr #7 | fitted
2021-04-16 10:49:17.281480 CEST | [test_discounts_2021_04_16_10_06_18_0036] itr #7 | fitting baseline...
2021-04-16 10:49:17.282147 CEST | [test_discounts_2021_04_16_10_06_18_0036] itr #7 | fitted
2021-04-16 10:49:17.283461 CEST | [test_discounts_2021_04_16_10_06_18_0036] itr #7 | fitting baseline...
2021-04-16 10:49:17.284148 CEST | [test_discounts_2021_04_16_10_06_18_0036] itr #7 | fitted
2021-04-16 10:49:17.285185 CEST | [test_discounts_2021_04_16_10_06_18_0036] itr #7 | fitting baseline...
2021-04-16 10:49:17.285673 CEST | [test_discounts_2021_04_16_10_06_18_0036] itr #7 | fitted
2021-04-16 10:49:17.286846 CEST | [test_discounts_2021_04_16_10_06_18_0036] itr #7 | fitting baseline...
2021-04-16 10:49:17.287382 CEST | [test_discounts_2021_04_16_10_06_18_0036] itr #7 | fitted
2021-04-16 10:49:17.288430 CEST | [test_discounts_2021_04_16_10_06_18_0036] itr #7 | fitting baseline...
2021-04-16 10:49:17.289271 CEST | [test_discounts_2021_04_16_10_06_18_0036] itr #7 | fitted
2021-04-16 10:49:17.290898 CEST | [test_discounts_2021_04_16_10_06_18_0036] itr #7 | fitting baseline...
2021-04-16 10:49:17.291691 CEST | [test_discounts_2021_04_16_10_06_18_0036] itr #7 | fitted
2021-04-16 10:49:17.292889 CEST | [test_discounts_2021_04_16_10_06_18_0036] itr #7 | fitting baseline...
2021-04-16 10:49:17.293412 CEST | [test_discounts_2021_04_16_10_06_18_0036] itr #7 | fitted
2021-04-16 10:49:19.032980 CEST | [test_discounts_2021_04_16_10_06_18_0036] itr #8 | fitting baseline...
2021-04-16 10:49:19.033559 CEST | [test_discounts_2021_04_16_10_06_18_0036] itr #8 | fitted
2021-04-16 10:49:19.034462 CEST | [test_discounts_2021_04_16_10_06_18_0036] itr #8 | fitting baseline...
2021-04-16 10:49:19.034884 CEST | [test_discounts_2021_04_16_10_06_18_0036] itr #8 | fitted
2021-04-16 10:49:19.035931 CEST | [test_discounts_2021_04_16_10_06_18_0036] itr #8 | fitting baseline...
2021-04-16 10:49:19.036461 CEST | [test_discounts_2021_04_16_10_06_18_0036] itr #8 | fitted
2021-04-16 10:49:19.037627 CEST | [test_discounts_2021_04_16_10_06_18_0036] itr #8 | fitting baseline...
2021-04-16 10:49:19.038349 CEST | [test_discounts_2021_04_16_10_06_18_0036] itr #8 | fitted
2021-04-16 10:49:19.039328 CEST | [test_discounts_2021_04_16_10_06_18_0036] itr #8 | fitting baseline...
2021-04-16 10:49:19.039848 CEST | [test_discounts_2021_04_16_10_06_18_0036] itr #8 | fitted
2021-04-16 10:49:19.040812 CEST | [test_discounts_2021_04_16_10_06_18_0036] itr #8 | fitting baseline...
2021-04-16 10:49:19.041371 CEST | [test_discounts_2021_04_16_10_06_18_0036] itr #8 | fitted
2021-04-16 10:49:19.042433 CEST | [test_discounts_2021_04_16_10_06_18_0036] itr #8 | fitting baseline...
2021-04-16 10:49:19.043092 CEST | [test_discounts_2021_04_16_10_06_18_0036] itr #8 | fitted
2021-04-16 10:49:19.044300 CEST | [test_discounts_2021_04_16_10_06_18_0036] itr #8 | fitting baseline...
2021-04-16 10:49:19.044842 CEST | [test_discounts_2021_04_16_10_06_18_0036] itr #8 | fitted
2021-04-16 10:49:19.045869 CEST | [test_discounts_2021_04_16_10_06_18_0036] itr #8 | fitting baseline...
2021-04-16 10:49:19.046383 CEST | [test_discounts_2021_04_16_10_06_18_0036] itr #8 | fitted
2021-04-16 10:49:19.047321 CEST | [test_discounts_2021_04_16_10_06_18_0036] itr #8 | fitting baseline...
2021-04-16 10:49:19.047768 CEST | [test_discounts_2021_04_16_10_06_18_0036] itr #8 | fitted
2021-04-16 10:49:20.768931 CEST | [test_discounts_2021_04_16_10_06_18_0036] itr #9 | fitting baseline...
2021-04-16 10:49:20.770222 CEST | [test_discounts_2021_04_16_10_06_18_0036] itr #9 | fitted
2021-04-16 10:49:20.771675 CEST | [test_discounts_2021_04_16_10_06_18_0036] itr #9 | fitting baseline...
2021-04-16 10:49:20.772329 CEST | [test_discounts_2021_04_16_10_06_18_0036] itr #9 | fitted
2021-04-16 10:49:20.773506 CEST | [test_discounts_2021_04_16_10_06_18_0036] itr #9 | fitting baseline...
2021-04-16 10:49:20.774130 CEST | [test_discounts_2021_04_16_10_06_18_0036] itr #9 | fitted
2021-04-16 10:49:20.775230 CEST | [test_discounts_2021_04_16_10_06_18_0036] itr #9 | fitting baseline...
2021-04-16 10:49:20.775819 CEST | [test_discounts_2021_04_16_10_06_18_0036] itr #9 | fitted
2021-04-16 10:49:20.777249 CEST | [test_discounts_2021_04_16_10_06_18_0036] itr #9 | fitting baseline...
2021-04-16 10:49:20.777931 CEST | [test_discounts_2021_04_16_10_06_18_0036] itr #9 | fitted
2021-04-16 10:49:20.779259 CEST | [test_discounts_2021_04_16_10_06_18_0036] itr #9 | fitting baseline...
2021-04-16 10:49:20.779833 CEST | [test_discounts_2021_04_16_10_06_18_0036] itr #9 | fitted
2021-04-16 10:49:20.780926 CEST | [test_discounts_2021_04_16_10_06_18_0036] itr #9 | fitting baseline...
2021-04-16 10:49:20.781430 CEST | [test_discounts_2021_04_16_10_06_18_0036] itr #9 | fitted
2021-04-16 10:49:20.782475 CEST | [test_discounts_2021_04_16_10_06_18_0036] itr #9 | fitting baseline...
2021-04-16 10:49:20.782961 CEST | [test_discounts_2021_04_16_10_06_18_0036] itr #9 | fitted
2021-04-16 10:49:20.784155 CEST | [test_discounts_2021_04_16_10_06_18_0036] itr #9 | fitting baseline...
2021-04-16 10:49:20.784704 CEST | [test_discounts_2021_04_16_10_06_18_0036] itr #9 | fitted
2021-04-16 10:49:20.785984 CEST | [test_discounts_2021_04_16_10_06_18_0036] itr #9 | fitting baseline...
2021-04-16 10:49:20.787015 CEST | [test_discounts_2021_04_16_10_06_18_0036] itr #9 | fitted
2021-04-16 10:49:22.511497 CEST | [test_discounts_2021_04_16_10_06_18_0036] itr #10 | fitting baseline...
2021-04-16 10:49:22.512209 CEST | [test_discounts_2021_04_16_10_06_18_0036] itr #10 | fitted
2021-04-16 10:49:22.513279 CEST | [test_discounts_2021_04_16_10_06_18_0036] itr #10 | fitting baseline...
2021-04-16 10:49:22.513794 CEST | [test_discounts_2021_04_16_10_06_18_0036] itr #10 | fitted
2021-04-16 10:49:22.515146 CEST | [test_discounts_2021_04_16_10_06_18_0036] itr #10 | fitting baseline...
2021-04-16 10:49:22.515735 CEST | [test_discounts_2021_04_16_10_06_18_0036] itr #10 | fitted
2021-04-16 10:49:22.517165 CEST | [test_discounts_2021_04_16_10_06_18_0036] itr #10 | fitting baseline...
2021-04-16 10:49:22.518103 CEST | [test_discounts_2021_04_16_10_06_18_0036] itr #10 | fitted
2021-04-16 10:49:22.519439 CEST | [test_discounts_2021_04_16_10_06_18_0036] itr #10 | fitting baseline...
2021-04-16 10:49:22.520150 CEST | [test_discounts_2021_04_16_10_06_18_0036] itr #10 | fitted
2021-04-16 10:49:22.521304 CEST | [test_discounts_2021_04_16_10_06_18_0036] itr #10 | fitting baseline...
2021-04-16 10:49:22.521844 CEST | [test_discounts_2021_04_16_10_06_18_0036] itr #10 | fitted
2021-04-16 10:49:22.522883 CEST | [test_discounts_2021_04_16_10_06_18_0036] itr #10 | fitting baseline...
2021-04-16 10:49:22.523425 CEST | [test_discounts_2021_04_16_10_06_18_0036] itr #10 | fitted
2021-04-16 10:49:22.524568 CEST | [test_discounts_2021_04_16_10_06_18_0036] itr #10 | fitting baseline...
2021-04-16 10:49:22.525110 CEST | [test_discounts_2021_04_16_10_06_18_0036] itr #10 | fitted
2021-04-16 10:49:22.526346 CEST | [test_discounts_2021_04_16_10_06_18_0036] itr #10 | fitting baseline...
2021-04-16 10:49:22.526966 CEST | [test_discounts_2021_04_16_10_06_18_0036] itr #10 | fitted
2021-04-16 10:49:22.528136 CEST | [test_discounts_2021_04_16_10_06_18_0036] itr #10 | fitting baseline...
2021-04-16 10:49:22.528854 CEST | [test_discounts_2021_04_16_10_06_18_0036] itr #10 | fitted
2021-04-16 10:49:22.565819 CEST | [test_discounts_2021_04_16_10_06_18_0036] itr #10 | saving snapshot...
2021-04-16 10:49:22.572024 CEST | [test_discounts_2021_04_16_10_06_18_0036] itr #10 | saved
2021-04-16 10:49:22.618988 CEST | -----------------------  ----------------
2021-04-16 10:49:22.619253 CEST | Iteration                     0
2021-04-16 10:49:22.619403 CEST | AverageDiscountedReturn      54.7043
2021-04-16 10:49:22.619549 CEST | AverageReturn                56.6316
2021-04-16 10:49:22.619694 CEST | ExplainedVariance             9.72789e-12
2021-04-16 10:49:22.619838 CEST | NumTrajs                     60
2021-04-16 10:49:22.619979 CEST | Entropy                       1.41894
2021-04-16 10:49:22.620149 CEST | Perplexity                    4.13273
2021-04-16 10:49:22.620290 CEST | StdReturn                    36.2969
2021-04-16 10:49:22.620430 CEST | MaxReturn                   159.854
2021-04-16 10:49:22.620570 CEST | MinReturn                     0
2021-04-16 10:49:22.620715 CEST | Iteration                     0
2021-04-16 10:49:22.620855 CEST | AverageDiscountedReturn      47.6824
2021-04-16 10:49:22.621011 CEST | AverageReturn                49.2308
2021-04-16 10:49:22.621154 CEST | ExplainedVariance             0.249464
2021-04-16 10:49:22.621296 CEST | NumTrajs                     68
2021-04-16 10:49:22.621437 CEST | Entropy                       1.41894
2021-04-16 10:49:22.621578 CEST | Perplexity                    4.13273
2021-04-16 10:49:22.621718 CEST | StdReturn                    35.3133
2021-04-16 10:49:22.621858 CEST | MaxReturn                   139.944
2021-04-16 10:49:22.621997 CEST | MinReturn                     9.98057
2021-04-16 10:49:22.622136 CEST | Iteration                     0
2021-04-16 10:49:22.622276 CEST | AverageDiscountedReturn      53.3404
2021-04-16 10:49:22.622415 CEST | AverageReturn                55.1292
2021-04-16 10:49:22.622555 CEST | ExplainedVariance             0.220725
2021-04-16 10:49:22.622695 CEST | NumTrajs                     62
2021-04-16 10:49:22.622837 CEST | Entropy                       1.41894
2021-04-16 10:49:22.622978 CEST | Perplexity                    4.13273
2021-04-16 10:49:22.623117 CEST | StdReturn                    34.4307
2021-04-16 10:49:22.623256 CEST | MaxReturn                   179.908
2021-04-16 10:49:22.623397 CEST | MinReturn                     9.98235
2021-04-16 10:49:22.623538 CEST | Iteration                     0
2021-04-16 10:49:22.623678 CEST | AverageDiscountedReturn      46.381
2021-04-16 10:49:22.623817 CEST | AverageReturn                47.8572
2021-04-16 10:49:22.623958 CEST | ExplainedVariance             0.129319
2021-04-16 10:49:22.624135 CEST | NumTrajs                     71
2021-04-16 10:49:22.624279 CEST | Entropy                       1.41894
2021-04-16 10:49:22.624419 CEST | Perplexity                    4.13273
2021-04-16 10:49:22.624559 CEST | StdReturn                    35.0277
2021-04-16 10:49:22.624699 CEST | MaxReturn                   199.938
2021-04-16 10:49:22.624840 CEST | MinReturn                     9.97998
2021-04-16 10:49:22.624981 CEST | Iteration                     0
2021-04-16 10:49:22.625122 CEST | AverageDiscountedReturn      53.1626
2021-04-16 10:49:22.625264 CEST | AverageReturn                55.0442
2021-04-16 10:49:22.625403 CEST | ExplainedVariance             0.202291
2021-04-16 10:49:22.625542 CEST | NumTrajs                     63
2021-04-16 10:49:22.625681 CEST | Entropy                       1.41894
2021-04-16 10:49:22.625821 CEST | Perplexity                    4.13273
2021-04-16 10:49:22.625963 CEST | StdReturn                    37.3082
2021-04-16 10:49:22.626105 CEST | MaxReturn                   199.868
2021-04-16 10:49:22.626246 CEST | MinReturn                     9.98092
2021-04-16 10:49:22.626385 CEST | Iteration                     0
2021-04-16 10:49:22.626526 CEST | AverageDiscountedReturn      60.9479
2021-04-16 10:49:22.626671 CEST | AverageReturn                63.4172
2021-04-16 10:49:22.626817 CEST | ExplainedVariance             0.203609
2021-04-16 10:49:22.626958 CEST | NumTrajs                     55
2021-04-16 10:49:22.627099 CEST | Entropy                       1.41894
2021-04-16 10:49:22.627239 CEST | Perplexity                    4.13273
2021-04-16 10:49:22.627380 CEST | StdReturn                    41.3321
2021-04-16 10:49:22.627522 CEST | MaxReturn                   189.874
2021-04-16 10:49:22.627663 CEST | MinReturn                     0
2021-04-16 10:49:22.627806 CEST | Iteration                     0
2021-04-16 10:49:22.627945 CEST | AverageDiscountedReturn      52.931
2021-04-16 10:49:22.628105 CEST | AverageReturn                54.8063
2021-04-16 10:49:22.628249 CEST | ExplainedVariance             0.271259
2021-04-16 10:49:22.628390 CEST | NumTrajs                     62
2021-04-16 10:49:22.628531 CEST | Entropy                       1.41894
2021-04-16 10:49:22.628673 CEST | Perplexity                    4.13273
2021-04-16 10:49:22.628814 CEST | StdReturn                    37.3463
2021-04-16 10:49:22.628954 CEST | MaxReturn                   139.916
2021-04-16 10:49:22.629095 CEST | MinReturn                     0
2021-04-16 10:49:22.629245 CEST | Iteration                     0
2021-04-16 10:49:22.629387 CEST | AverageDiscountedReturn      47.3872
2021-04-16 10:49:22.629529 CEST | AverageReturn                48.94
2021-04-16 10:49:22.629669 CEST | ExplainedVariance             0.160907
2021-04-16 10:49:22.629810 CEST | NumTrajs                     68
2021-04-16 10:49:22.629950 CEST | Entropy                       1.41894
2021-04-16 10:49:22.630091 CEST | Perplexity                    4.13273
2021-04-16 10:49:22.630233 CEST | StdReturn                    35.8845
2021-04-16 10:49:22.630374 CEST | MaxReturn                   199.904
2021-04-16 10:49:22.630582 CEST | MinReturn                     0
2021-04-16 10:49:22.630737 CEST | Iteration                     0
2021-04-16 10:49:22.630878 CEST | AverageDiscountedReturn      54.8803
2021-04-16 10:49:22.631017 CEST | AverageReturn                57.0132
2021-04-16 10:49:22.631156 CEST | ExplainedVariance             0.100462
2021-04-16 10:49:22.631296 CEST | NumTrajs                     61
2021-04-16 10:49:22.631437 CEST | Entropy                       1.41894
2021-04-16 10:49:22.631577 CEST | Perplexity                    4.13273
2021-04-16 10:49:22.631719 CEST | StdReturn                    41.4813
2021-04-16 10:49:22.631859 CEST | MaxReturn                   189.9
2021-04-16 10:49:22.631999 CEST | MinReturn                     9.97928
2021-04-16 10:49:22.632155 CEST | Iteration                     0
2021-04-16 10:49:22.632298 CEST | AverageDiscountedReturn      52.1261
2021-04-16 10:49:22.632440 CEST | AverageReturn                54.2696
2021-04-16 10:49:22.632580 CEST | ExplainedVariance             0.0247903
2021-04-16 10:49:22.632720 CEST | NumTrajs                     65
2021-04-16 10:49:22.632863 CEST | Entropy                       1.41894
2021-04-16 10:49:22.633003 CEST | Perplexity                    4.13273
2021-04-16 10:49:22.633147 CEST | StdReturn                    45.2364
2021-04-16 10:49:22.633288 CEST | MaxReturn                   219.748
2021-04-16 10:49:22.633431 CEST | MinReturn                     9.98083
2021-04-16 10:49:22.633574 CEST | AveragePolicyStd              1
2021-04-16 10:49:22.633714 CEST | AveragePolicyStd              1
2021-04-16 10:49:22.633853 CEST | AveragePolicyStd              1
2021-04-16 10:49:22.633994 CEST | AveragePolicyStd              1
2021-04-16 10:49:22.634134 CEST | AveragePolicyStd              1
2021-04-16 10:49:22.634277 CEST | AveragePolicyStd              1
2021-04-16 10:49:22.634418 CEST | AveragePolicyStd              1
2021-04-16 10:49:22.634560 CEST | AveragePolicyStd              1
2021-04-16 10:49:22.634702 CEST | AveragePolicyStd              1
2021-04-16 10:49:22.634844 CEST | AveragePolicyStd              1
2021-04-16 10:49:22.634985 CEST | Iteration                     1
2021-04-16 10:49:22.635125 CEST | AverageDiscountedReturn      87.0309
2021-04-16 10:49:22.635266 CEST | AverageReturn                94.049
2021-04-16 10:49:22.635408 CEST | ExplainedVariance            -0.00977249
2021-04-16 10:49:22.635550 CEST | NumTrajs                     39
2021-04-16 10:49:22.635692 CEST | Entropy                       1.41276
2021-04-16 10:49:22.635835 CEST | Perplexity                    4.10728
2021-04-16 10:49:22.635977 CEST | StdReturn                    84.5959
2021-04-16 10:49:22.636153 CEST | MaxReturn                   379.901
2021-04-16 10:49:22.636296 CEST | MinReturn                     0
2021-04-16 10:49:22.636438 CEST | Iteration                     1
2021-04-16 10:49:22.636580 CEST | AverageDiscountedReturn      90.0671
2021-04-16 10:49:22.636722 CEST | AverageReturn                97.2606
2021-04-16 10:49:22.636866 CEST | ExplainedVariance             0.0797319
2021-04-16 10:49:22.637010 CEST | NumTrajs                     41
2021-04-16 10:49:22.637154 CEST | Entropy                       1.41276
2021-04-16 10:49:22.637298 CEST | Perplexity                    4.10728
2021-04-16 10:49:22.637461 CEST | StdReturn                    83.4271
2021-04-16 10:49:22.637606 CEST | MaxReturn                   399.774
2021-04-16 10:49:22.637773 CEST | MinReturn                     9.98539
2021-04-16 10:49:22.637917 CEST | Iteration                     1
2021-04-16 10:49:22.638058 CEST | AverageDiscountedReturn      70.8424
2021-04-16 10:49:22.638200 CEST | AverageReturn                75.0547
2021-04-16 10:49:22.638342 CEST | ExplainedVariance             0.120593
2021-04-16 10:49:22.638484 CEST | NumTrajs                     47
2021-04-16 10:49:22.638626 CEST | Entropy                       1.41276
2021-04-16 10:49:22.638771 CEST | Perplexity                    4.10728
2021-04-16 10:49:22.638916 CEST | StdReturn                    63.001
2021-04-16 10:49:22.639058 CEST | MaxReturn                   259.814
2021-04-16 10:49:22.639202 CEST | MinReturn                     0
2021-04-16 10:49:22.639345 CEST | Iteration                     1
2021-04-16 10:49:22.639488 CEST | AverageDiscountedReturn      85.5494
2021-04-16 10:49:22.639632 CEST | AverageReturn                93.6614
2021-04-16 10:49:22.639776 CEST | ExplainedVariance            -0.0529672
2021-04-16 10:49:22.639920 CEST | NumTrajs                     43
2021-04-16 10:49:22.640089 CEST | Entropy                       1.41276
2021-04-16 10:49:22.640237 CEST | Perplexity                    4.10728
2021-04-16 10:49:22.640380 CEST | StdReturn                   100.461
2021-04-16 10:49:22.640524 CEST | MaxReturn                   539.729
2021-04-16 10:49:22.640668 CEST | MinReturn                     9.98173
2021-04-16 10:49:22.640812 CEST | Iteration                     1
2021-04-16 10:49:22.640956 CEST | AverageDiscountedReturn      83.5265
2021-04-16 10:49:22.641100 CEST | AverageReturn                88.9777
2021-04-16 10:49:22.641244 CEST | ExplainedVariance            -0.170856
2021-04-16 10:49:22.641388 CEST | NumTrajs                     41
2021-04-16 10:49:22.641531 CEST | Entropy                       1.41276
2021-04-16 10:49:22.641675 CEST | Perplexity                    4.10728
2021-04-16 10:49:22.641820 CEST | StdReturn                    66.8863
2021-04-16 10:49:22.641965 CEST | MaxReturn                   299.932
2021-04-16 10:49:22.642108 CEST | MinReturn                     0
2021-04-16 10:49:22.642251 CEST | Iteration                     1
2021-04-16 10:49:22.642396 CEST | AverageDiscountedReturn      70.9906
2021-04-16 10:49:22.642539 CEST | AverageReturn                75.269
2021-04-16 10:49:22.642682 CEST | ExplainedVariance             0.0635578
2021-04-16 10:49:22.642827 CEST | NumTrajs                     47
2021-04-16 10:49:22.642969 CEST | Entropy                       1.41276
2021-04-16 10:49:22.643112 CEST | Perplexity                    4.10728
2021-04-16 10:49:22.643254 CEST | StdReturn                    63.9442
2021-04-16 10:49:22.643396 CEST | MaxReturn                   259.862
2021-04-16 10:49:22.643541 CEST | MinReturn                     0
2021-04-16 10:49:22.643684 CEST | Iteration                     1
2021-04-16 10:49:22.643829 CEST | AverageDiscountedReturn      76.6034
2021-04-16 10:49:22.643970 CEST | AverageReturn                81.7626
2021-04-16 10:49:22.644135 CEST | ExplainedVariance             0.018228
2021-04-16 10:49:22.644279 CEST | NumTrajs                     44
2021-04-16 10:49:22.644421 CEST | Entropy                       1.41276
2021-04-16 10:49:22.644565 CEST | Perplexity                    4.10728
2021-04-16 10:49:22.644709 CEST | StdReturn                    71.4766
2021-04-16 10:49:22.644851 CEST | MaxReturn                   369.814
2021-04-16 10:49:22.644994 CEST | MinReturn                     0
2021-04-16 10:49:22.645137 CEST | Iteration                     1
2021-04-16 10:49:22.645280 CEST | AverageDiscountedReturn      76.6842
2021-04-16 10:49:22.645423 CEST | AverageReturn                81.3146
2021-04-16 10:49:22.645565 CEST | ExplainedVariance             0.0609009
2021-04-16 10:49:22.645707 CEST | NumTrajs                     44
2021-04-16 10:49:22.645920 CEST | Entropy                       1.41276
2021-04-16 10:49:22.646077 CEST | Perplexity                    4.10728
2021-04-16 10:49:22.646235 CEST | StdReturn                    62.7348
2021-04-16 10:49:22.646387 CEST | MaxReturn                   259.959
2021-04-16 10:49:22.646596 CEST | MinReturn                     0
2021-04-16 10:49:22.646743 CEST | Iteration                     1
2021-04-16 10:49:22.646887 CEST | AverageDiscountedReturn      59.1618
2021-04-16 10:49:22.647030 CEST | AverageReturn                61.7512
2021-04-16 10:49:22.647173 CEST | ExplainedVariance             0.162191
2021-04-16 10:49:22.647316 CEST | NumTrajs                     56
2021-04-16 10:49:22.647459 CEST | Entropy                       1.41276
2021-04-16 10:49:22.647605 CEST | Perplexity                    4.10728
2021-04-16 10:49:22.647750 CEST | StdReturn                    46.6283
2021-04-16 10:49:22.647896 CEST | MaxReturn                   209.938
2021-04-16 10:49:22.648039 CEST | MinReturn                     0
2021-04-16 10:49:22.648214 CEST | Iteration                     1
2021-04-16 10:49:22.648358 CEST | AverageDiscountedReturn      71.345
2021-04-16 10:49:22.648501 CEST | AverageReturn                75.7007
2021-04-16 10:49:22.648643 CEST | ExplainedVariance             0.0199105
2021-04-16 10:49:22.648786 CEST | NumTrajs                     47
2021-04-16 10:49:22.648929 CEST | Entropy                       1.41276
2021-04-16 10:49:22.649072 CEST | Perplexity                    4.10728
2021-04-16 10:49:22.649215 CEST | StdReturn                    65.0386
2021-04-16 10:49:22.649358 CEST | MaxReturn                   309.86
2021-04-16 10:49:22.649502 CEST | MinReturn                     9.98166
2021-04-16 10:49:22.649645 CEST | AveragePolicyStd              0.993842
2021-04-16 10:49:22.649789 CEST | AveragePolicyStd              0.993842
2021-04-16 10:49:22.649932 CEST | AveragePolicyStd              0.993842
2021-04-16 10:49:22.650075 CEST | AveragePolicyStd              0.993842
2021-04-16 10:49:22.650239 CEST | AveragePolicyStd              0.993842
2021-04-16 10:49:22.650398 CEST | AveragePolicyStd              0.993842
2021-04-16 10:49:22.650545 CEST | AveragePolicyStd              0.993842
2021-04-16 10:49:22.650690 CEST | AveragePolicyStd              0.993842
2021-04-16 10:49:22.650835 CEST | AveragePolicyStd              0.993842
2021-04-16 10:49:22.650976 CEST | AveragePolicyStd              0.993842
2021-04-16 10:49:22.651120 CEST | Iteration                     2
2021-04-16 10:49:22.651263 CEST | AverageDiscountedReturn     124.954
2021-04-16 10:49:22.651408 CEST | AverageReturn               137.503
2021-04-16 10:49:22.651552 CEST | ExplainedVariance            -0.238614
2021-04-16 10:49:22.651694 CEST | NumTrajs                     29
2021-04-16 10:49:22.651837 CEST | Entropy                       1.40417
2021-04-16 10:49:22.651978 CEST | Perplexity                    4.07215
2021-04-16 10:49:22.652148 CEST | StdReturn                    97.0393
2021-04-16 10:49:22.652299 CEST | MaxReturn                   319.905
2021-04-16 10:49:22.652446 CEST | MinReturn                     0
2021-04-16 10:49:22.652590 CEST | Iteration                     2
