2021-04-09 14:47:09.352827 CEST | [multi_agent_per_av_returns_part_bits_quant_2021_04_09_14_43_48_0003] Populating workers...
2021-04-09 14:47:09.353132 CEST | [multi_agent_per_av_returns_part_bits_quant_2021_04_09_14_43_48_0003] Populated
2021-04-09 14:47:09.353277 CEST | [multi_agent_per_av_returns_part_bits_quant_2021_04_09_14_43_48_0003] Populating workers...
2021-04-09 14:47:09.353427 CEST | [multi_agent_per_av_returns_part_bits_quant_2021_04_09_14_43_48_0003] Populated
2021-04-09 14:47:09.353569 CEST | [multi_agent_per_av_returns_part_bits_quant_2021_04_09_14_43_48_0003] Populating workers...
2021-04-09 14:47:09.353716 CEST | [multi_agent_per_av_returns_part_bits_quant_2021_04_09_14_43_48_0003] Populated
2021-04-09 14:47:09.353881 CEST | [multi_agent_per_av_returns_part_bits_quant_2021_04_09_14_43_48_0003] Populating workers...
2021-04-09 14:47:09.354023 CEST | [multi_agent_per_av_returns_part_bits_quant_2021_04_09_14_43_48_0003] Populated
2021-04-09 14:47:09.354163 CEST | [multi_agent_per_av_returns_part_bits_quant_2021_04_09_14_43_48_0003] Populating workers...
2021-04-09 14:47:09.354318 CEST | [multi_agent_per_av_returns_part_bits_quant_2021_04_09_14_43_48_0003] Populated
2021-04-09 14:47:09.354455 CEST | [multi_agent_per_av_returns_part_bits_quant_2021_04_09_14_43_48_0003] Populating workers...
2021-04-09 14:47:09.354594 CEST | [multi_agent_per_av_returns_part_bits_quant_2021_04_09_14_43_48_0003] Populated
2021-04-09 14:47:09.354733 CEST | [multi_agent_per_av_returns_part_bits_quant_2021_04_09_14_43_48_0003] Populating workers...
2021-04-09 14:47:09.354873 CEST | [multi_agent_per_av_returns_part_bits_quant_2021_04_09_14_43_48_0003] Populated
2021-04-09 14:47:09.355018 CEST | [multi_agent_per_av_returns_part_bits_quant_2021_04_09_14_43_48_0003] Populating workers...
2021-04-09 14:47:09.355151 CEST | [multi_agent_per_av_returns_part_bits_quant_2021_04_09_14_43_48_0003] Populated
2021-04-09 14:47:09.355298 CEST | [multi_agent_per_av_returns_part_bits_quant_2021_04_09_14_43_48_0003] Populating workers...
2021-04-09 14:47:09.355433 CEST | [multi_agent_per_av_returns_part_bits_quant_2021_04_09_14_43_48_0003] Populated
2021-04-09 14:47:09.355569 CEST | [multi_agent_per_av_returns_part_bits_quant_2021_04_09_14_43_48_0003] Populating workers...
2021-04-09 14:47:09.355701 CEST | [multi_agent_per_av_returns_part_bits_quant_2021_04_09_14_43_48_0003] Populated
2021-04-09 14:47:14.391816 CEST | [multi_agent_per_av_returns_part_bits_quant_2021_04_09_14_43_48_0003] itr #0 | fitting baseline...
2021-04-09 14:47:14.415275 CEST | [multi_agent_per_av_returns_part_bits_quant_2021_04_09_14_43_48_0003] itr #0 | fitted
2021-04-09 14:47:14.428110 CEST | [multi_agent_per_av_returns_part_bits_quant_2021_04_09_14_43_48_0003] itr #0 | fitting baseline...
2021-04-09 14:47:14.430910 CEST | [multi_agent_per_av_returns_part_bits_quant_2021_04_09_14_43_48_0003] itr #0 | fitted
2021-04-09 14:47:14.435970 CEST | [multi_agent_per_av_returns_part_bits_quant_2021_04_09_14_43_48_0003] itr #0 | fitting baseline...
2021-04-09 14:47:14.437840 CEST | [multi_agent_per_av_returns_part_bits_quant_2021_04_09_14_43_48_0003] itr #0 | fitted
2021-04-09 14:47:14.444314 CEST | [multi_agent_per_av_returns_part_bits_quant_2021_04_09_14_43_48_0003] itr #0 | fitting baseline...
2021-04-09 14:47:14.446741 CEST | [multi_agent_per_av_returns_part_bits_quant_2021_04_09_14_43_48_0003] itr #0 | fitted
2021-04-09 14:47:14.452417 CEST | [multi_agent_per_av_returns_part_bits_quant_2021_04_09_14_43_48_0003] itr #0 | fitting baseline...
2021-04-09 14:47:14.454346 CEST | [multi_agent_per_av_returns_part_bits_quant_2021_04_09_14_43_48_0003] itr #0 | fitted
2021-04-09 14:47:14.459317 CEST | [multi_agent_per_av_returns_part_bits_quant_2021_04_09_14_43_48_0003] itr #0 | fitting baseline...
2021-04-09 14:47:14.461797 CEST | [multi_agent_per_av_returns_part_bits_quant_2021_04_09_14_43_48_0003] itr #0 | fitted
2021-04-09 14:47:14.466188 CEST | [multi_agent_per_av_returns_part_bits_quant_2021_04_09_14_43_48_0003] itr #0 | fitting baseline...
2021-04-09 14:47:14.467746 CEST | [multi_agent_per_av_returns_part_bits_quant_2021_04_09_14_43_48_0003] itr #0 | fitted
2021-04-09 14:47:14.471612 CEST | [multi_agent_per_av_returns_part_bits_quant_2021_04_09_14_43_48_0003] itr #0 | fitting baseline...
2021-04-09 14:47:14.473194 CEST | [multi_agent_per_av_returns_part_bits_quant_2021_04_09_14_43_48_0003] itr #0 | fitted
2021-04-09 14:47:14.482185 CEST | [multi_agent_per_av_returns_part_bits_quant_2021_04_09_14_43_48_0003] itr #0 | fitting baseline...
2021-04-09 14:47:14.485974 CEST | [multi_agent_per_av_returns_part_bits_quant_2021_04_09_14_43_48_0003] itr #0 | fitted
2021-04-09 14:47:14.496734 CEST | [multi_agent_per_av_returns_part_bits_quant_2021_04_09_14_43_48_0003] itr #0 | fitting baseline...
2021-04-09 14:47:14.498763 CEST | [multi_agent_per_av_returns_part_bits_quant_2021_04_09_14_43_48_0003] itr #0 | fitted
2021-04-09 14:47:19.944175 CEST | [multi_agent_per_av_returns_part_bits_quant_2021_04_09_14_43_48_0003] itr #1 | fitting baseline...
2021-04-09 14:47:19.945843 CEST | [multi_agent_per_av_returns_part_bits_quant_2021_04_09_14_43_48_0003] itr #1 | fitted
2021-04-09 14:47:19.954863 CEST | [multi_agent_per_av_returns_part_bits_quant_2021_04_09_14_43_48_0003] itr #1 | fitting baseline...
2021-04-09 14:47:19.956448 CEST | [multi_agent_per_av_returns_part_bits_quant_2021_04_09_14_43_48_0003] itr #1 | fitted
2021-04-09 14:47:19.961013 CEST | [multi_agent_per_av_returns_part_bits_quant_2021_04_09_14_43_48_0003] itr #1 | fitting baseline...
2021-04-09 14:47:19.962932 CEST | [multi_agent_per_av_returns_part_bits_quant_2021_04_09_14_43_48_0003] itr #1 | fitted
2021-04-09 14:47:19.965775 CEST | [multi_agent_per_av_returns_part_bits_quant_2021_04_09_14_43_48_0003] itr #1 | fitting baseline...
2021-04-09 14:47:19.966963 CEST | [multi_agent_per_av_returns_part_bits_quant_2021_04_09_14_43_48_0003] itr #1 | fitted
2021-04-09 14:47:19.970664 CEST | [multi_agent_per_av_returns_part_bits_quant_2021_04_09_14_43_48_0003] itr #1 | fitting baseline...
2021-04-09 14:47:19.972279 CEST | [multi_agent_per_av_returns_part_bits_quant_2021_04_09_14_43_48_0003] itr #1 | fitted
2021-04-09 14:47:19.976797 CEST | [multi_agent_per_av_returns_part_bits_quant_2021_04_09_14_43_48_0003] itr #1 | fitting baseline...
2021-04-09 14:47:19.978638 CEST | [multi_agent_per_av_returns_part_bits_quant_2021_04_09_14_43_48_0003] itr #1 | fitted
2021-04-09 14:47:19.982240 CEST | [multi_agent_per_av_returns_part_bits_quant_2021_04_09_14_43_48_0003] itr #1 | fitting baseline...
2021-04-09 14:47:19.983647 CEST | [multi_agent_per_av_returns_part_bits_quant_2021_04_09_14_43_48_0003] itr #1 | fitted
2021-04-09 14:47:19.987466 CEST | [multi_agent_per_av_returns_part_bits_quant_2021_04_09_14_43_48_0003] itr #1 | fitting baseline...
2021-04-09 14:47:19.989299 CEST | [multi_agent_per_av_returns_part_bits_quant_2021_04_09_14_43_48_0003] itr #1 | fitted
2021-04-09 14:47:19.993384 CEST | [multi_agent_per_av_returns_part_bits_quant_2021_04_09_14_43_48_0003] itr #1 | fitting baseline...
2021-04-09 14:47:19.995006 CEST | [multi_agent_per_av_returns_part_bits_quant_2021_04_09_14_43_48_0003] itr #1 | fitted
2021-04-09 14:47:19.998734 CEST | [multi_agent_per_av_returns_part_bits_quant_2021_04_09_14_43_48_0003] itr #1 | fitting baseline...
2021-04-09 14:47:20.000247 CEST | [multi_agent_per_av_returns_part_bits_quant_2021_04_09_14_43_48_0003] itr #1 | fitted
2021-04-09 14:47:21.677280 CEST | [multi_agent_per_av_returns_part_bits_quant_2021_04_09_14_43_48_0003] itr #2 | fitting baseline...
2021-04-09 14:47:21.678651 CEST | [multi_agent_per_av_returns_part_bits_quant_2021_04_09_14_43_48_0003] itr #2 | fitted
2021-04-09 14:47:21.681832 CEST | [multi_agent_per_av_returns_part_bits_quant_2021_04_09_14_43_48_0003] itr #2 | fitting baseline...
2021-04-09 14:47:21.683139 CEST | [multi_agent_per_av_returns_part_bits_quant_2021_04_09_14_43_48_0003] itr #2 | fitted
2021-04-09 14:47:21.685921 CEST | [multi_agent_per_av_returns_part_bits_quant_2021_04_09_14_43_48_0003] itr #2 | fitting baseline...
2021-04-09 14:47:21.687140 CEST | [multi_agent_per_av_returns_part_bits_quant_2021_04_09_14_43_48_0003] itr #2 | fitted
2021-04-09 14:47:21.689607 CEST | [multi_agent_per_av_returns_part_bits_quant_2021_04_09_14_43_48_0003] itr #2 | fitting baseline...
2021-04-09 14:47:21.690926 CEST | [multi_agent_per_av_returns_part_bits_quant_2021_04_09_14_43_48_0003] itr #2 | fitted
2021-04-09 14:47:21.693812 CEST | [multi_agent_per_av_returns_part_bits_quant_2021_04_09_14_43_48_0003] itr #2 | fitting baseline...
2021-04-09 14:47:21.695088 CEST | [multi_agent_per_av_returns_part_bits_quant_2021_04_09_14_43_48_0003] itr #2 | fitted
2021-04-09 14:47:21.697366 CEST | [multi_agent_per_av_returns_part_bits_quant_2021_04_09_14_43_48_0003] itr #2 | fitting baseline...
2021-04-09 14:47:21.698390 CEST | [multi_agent_per_av_returns_part_bits_quant_2021_04_09_14_43_48_0003] itr #2 | fitted
2021-04-09 14:47:21.701467 CEST | [multi_agent_per_av_returns_part_bits_quant_2021_04_09_14_43_48_0003] itr #2 | fitting baseline...
2021-04-09 14:47:21.702698 CEST | [multi_agent_per_av_returns_part_bits_quant_2021_04_09_14_43_48_0003] itr #2 | fitted
2021-04-09 14:47:21.705544 CEST | [multi_agent_per_av_returns_part_bits_quant_2021_04_09_14_43_48_0003] itr #2 | fitting baseline...
2021-04-09 14:47:21.706784 CEST | [multi_agent_per_av_returns_part_bits_quant_2021_04_09_14_43_48_0003] itr #2 | fitted
2021-04-09 14:47:21.709402 CEST | [multi_agent_per_av_returns_part_bits_quant_2021_04_09_14_43_48_0003] itr #2 | fitting baseline...
2021-04-09 14:47:21.710799 CEST | [multi_agent_per_av_returns_part_bits_quant_2021_04_09_14_43_48_0003] itr #2 | fitted
2021-04-09 14:47:21.713603 CEST | [multi_agent_per_av_returns_part_bits_quant_2021_04_09_14_43_48_0003] itr #2 | fitting baseline...
2021-04-09 14:47:21.714825 CEST | [multi_agent_per_av_returns_part_bits_quant_2021_04_09_14_43_48_0003] itr #2 | fitted
2021-04-09 14:47:23.406261 CEST | [multi_agent_per_av_returns_part_bits_quant_2021_04_09_14_43_48_0003] itr #3 | fitting baseline...
2021-04-09 14:47:23.407431 CEST | [multi_agent_per_av_returns_part_bits_quant_2021_04_09_14_43_48_0003] itr #3 | fitted
2021-04-09 14:47:23.409837 CEST | [multi_agent_per_av_returns_part_bits_quant_2021_04_09_14_43_48_0003] itr #3 | fitting baseline...
2021-04-09 14:47:23.410927 CEST | [multi_agent_per_av_returns_part_bits_quant_2021_04_09_14_43_48_0003] itr #3 | fitted
2021-04-09 14:47:23.413782 CEST | [multi_agent_per_av_returns_part_bits_quant_2021_04_09_14_43_48_0003] itr #3 | fitting baseline...
2021-04-09 14:47:23.415027 CEST | [multi_agent_per_av_returns_part_bits_quant_2021_04_09_14_43_48_0003] itr #3 | fitted
2021-04-09 14:47:23.417614 CEST | [multi_agent_per_av_returns_part_bits_quant_2021_04_09_14_43_48_0003] itr #3 | fitting baseline...
2021-04-09 14:47:23.418855 CEST | [multi_agent_per_av_returns_part_bits_quant_2021_04_09_14_43_48_0003] itr #3 | fitted
2021-04-09 14:47:23.421951 CEST | [multi_agent_per_av_returns_part_bits_quant_2021_04_09_14_43_48_0003] itr #3 | fitting baseline...
2021-04-09 14:47:23.423312 CEST | [multi_agent_per_av_returns_part_bits_quant_2021_04_09_14_43_48_0003] itr #3 | fitted
2021-04-09 14:47:23.425958 CEST | [multi_agent_per_av_returns_part_bits_quant_2021_04_09_14_43_48_0003] itr #3 | fitting baseline...
2021-04-09 14:47:23.427081 CEST | [multi_agent_per_av_returns_part_bits_quant_2021_04_09_14_43_48_0003] itr #3 | fitted
2021-04-09 14:47:23.429305 CEST | [multi_agent_per_av_returns_part_bits_quant_2021_04_09_14_43_48_0003] itr #3 | fitting baseline...
2021-04-09 14:47:23.430269 CEST | [multi_agent_per_av_returns_part_bits_quant_2021_04_09_14_43_48_0003] itr #3 | fitted
2021-04-09 14:47:23.432508 CEST | [multi_agent_per_av_returns_part_bits_quant_2021_04_09_14_43_48_0003] itr #3 | fitting baseline...
2021-04-09 14:47:23.433778 CEST | [multi_agent_per_av_returns_part_bits_quant_2021_04_09_14_43_48_0003] itr #3 | fitted
2021-04-09 14:47:23.436757 CEST | [multi_agent_per_av_returns_part_bits_quant_2021_04_09_14_43_48_0003] itr #3 | fitting baseline...
2021-04-09 14:47:23.437820 CEST | [multi_agent_per_av_returns_part_bits_quant_2021_04_09_14_43_48_0003] itr #3 | fitted
2021-04-09 14:47:23.440654 CEST | [multi_agent_per_av_returns_part_bits_quant_2021_04_09_14_43_48_0003] itr #3 | fitting baseline...
2021-04-09 14:47:23.441790 CEST | [multi_agent_per_av_returns_part_bits_quant_2021_04_09_14_43_48_0003] itr #3 | fitted
2021-04-09 14:47:25.138847 CEST | [multi_agent_per_av_returns_part_bits_quant_2021_04_09_14_43_48_0003] itr #4 | fitting baseline...
2021-04-09 14:47:25.140296 CEST | [multi_agent_per_av_returns_part_bits_quant_2021_04_09_14_43_48_0003] itr #4 | fitted
2021-04-09 14:47:25.142940 CEST | [multi_agent_per_av_returns_part_bits_quant_2021_04_09_14_43_48_0003] itr #4 | fitting baseline...
2021-04-09 14:47:25.144004 CEST | [multi_agent_per_av_returns_part_bits_quant_2021_04_09_14_43_48_0003] itr #4 | fitted
2021-04-09 14:47:25.146384 CEST | [multi_agent_per_av_returns_part_bits_quant_2021_04_09_14_43_48_0003] itr #4 | fitting baseline...
2021-04-09 14:47:25.147365 CEST | [multi_agent_per_av_returns_part_bits_quant_2021_04_09_14_43_48_0003] itr #4 | fitted
2021-04-09 14:47:25.150032 CEST | [multi_agent_per_av_returns_part_bits_quant_2021_04_09_14_43_48_0003] itr #4 | fitting baseline...
2021-04-09 14:47:25.151416 CEST | [multi_agent_per_av_returns_part_bits_quant_2021_04_09_14_43_48_0003] itr #4 | fitted
2021-04-09 14:47:25.153906 CEST | [multi_agent_per_av_returns_part_bits_quant_2021_04_09_14_43_48_0003] itr #4 | fitting baseline...
2021-04-09 14:47:25.155042 CEST | [multi_agent_per_av_returns_part_bits_quant_2021_04_09_14_43_48_0003] itr #4 | fitted
2021-04-09 14:47:25.157461 CEST | [multi_agent_per_av_returns_part_bits_quant_2021_04_09_14_43_48_0003] itr #4 | fitting baseline...
2021-04-09 14:47:25.158481 CEST | [multi_agent_per_av_returns_part_bits_quant_2021_04_09_14_43_48_0003] itr #4 | fitted
2021-04-09 14:47:25.160712 CEST | [multi_agent_per_av_returns_part_bits_quant_2021_04_09_14_43_48_0003] itr #4 | fitting baseline...
2021-04-09 14:47:25.161725 CEST | [multi_agent_per_av_returns_part_bits_quant_2021_04_09_14_43_48_0003] itr #4 | fitted
2021-04-09 14:47:25.163786 CEST | [multi_agent_per_av_returns_part_bits_quant_2021_04_09_14_43_48_0003] itr #4 | fitting baseline...
2021-04-09 14:47:25.164837 CEST | [multi_agent_per_av_returns_part_bits_quant_2021_04_09_14_43_48_0003] itr #4 | fitted
2021-04-09 14:47:25.167491 CEST | [multi_agent_per_av_returns_part_bits_quant_2021_04_09_14_43_48_0003] itr #4 | fitting baseline...
2021-04-09 14:47:25.168537 CEST | [multi_agent_per_av_returns_part_bits_quant_2021_04_09_14_43_48_0003] itr #4 | fitted
2021-04-09 14:47:25.170945 CEST | [multi_agent_per_av_returns_part_bits_quant_2021_04_09_14_43_48_0003] itr #4 | fitting baseline...
2021-04-09 14:47:25.172135 CEST | [multi_agent_per_av_returns_part_bits_quant_2021_04_09_14_43_48_0003] itr #4 | fitted
2021-04-09 14:47:26.871582 CEST | [multi_agent_per_av_returns_part_bits_quant_2021_04_09_14_43_48_0003] itr #5 | fitting baseline...
2021-04-09 14:47:26.872521 CEST | [multi_agent_per_av_returns_part_bits_quant_2021_04_09_14_43_48_0003] itr #5 | fitted
2021-04-09 14:47:26.874349 CEST | [multi_agent_per_av_returns_part_bits_quant_2021_04_09_14_43_48_0003] itr #5 | fitting baseline...
2021-04-09 14:47:26.875340 CEST | [multi_agent_per_av_returns_part_bits_quant_2021_04_09_14_43_48_0003] itr #5 | fitted
2021-04-09 14:47:26.877338 CEST | [multi_agent_per_av_returns_part_bits_quant_2021_04_09_14_43_48_0003] itr #5 | fitting baseline...
2021-04-09 14:47:26.878265 CEST | [multi_agent_per_av_returns_part_bits_quant_2021_04_09_14_43_48_0003] itr #5 | fitted
2021-04-09 14:47:26.880210 CEST | [multi_agent_per_av_returns_part_bits_quant_2021_04_09_14_43_48_0003] itr #5 | fitting baseline...
2021-04-09 14:47:26.881185 CEST | [multi_agent_per_av_returns_part_bits_quant_2021_04_09_14_43_48_0003] itr #5 | fitted
2021-04-09 14:47:26.883001 CEST | [multi_agent_per_av_returns_part_bits_quant_2021_04_09_14_43_48_0003] itr #5 | fitting baseline...
2021-04-09 14:47:26.883842 CEST | [multi_agent_per_av_returns_part_bits_quant_2021_04_09_14_43_48_0003] itr #5 | fitted
2021-04-09 14:47:26.885954 CEST | [multi_agent_per_av_returns_part_bits_quant_2021_04_09_14_43_48_0003] itr #5 | fitting baseline...
2021-04-09 14:47:26.887110 CEST | [multi_agent_per_av_returns_part_bits_quant_2021_04_09_14_43_48_0003] itr #5 | fitted
2021-04-09 14:47:26.888898 CEST | [multi_agent_per_av_returns_part_bits_quant_2021_04_09_14_43_48_0003] itr #5 | fitting baseline...
2021-04-09 14:47:26.889803 CEST | [multi_agent_per_av_returns_part_bits_quant_2021_04_09_14_43_48_0003] itr #5 | fitted
2021-04-09 14:47:26.891464 CEST | [multi_agent_per_av_returns_part_bits_quant_2021_04_09_14_43_48_0003] itr #5 | fitting baseline...
2021-04-09 14:47:26.892206 CEST | [multi_agent_per_av_returns_part_bits_quant_2021_04_09_14_43_48_0003] itr #5 | fitted
2021-04-09 14:47:26.893849 CEST | [multi_agent_per_av_returns_part_bits_quant_2021_04_09_14_43_48_0003] itr #5 | fitting baseline...
2021-04-09 14:47:26.894625 CEST | [multi_agent_per_av_returns_part_bits_quant_2021_04_09_14_43_48_0003] itr #5 | fitted
2021-04-09 14:47:26.896497 CEST | [multi_agent_per_av_returns_part_bits_quant_2021_04_09_14_43_48_0003] itr #5 | fitting baseline...
2021-04-09 14:47:26.897401 CEST | [multi_agent_per_av_returns_part_bits_quant_2021_04_09_14_43_48_0003] itr #5 | fitted
2021-04-09 14:47:27.079317 CEST | [multi_agent_per_av_returns_part_bits_quant_2021_04_09_14_43_48_0003] itr #5 | saving snapshot...
2021-04-09 14:47:27.085875 CEST | [multi_agent_per_av_returns_part_bits_quant_2021_04_09_14_43_48_0003] itr #5 | saved
2021-04-09 14:47:27.113392 CEST | -----------------------  ---------------
2021-04-09 14:47:27.113676 CEST | Iteration                    0
2021-04-09 14:47:27.113891 CEST | AverageDiscountedReturn     53.397
2021-04-09 14:47:27.114062 CEST | AverageReturn               55.0441
2021-04-09 14:47:27.114235 CEST | ExplainedVariance            1.35593e-11
2021-04-09 14:47:27.114416 CEST | NumTrajs                    63
2021-04-09 14:47:27.114619 CEST | Entropy                      1.41894
2021-04-09 14:47:27.114835 CEST | Perplexity                   4.13273
2021-04-09 14:47:27.115031 CEST | StdReturn                   29.7384
2021-04-09 14:47:27.115278 CEST | MaxReturn                  139.914
2021-04-09 14:47:27.115481 CEST | MinReturn                    0
2021-04-09 14:47:27.115694 CEST | Iteration                    0
2021-04-09 14:47:27.115904 CEST | AverageDiscountedReturn     46.5804
2021-04-09 14:47:27.116111 CEST | AverageReturn               47.9437
2021-04-09 14:47:27.116315 CEST | ExplainedVariance            0.20157
2021-04-09 14:47:27.116526 CEST | NumTrajs                    69
2021-04-09 14:47:27.116740 CEST | Entropy                      1.41894
2021-04-09 14:47:27.116939 CEST | Perplexity                   4.13273
2021-04-09 14:47:27.117100 CEST | StdReturn                   31.276
2021-04-09 14:47:27.117267 CEST | MaxReturn                  189.974
2021-04-09 14:47:27.117426 CEST | MinReturn                    9.98189
2021-04-09 14:47:27.117571 CEST | Iteration                    0
2021-04-09 14:47:27.117715 CEST | AverageDiscountedReturn     53.4292
2021-04-09 14:47:27.117857 CEST | AverageReturn               55.5446
2021-04-09 14:47:27.118029 CEST | ExplainedVariance            0.244361
2021-04-09 14:47:27.118180 CEST | NumTrajs                    61
2021-04-09 14:47:27.118324 CEST | Entropy                      1.41894
2021-04-09 14:47:27.118469 CEST | Perplexity                   4.13273
2021-04-09 14:47:27.118614 CEST | StdReturn                   42.937
2021-04-09 14:47:27.118763 CEST | MaxReturn                  179.95
2021-04-09 14:47:27.118915 CEST | MinReturn                    0
2021-04-09 14:47:27.119058 CEST | Iteration                    0
2021-04-09 14:47:27.119234 CEST | AverageDiscountedReturn     41.013
2021-04-09 14:47:27.119400 CEST | AverageReturn               42.0225
2021-04-09 14:47:27.119556 CEST | ExplainedVariance            0.213981
2021-04-09 14:47:27.119739 CEST | NumTrajs                    78
2021-04-09 14:47:27.119949 CEST | Entropy                      1.41894
2021-04-09 14:47:27.120116 CEST | Perplexity                   4.13273
2021-04-09 14:47:27.120281 CEST | StdReturn                   26.6566
2021-04-09 14:47:27.120438 CEST | MaxReturn                  129.885
2021-04-09 14:47:27.120602 CEST | MinReturn                    9.97981
2021-04-09 14:47:27.120838 CEST | Iteration                    0
2021-04-09 14:47:27.121003 CEST | AverageDiscountedReturn     54.3059
2021-04-09 14:47:27.121144 CEST | AverageReturn               56.3514
2021-04-09 14:47:27.121289 CEST | ExplainedVariance            0.153421
2021-04-09 14:47:27.121430 CEST | NumTrajs                    61
2021-04-09 14:47:27.121580 CEST | Entropy                      1.41894
2021-04-09 14:47:27.121729 CEST | Perplexity                   4.13273
2021-04-09 14:47:27.121905 CEST | StdReturn                   40.0542
2021-04-09 14:47:27.122057 CEST | MaxReturn                  189.801
2021-04-09 14:47:27.122209 CEST | MinReturn                    9.97938
2021-04-09 14:47:27.122351 CEST | Iteration                    0
2021-04-09 14:47:27.122498 CEST | AverageDiscountedReturn     49.5457
2021-04-09 14:47:27.122647 CEST | AverageReturn               51.0294
2021-04-09 14:47:27.122789 CEST | ExplainedVariance            0.240442
2021-04-09 14:47:27.122932 CEST | NumTrajs                    66
2021-04-09 14:47:27.123078 CEST | Entropy                      1.41894
2021-04-09 14:47:27.123225 CEST | Perplexity                   4.13273
2021-04-09 14:47:27.123374 CEST | StdReturn                   30.6395
2021-04-09 14:47:27.123517 CEST | MaxReturn                  149.886
2021-04-09 14:47:27.123657 CEST | MinReturn                    0
2021-04-09 14:47:27.123798 CEST | Iteration                    0
2021-04-09 14:47:27.123944 CEST | AverageDiscountedReturn     54.7035
2021-04-09 14:47:27.124087 CEST | AverageReturn               56.6846
2021-04-09 14:47:27.124228 CEST | ExplainedVariance            0.264403
2021-04-09 14:47:27.124376 CEST | NumTrajs                    61
2021-04-09 14:47:27.124525 CEST | Entropy                      1.41894
2021-04-09 14:47:27.124667 CEST | Perplexity                   4.13273
2021-04-09 14:47:27.124811 CEST | StdReturn                   37.7787
2021-04-09 14:47:27.124958 CEST | MaxReturn                  179.872
2021-04-09 14:47:27.125098 CEST | MinReturn                    9.98035
2021-04-09 14:47:27.125238 CEST | Iteration                    0
2021-04-09 14:47:27.125384 CEST | AverageDiscountedReturn     56.3603
2021-04-09 14:47:27.125526 CEST | AverageReturn               58.4375
2021-04-09 14:47:27.125671 CEST | ExplainedVariance            0.246081
2021-04-09 14:47:27.125811 CEST | NumTrajs                    59
2021-04-09 14:47:27.125975 CEST | Entropy                      1.41894
2021-04-09 14:47:27.126117 CEST | Perplexity                   4.13273
2021-04-09 14:47:27.126268 CEST | StdReturn                   38.0186
2021-04-09 14:47:27.126416 CEST | MaxReturn                  169.956
2021-04-09 14:47:27.126555 CEST | MinReturn                    0
2021-04-09 14:47:27.126692 CEST | Iteration                    0
2021-04-09 14:47:27.126839 CEST | AverageDiscountedReturn     48.6957
2021-04-09 14:47:27.126977 CEST | AverageReturn               50.1161
2021-04-09 14:47:27.127117 CEST | ExplainedVariance            0.311653
2021-04-09 14:47:27.127262 CEST | NumTrajs                    67
2021-04-09 14:47:27.127405 CEST | Entropy                      1.41894
2021-04-09 14:47:27.127550 CEST | Perplexity                   4.13273
2021-04-09 14:47:27.127690 CEST | StdReturn                   29.8335
2021-04-09 14:47:27.127833 CEST | MaxReturn                  119.882
2021-04-09 14:47:27.127971 CEST | MinReturn                    0
2021-04-09 14:47:27.128110 CEST | Iteration                    0
2021-04-09 14:47:27.128255 CEST | AverageDiscountedReturn     39.742
2021-04-09 14:47:27.128402 CEST | AverageReturn               40.7293
2021-04-09 14:47:27.128548 CEST | ExplainedVariance            0.123148
2021-04-09 14:47:27.128693 CEST | NumTrajs                    79
2021-04-09 14:47:27.128834 CEST | Entropy                      1.41894
2021-04-09 14:47:27.128977 CEST | Perplexity                   4.13273
2021-04-09 14:47:27.129127 CEST | StdReturn                   27.6222
2021-04-09 14:47:27.129282 CEST | MaxReturn                  139.95
2021-04-09 14:47:27.129441 CEST | MinReturn                    0
2021-04-09 14:47:27.129649 CEST | AveragePolicyStd             1
2021-04-09 14:47:27.129817 CEST | AveragePolicyStd             1
2021-04-09 14:47:27.130007 CEST | AveragePolicyStd             1
2021-04-09 14:47:27.130150 CEST | AveragePolicyStd             1
2021-04-09 14:47:27.130294 CEST | AveragePolicyStd             1
2021-04-09 14:47:27.130433 CEST | AveragePolicyStd             1
2021-04-09 14:47:27.130618 CEST | AveragePolicyStd             1
2021-04-09 14:47:27.130770 CEST | AveragePolicyStd             1
2021-04-09 14:47:27.130946 CEST | AveragePolicyStd             1
2021-04-09 14:47:27.131084 CEST | AveragePolicyStd             1
2021-04-09 14:47:27.131231 CEST | Iteration                    1
2021-04-09 14:47:27.131369 CEST | AverageDiscountedReturn     78.0405
2021-04-09 14:47:27.131512 CEST | AverageReturn               82.9026
2021-04-09 14:47:27.131660 CEST | ExplainedVariance            0.104017
2021-04-09 14:47:27.131807 CEST | NumTrajs                    44
2021-04-09 14:47:27.131996 CEST | Entropy                      1.40917
2021-04-09 14:47:27.132178 CEST | Perplexity                   4.09257
2021-04-09 14:47:27.132386 CEST | StdReturn                   64.7294
2021-04-09 14:47:27.132589 CEST | MaxReturn                  249.95
2021-04-09 14:47:27.132787 CEST | MinReturn                    9.98012
2021-04-09 14:47:27.132994 CEST | Iteration                    1
2021-04-09 14:47:27.133203 CEST | AverageDiscountedReturn     92.5968
2021-04-09 14:47:27.133417 CEST | AverageReturn              100.475
2021-04-09 14:47:27.133591 CEST | ExplainedVariance            0.0956451
2021-04-09 14:47:27.133746 CEST | NumTrajs                    37
2021-04-09 14:47:27.133960 CEST | Entropy                      1.40917
2021-04-09 14:47:27.134103 CEST | Perplexity                   4.09257
2021-04-09 14:47:27.134244 CEST | StdReturn                   88.1967
2021-04-09 14:47:27.134388 CEST | MaxReturn                  319.912
2021-04-09 14:47:27.134527 CEST | MinReturn                    0
2021-04-09 14:47:27.134670 CEST | Iteration                    1
2021-04-09 14:47:27.134815 CEST | AverageDiscountedReturn     53.7777
2021-04-09 14:47:27.134957 CEST | AverageReturn               55.859
2021-04-09 14:47:27.135096 CEST | ExplainedVariance           -0.185966
2021-04-09 14:47:27.135231 CEST | NumTrajs                    61
2021-04-09 14:47:27.135370 CEST | Entropy                      1.40917
2021-04-09 14:47:27.135506 CEST | Perplexity                   4.09257
2021-04-09 14:47:27.135647 CEST | StdReturn                   41.5176
2021-04-09 14:47:27.135786 CEST | MaxReturn                  169.807
2021-04-09 14:47:27.135925 CEST | MinReturn                    0
2021-04-09 14:47:27.136065 CEST | Iteration                    1
2021-04-09 14:47:27.136208 CEST | AverageDiscountedReturn    106.899
2021-04-09 14:47:27.136349 CEST | AverageReturn              118.989
2021-04-09 14:47:27.136491 CEST | ExplainedVariance           -0.0143666
2021-04-09 14:47:27.136629 CEST | NumTrajs                    32
2021-04-09 14:47:27.136768 CEST | Entropy                      1.40917
2021-04-09 14:47:27.136904 CEST | Perplexity                   4.09257
2021-04-09 14:47:27.137046 CEST | StdReturn                  116.47
2021-04-09 14:47:27.137189 CEST | MaxReturn                  449.758
2021-04-09 14:47:27.137331 CEST | MinReturn                    0
2021-04-09 14:47:27.137467 CEST | Iteration                    1
2021-04-09 14:47:27.137607 CEST | AverageDiscountedReturn     74.0627
2021-04-09 14:47:27.137772 CEST | AverageReturn               78.4239
2021-04-09 14:47:27.137942 CEST | ExplainedVariance           -0.104789
2021-04-09 14:47:27.138122 CEST | NumTrajs                    46
2021-04-09 14:47:27.138362 CEST | Entropy                      1.40917
2021-04-09 14:47:27.138586 CEST | Perplexity                   4.09257
2021-04-09 14:47:27.138747 CEST | StdReturn                   61.7156
2021-04-09 14:47:27.138945 CEST | MaxReturn                  289.834
2021-04-09 14:47:27.139146 CEST | MinReturn                    0
2021-04-09 14:47:27.139343 CEST | Iteration                    1
2021-04-09 14:47:27.139539 CEST | AverageDiscountedReturn     73.9412
2021-04-09 14:47:27.139739 CEST | AverageReturn               79.0841
2021-04-09 14:47:27.139938 CEST | ExplainedVariance            0.0402412
2021-04-09 14:47:27.140136 CEST | NumTrajs                    46
2021-04-09 14:47:27.140331 CEST | Entropy                      1.40917
2021-04-09 14:47:27.140529 CEST | Perplexity                   4.09257
2021-04-09 14:47:27.140726 CEST | StdReturn                   75.3775
2021-04-09 14:47:27.140901 CEST | MaxReturn                  469.786
2021-04-09 14:47:27.141081 CEST | MinReturn                    9.98548
2021-04-09 14:47:27.141235 CEST | Iteration                    1
2021-04-09 14:47:27.141422 CEST | AverageDiscountedReturn     86.6221
2021-04-09 14:47:27.141588 CEST | AverageReturn               93.5314
2021-04-09 14:47:27.141811 CEST | ExplainedVariance           -0.813073
2021-04-09 14:47:27.141995 CEST | NumTrajs                    39
2021-04-09 14:47:27.142228 CEST | Entropy                      1.40917
2021-04-09 14:47:27.142437 CEST | Perplexity                   4.09257
2021-04-09 14:47:27.142638 CEST | StdReturn                   84.2787
2021-04-09 14:47:27.142810 CEST | MaxReturn                  439.833
2021-04-09 14:47:27.142956 CEST | MinReturn                    9.98405
2021-04-09 14:47:27.143102 CEST | Iteration                    1
2021-04-09 14:47:27.143248 CEST | AverageDiscountedReturn     74.8968
2021-04-09 14:47:27.143392 CEST | AverageReturn               79.2844
2021-04-09 14:47:27.143531 CEST | ExplainedVariance           -0.336294
2021-04-09 14:47:27.143669 CEST | NumTrajs                    45
2021-04-09 14:47:27.143808 CEST | Entropy                      1.40917
2021-04-09 14:47:27.143953 CEST | Perplexity                   4.09257
2021-04-09 14:47:27.144118 CEST | StdReturn                   60.8988
2021-04-09 14:47:27.144261 CEST | MaxReturn                  269.811
2021-04-09 14:47:27.144409 CEST | MinReturn                    0
2021-04-09 14:47:27.144552 CEST | Iteration                    1
2021-04-09 14:47:27.144693 CEST | AverageDiscountedReturn     75.8018
2021-04-09 14:47:27.144829 CEST | AverageReturn               79.9464
2021-04-09 14:47:27.144971 CEST | ExplainedVariance            0.108873
2021-04-09 14:47:27.145110 CEST | NumTrajs                    45
2021-04-09 14:47:27.145261 CEST | Entropy                      1.40917
2021-04-09 14:47:27.145430 CEST | Perplexity                   4.09257
2021-04-09 14:47:27.145576 CEST | StdReturn                   55.5879
2021-04-09 14:47:27.145719 CEST | MaxReturn                  309.866
2021-04-09 14:47:27.145888 CEST | MinReturn                    0
2021-04-09 14:47:27.146032 CEST | Iteration                    1
2021-04-09 14:47:27.146223 CEST | AverageDiscountedReturn     70.2539
2021-04-09 14:47:27.146366 CEST | AverageReturn               75.1568
2021-04-09 14:47:27.146503 CEST | ExplainedVariance           -0.589057
2021-04-09 14:47:27.146647 CEST | NumTrajs                    48
2021-04-09 14:47:27.146788 CEST | Entropy                      1.40917
2021-04-09 14:47:27.146931 CEST | Perplexity                   4.09257
2021-04-09 14:47:27.147101 CEST | StdReturn                   74.7709
2021-04-09 14:47:27.147242 CEST | MaxReturn                  349.837
2021-04-09 14:47:27.147379 CEST | MinReturn                    0
2021-04-09 14:47:27.147517 CEST | AveragePolicyStd             0.990282
2021-04-09 14:47:27.147663 CEST | AveragePolicyStd             0.990282
2021-04-09 14:47:27.147814 CEST | AveragePolicyStd             0.990282
2021-04-09 14:47:27.147978 CEST | AveragePolicyStd             0.990282
2021-04-09 14:47:27.148116 CEST | AveragePolicyStd             0.990282
2021-04-09 14:47:27.148289 CEST | AveragePolicyStd             0.990282
2021-04-09 14:47:27.148491 CEST | AveragePolicyStd             0.990282
2021-04-09 14:47:27.148697 CEST | AveragePolicyStd             0.990282
2021-04-09 14:47:27.148915 CEST | AveragePolicyStd             0.990282
2021-04-09 14:47:27.149117 CEST | AveragePolicyStd             0.990282
2021-04-09 14:47:27.149325 CEST | Iteration                    2
2021-04-09 14:47:27.149507 CEST | AverageDiscountedReturn    119.667
2021-04-09 14:47:27.149713 CEST | AverageReturn              131.251
2021-04-09 14:47:27.149959 CEST | ExplainedVariance           -0.206648
2021-04-09 14:47:27.150154 CEST | NumTrajs                    30
2021-04-09 14:47:27.150329 CEST | Entropy                      1.39967
2021-04-09 14:47:27.150474 CEST | Perplexity                   4.05386
2021-04-09 14:47:27.150615 CEST | StdReturn                   96.1165
2021-04-09 14:47:27.150755 CEST | MaxReturn                  409.795
2021-04-09 14:47:27.150900 CEST | MinReturn                    9.98182
2021-04-09 14:47:27.151041 CEST | Iteration                    2
2021-04-09 14:47:27.151182 CEST | AverageDiscountedReturn    100.08
2021-04-09 14:47:27.151328 CEST | AverageReturn              110.517
2021-04-09 14:47:27.151467 CEST | ExplainedVariance           -1.71572
2021-04-09 14:47:27.151605 CEST | NumTrajs                    34
2021-04-09 14:47:27.151750 CEST | Entropy                      1.39967
2021-04-09 14:47:27.151919 CEST | Perplexity                   4.05386
2021-04-09 14:47:27.152058 CEST | StdReturn                  110.366
2021-04-09 14:47:27.152199 CEST | MaxReturn                  569.727
2021-04-09 14:47:27.152344 CEST | MinReturn                    9.98653
2021-04-09 14:47:27.152488 CEST | Iteration                    2
2021-04-09 14:47:27.152631 CEST | AverageDiscountedReturn    117.856
2021-04-09 14:47:27.152773 CEST | AverageReturn              129.928
2021-04-09 14:47:27.152913 CEST | ExplainedVariance            0.0398663
2021-04-09 14:47:27.153056 CEST | NumTrajs                    29
2021-04-09 14:47:27.153228 CEST | Entropy                      1.39967
2021-04-09 14:47:27.153373 CEST | Perplexity                   4.05386
2021-04-09 14:47:27.153518 CEST | StdReturn                  103.327
2021-04-09 14:47:27.153665 CEST | MaxReturn                  429.92
2021-04-09 14:47:27.153808 CEST | MinReturn                    9.98692
2021-04-09 14:47:27.153983 CEST | Iteration                    2
2021-04-09 14:47:27.154110 CEST | AverageDiscountedReturn    135.523
2021-04-09 14:47:27.154235 CEST | AverageReturn              150.729
2021-04-09 14:47:27.154359 CEST | ExplainedVariance            0.124454
2021-04-09 14:47:27.154484 CEST | NumTrajs                    25
2021-04-09 14:47:27.154609 CEST | Entropy                      1.39967
2021-04-09 14:47:27.154734 CEST | Perplexity                   4.05386
2021-04-09 14:47:27.154869 CEST | StdReturn                  108.183
2021-04-09 14:47:27.155001 CEST | MaxReturn                  339.899
2021-04-09 14:47:27.155146 CEST | MinReturn                    9.98629
2021-04-09 14:47:27.155271 CEST | Iteration                    2
2021-04-09 14:47:27.155396 CEST | AverageDiscountedReturn    100.558
2021-04-09 14:47:27.155521 CEST | AverageReturn              107.568
2021-04-09 14:47:27.155644 CEST | ExplainedVariance            0.270534
2021-04-09 14:47:27.155770 CEST | NumTrajs                    34
2021-04-09 14:47:27.155893 CEST | Entropy                      1.39967
2021-04-09 14:47:27.156017 CEST | Perplexity                   4.05386
2021-04-09 14:47:27.156140 CEST | StdReturn                   65.1808
2021-04-09 14:47:27.156265 CEST | MaxReturn                  239.871
2021-04-09 14:47:27.156392 CEST | MinReturn                    9.98055
2021-04-09 14:47:27.156518 CEST | Iteration                    2
2021-04-09 14:47:27.156641 CEST | AverageDiscountedReturn    147.753
2021-04-09 14:47:27.156766 CEST | AverageReturn              164.687
2021-04-09 14:47:27.156889 CEST | ExplainedVariance            0.250445
2021-04-09 14:47:27.157015 CEST | NumTrajs                    23
2021-04-09 14:47:27.157138 CEST | Entropy                      1.39967
2021-04-09 14:47:27.157276 CEST | Perplexity                   4.05386
2021-04-09 14:47:27.157449 CEST | StdReturn                  106.895
2021-04-09 14:47:27.157591 CEST | MaxReturn                  469.832
2021-04-09 14:47:27.157738 CEST | MinReturn                    9.98072
2021-04-09 14:47:27.157897 CEST | Iteration                    2
2021-04-09 14:47:27.158025 CEST | AverageDiscountedReturn    127.954
2021-04-09 14:47:27.158150 CEST | AverageReturn              143.763
2021-04-09 14:47:27.158275 CEST | ExplainedVariance           -0.629172
2021-04-09 14:47:27.158402 CEST | NumTrajs                    26
2021-04-09 14:47:27.158526 CEST | Entropy                      1.39967
2021-04-09 14:47:27.158649 CEST | Perplexity                   4.05386
2021-04-09 14:47:27.158801 CEST | StdReturn                  126.019
2021-04-09 14:47:27.158948 CEST | MaxReturn                  549.791
2021-04-09 14:47:27.159093 CEST | MinReturn                    0
2021-04-09 14:47:27.159236 CEST | Iteration                    2
2021-04-09 14:47:27.159385 CEST | AverageDiscountedReturn    135.283
2021-04-09 14:47:27.159525 CEST | AverageReturn              150.309
2021-04-09 14:47:27.159662 CEST | ExplainedVariance           -1.00001
2021-04-09 14:47:27.159807 CEST | NumTrajs                    25
2021-04-09 14:47:27.159949 CEST | Entropy                      1.39967
2021-04-09 14:47:27.160088 CEST | Perplexity                   4.05386
2021-04-09 14:47:27.160236 CEST | StdReturn                  108.115
2021-04-09 14:47:27.160389 CEST | MaxReturn                  419.729
2021-04-09 14:47:27.160532 CEST | MinReturn                   19.9617
2021-04-09 14:47:27.160673 CEST | Iteration                    2
2021-04-09 14:47:27.160817 CEST | AverageDiscountedReturn    123.916
2021-04-09 14:47:27.160953 CEST | AverageReturn              143.756
2021-04-09 14:47:27.161089 CEST | ExplainedVariance           -0.268092
2021-04-09 14:47:27.161224 CEST | NumTrajs                    26
2021-04-09 14:47:27.161366 CEST | Entropy                      1.39967
2021-04-09 14:47:27.161509 CEST | Perplexity                   4.05386
2021-04-09 14:47:27.161648 CEST | StdReturn                  162.473
2021-04-09 14:47:27.161812 CEST | MaxReturn                  689.653
2021-04-09 14:47:27.161977 CEST | MinReturn                    0
2021-04-09 14:47:27.162119 CEST | Iteration                    2
2021-04-09 14:47:27.162261 CEST | AverageDiscountedReturn    111.168
2021-04-09 14:47:27.162401 CEST | AverageReturn              121.208
2021-04-09 14:47:27.162541 CEST | ExplainedVariance            0.180983
2021-04-09 14:47:27.162677 CEST | NumTrajs                    31
2021-04-09 14:47:27.162830 CEST | Entropy                      1.39967
2021-04-09 14:47:27.163016 CEST | Perplexity                   4.05386
2021-04-09 14:47:27.163161 CEST | StdReturn                   90.1538
2021-04-09 14:47:27.163302 CEST | MaxReturn                  349.878
2021-04-09 14:47:27.163442 CEST | MinReturn                    9.983
