2021-04-16 09:29:33.107514 CEST | [test_diffparams_quant_2021_04_16_09_15_46_0017] Populating workers...
2021-04-16 09:29:33.107746 CEST | [test_diffparams_quant_2021_04_16_09_15_46_0017] Populated
2021-04-16 09:29:33.107866 CEST | [test_diffparams_quant_2021_04_16_09_15_46_0017] Populating workers...
2021-04-16 09:29:33.107982 CEST | [test_diffparams_quant_2021_04_16_09_15_46_0017] Populated
2021-04-16 09:29:33.108111 CEST | [test_diffparams_quant_2021_04_16_09_15_46_0017] Populating workers...
2021-04-16 09:29:33.108219 CEST | [test_diffparams_quant_2021_04_16_09_15_46_0017] Populated
2021-04-16 09:29:33.108325 CEST | [test_diffparams_quant_2021_04_16_09_15_46_0017] Populating workers...
2021-04-16 09:29:33.108433 CEST | [test_diffparams_quant_2021_04_16_09_15_46_0017] Populated
2021-04-16 09:29:33.108538 CEST | [test_diffparams_quant_2021_04_16_09_15_46_0017] Populating workers...
2021-04-16 09:29:33.108644 CEST | [test_diffparams_quant_2021_04_16_09_15_46_0017] Populated
2021-04-16 09:29:35.230806 CEST | [test_diffparams_quant_2021_04_16_09_15_46_0017] itr #0 | fitting baseline...
2021-04-16 09:29:35.253214 CEST | [test_diffparams_quant_2021_04_16_09_15_46_0017] itr #0 | fitted
2021-04-16 09:29:35.263234 CEST | [test_diffparams_quant_2021_04_16_09_15_46_0017] itr #0 | fitting baseline...
2021-04-16 09:29:35.265077 CEST | [test_diffparams_quant_2021_04_16_09_15_46_0017] itr #0 | fitted
2021-04-16 09:29:35.269429 CEST | [test_diffparams_quant_2021_04_16_09_15_46_0017] itr #0 | fitting baseline...
2021-04-16 09:29:35.271380 CEST | [test_diffparams_quant_2021_04_16_09_15_46_0017] itr #0 | fitted
2021-04-16 09:29:35.275576 CEST | [test_diffparams_quant_2021_04_16_09_15_46_0017] itr #0 | fitting baseline...
2021-04-16 09:29:35.277161 CEST | [test_diffparams_quant_2021_04_16_09_15_46_0017] itr #0 | fitted
2021-04-16 09:29:35.280578 CEST | [test_diffparams_quant_2021_04_16_09_15_46_0017] itr #0 | fitting baseline...
2021-04-16 09:29:35.281930 CEST | [test_diffparams_quant_2021_04_16_09_15_46_0017] itr #0 | fitted
2021-04-16 09:29:39.120892 CEST | [test_diffparams_quant_2021_04_16_09_15_46_0017] itr #1 | fitting baseline...
2021-04-16 09:29:39.122240 CEST | [test_diffparams_quant_2021_04_16_09_15_46_0017] itr #1 | fitted
2021-04-16 09:29:39.125907 CEST | [test_diffparams_quant_2021_04_16_09_15_46_0017] itr #1 | fitting baseline...
2021-04-16 09:29:39.127444 CEST | [test_diffparams_quant_2021_04_16_09_15_46_0017] itr #1 | fitted
2021-04-16 09:29:39.131543 CEST | [test_diffparams_quant_2021_04_16_09_15_46_0017] itr #1 | fitting baseline...
2021-04-16 09:29:39.133138 CEST | [test_diffparams_quant_2021_04_16_09_15_46_0017] itr #1 | fitted
2021-04-16 09:29:39.137096 CEST | [test_diffparams_quant_2021_04_16_09_15_46_0017] itr #1 | fitting baseline...
2021-04-16 09:29:39.138579 CEST | [test_diffparams_quant_2021_04_16_09_15_46_0017] itr #1 | fitted
2021-04-16 09:29:39.142579 CEST | [test_diffparams_quant_2021_04_16_09_15_46_0017] itr #1 | fitting baseline...
2021-04-16 09:29:39.144102 CEST | [test_diffparams_quant_2021_04_16_09_15_46_0017] itr #1 | fitted
2021-04-16 09:29:39.230553 CEST | [test_diffparams_quant_2021_04_16_09_15_46_0017] itr #1 | saving snapshot...
2021-04-16 09:29:39.236167 CEST | [test_diffparams_quant_2021_04_16_09_15_46_0017] itr #1 | saved
2021-04-16 09:29:39.240541 CEST | -----------------------  --------------
2021-04-16 09:29:39.240706 CEST | Iteration                    0
2021-04-16 09:29:39.240853 CEST | AverageDiscountedReturn     53.7031
2021-04-16 09:29:39.240995 CEST | AverageReturn               55.8628
2021-04-16 09:29:39.241135 CEST | ExplainedVariance            6.5431e-12
2021-04-16 09:29:39.241275 CEST | NumTrajs                    61
2021-04-16 09:29:39.241418 CEST | Entropy                      1.41894
2021-04-16 09:29:39.241558 CEST | Perplexity                   4.13273
2021-04-16 09:29:39.241701 CEST | StdReturn                   43.7136
2021-04-16 09:29:39.241845 CEST | MaxReturn                  219.897
2021-04-16 09:29:39.241985 CEST | MinReturn                    9.97928
2021-04-16 09:29:39.242135 CEST | Iteration                    0
2021-04-16 09:29:39.242289 CEST | AverageDiscountedReturn     50.4922
2021-04-16 09:29:39.242429 CEST | AverageReturn               52.466
2021-04-16 09:29:39.242574 CEST | ExplainedVariance            0.12441
2021-04-16 09:29:39.242715 CEST | NumTrajs                    64
2021-04-16 09:29:39.242853 CEST | Entropy                      1.41894
2021-04-16 09:29:39.242995 CEST | Perplexity                   4.13273
2021-04-16 09:29:39.243133 CEST | StdReturn                   43.5752
2021-04-16 09:29:39.243274 CEST | MaxReturn                  299.895
2021-04-16 09:29:39.243413 CEST | MinReturn                    0
2021-04-16 09:29:39.243553 CEST | Iteration                    0
2021-04-16 09:29:39.243691 CEST | AverageDiscountedReturn     49.6479
2021-04-16 09:29:39.243827 CEST | AverageReturn               51.4811
2021-04-16 09:29:39.243973 CEST | ExplainedVariance            0.183548
2021-04-16 09:29:39.244140 CEST | NumTrajs                    66
2021-04-16 09:29:39.244293 CEST | Entropy                      1.41894
2021-04-16 09:29:39.244434 CEST | Perplexity                   4.13273
2021-04-16 09:29:39.244579 CEST | StdReturn                   40.7399
2021-04-16 09:29:39.244716 CEST | MaxReturn                  229.913
2021-04-16 09:29:39.244860 CEST | MinReturn                    0
2021-04-16 09:29:39.245006 CEST | Iteration                    0
2021-04-16 09:29:39.245155 CEST | AverageDiscountedReturn     51.7114
2021-04-16 09:29:39.245292 CEST | AverageReturn               53.6157
2021-04-16 09:29:39.245464 CEST | ExplainedVariance            0.221362
2021-04-16 09:29:39.245640 CEST | NumTrajs                    63
2021-04-16 09:29:39.245805 CEST | Entropy                      1.41894
2021-04-16 09:29:39.245967 CEST | Perplexity                   4.13273
2021-04-16 09:29:39.246128 CEST | StdReturn                   39.9131
2021-04-16 09:29:39.246288 CEST | MaxReturn                  209.879
2021-04-16 09:29:39.246449 CEST | MinReturn                    0
2021-04-16 09:29:39.246611 CEST | Iteration                    0
2021-04-16 09:29:39.246771 CEST | AverageDiscountedReturn     61.4543
2021-04-16 09:29:39.246934 CEST | AverageReturn               64.2243
2021-04-16 09:29:39.247101 CEST | ExplainedVariance            0.170945
2021-04-16 09:29:39.247263 CEST | NumTrajs                    54
2021-04-16 09:29:39.247425 CEST | Entropy                      1.41894
2021-04-16 09:29:39.247583 CEST | Perplexity                   4.13273
2021-04-16 09:29:39.247745 CEST | StdReturn                   47.6955
2021-04-16 09:29:39.247912 CEST | MaxReturn                  209.885
2021-04-16 09:29:39.248105 CEST | MinReturn                    9.989
2021-04-16 09:29:39.248268 CEST | AveragePolicyStd             1
2021-04-16 09:29:39.248426 CEST | AveragePolicyStd             1
2021-04-16 09:29:39.248582 CEST | AveragePolicyStd             1
2021-04-16 09:29:39.248742 CEST | AveragePolicyStd             1
2021-04-16 09:29:39.248905 CEST | AveragePolicyStd             1
2021-04-16 09:29:39.249064 CEST | Iteration                    1
2021-04-16 09:29:39.249220 CEST | AverageDiscountedReturn     70.1332
2021-04-16 09:29:39.249401 CEST | AverageReturn               73.9154
2021-04-16 09:29:39.249555 CEST | ExplainedVariance            0.134631
2021-04-16 09:29:39.249726 CEST | NumTrajs                    48
2021-04-16 09:29:39.249884 CEST | Entropy                      1.41774
2021-04-16 09:29:39.250069 CEST | Perplexity                   4.12777
2021-04-16 09:29:39.250260 CEST | StdReturn                   56.5723
2021-04-16 09:29:39.250424 CEST | MaxReturn                  289.879
2021-04-16 09:29:39.250585 CEST | MinReturn                    9.98115
2021-04-16 09:29:39.250743 CEST | Iteration                    1
2021-04-16 09:29:39.250899 CEST | AverageDiscountedReturn     60.0263
2021-04-16 09:29:39.251067 CEST | AverageReturn               62.546
2021-04-16 09:29:39.251234 CEST | ExplainedVariance            0.21982
2021-04-16 09:29:39.251402 CEST | NumTrajs                    58
2021-04-16 09:29:39.251576 CEST | Entropy                      1.41774
2021-04-16 09:29:39.251777 CEST | Perplexity                   4.12777
2021-04-16 09:29:39.251949 CEST | StdReturn                   43.9057
2021-04-16 09:29:39.252112 CEST | MaxReturn                  209.889
2021-04-16 09:29:39.252239 CEST | MinReturn                    0
2021-04-16 09:29:39.252422 CEST | Iteration                    1
2021-04-16 09:29:39.252620 CEST | AverageDiscountedReturn     63.956
2021-04-16 09:29:39.252815 CEST | AverageReturn               66.8845
2021-04-16 09:29:39.253003 CEST | ExplainedVariance            0.247014
2021-04-16 09:29:39.253189 CEST | NumTrajs                    52
2021-04-16 09:29:39.253373 CEST | Entropy                      1.41774
2021-04-16 09:29:39.253552 CEST | Perplexity                   4.12777
2021-04-16 09:29:39.253745 CEST | StdReturn                   47.5595
2021-04-16 09:29:39.253942 CEST | MaxReturn                  199.905
2021-04-16 09:29:39.254120 CEST | MinReturn                    0
2021-04-16 09:29:39.254316 CEST | Iteration                    1
2021-04-16 09:29:39.254447 CEST | AverageDiscountedReturn     67.6285
2021-04-16 09:29:39.254599 CEST | AverageReturn               71.1102
2021-04-16 09:29:39.254740 CEST | ExplainedVariance            0.17264
2021-04-16 09:29:39.254876 CEST | NumTrajs                    52
2021-04-16 09:29:39.255038 CEST | Entropy                      1.41774
2021-04-16 09:29:39.255207 CEST | Perplexity                   4.12777
2021-04-16 09:29:39.255370 CEST | StdReturn                   54.1698
2021-04-16 09:29:39.255538 CEST | MaxReturn                  259.742
2021-04-16 09:29:39.255703 CEST | MinReturn                    9.98012
2021-04-16 09:29:39.255864 CEST | Iteration                    1
2021-04-16 09:29:39.256028 CEST | AverageDiscountedReturn     56.9914
2021-04-16 09:29:39.256217 CEST | AverageReturn               59.4451
2021-04-16 09:29:39.256379 CEST | ExplainedVariance            0.238139
2021-04-16 09:29:39.256545 CEST | NumTrajs                    58
2021-04-16 09:29:39.256710 CEST | Entropy                      1.41774
2021-04-16 09:29:39.256873 CEST | Perplexity                   4.12777
2021-04-16 09:29:39.257035 CEST | StdReturn                   46.3523
2021-04-16 09:29:39.257201 CEST | MaxReturn                  219.96
2021-04-16 09:29:39.257357 CEST | MinReturn                    9.98148
2021-04-16 09:29:39.257521 CEST | AveragePolicyStd             0.9988
2021-04-16 09:29:39.257686 CEST | AveragePolicyStd             0.9988
2021-04-16 09:29:39.257850 CEST | AveragePolicyStd             0.9988
2021-04-16 09:29:39.258016 CEST | AveragePolicyStd             0.9988
2021-04-16 09:29:39.258181 CEST | AveragePolicyStd             0.9988
2021-04-16 09:29:39.258345 CEST | TransfBits               51040
2021-04-16 09:29:39.258508 CEST | TotalAverageReturn          63.4172
2021-04-16 09:29:39.258672 CEST | -----------------------  --------------
2021-04-16 09:29:39.990291 CEST | [test_diffparams_quant_2021_04_16_09_15_46_0017] itr #2 | fitting baseline...
2021-04-16 09:29:39.991881 CEST | [test_diffparams_quant_2021_04_16_09_15_46_0017] itr #2 | fitted
2021-04-16 09:29:39.996507 CEST | [test_diffparams_quant_2021_04_16_09_15_46_0017] itr #2 | fitting baseline...
2021-04-16 09:29:39.998261 CEST | [test_diffparams_quant_2021_04_16_09_15_46_0017] itr #2 | fitted
2021-04-16 09:29:40.002979 CEST | [test_diffparams_quant_2021_04_16_09_15_46_0017] itr #2 | fitting baseline...
2021-04-16 09:29:40.004639 CEST | [test_diffparams_quant_2021_04_16_09_15_46_0017] itr #2 | fitted
2021-04-16 09:29:40.008311 CEST | [test_diffparams_quant_2021_04_16_09_15_46_0017] itr #2 | fitting baseline...
2021-04-16 09:29:40.009594 CEST | [test_diffparams_quant_2021_04_16_09_15_46_0017] itr #2 | fitted
2021-04-16 09:29:40.013479 CEST | [test_diffparams_quant_2021_04_16_09_15_46_0017] itr #2 | fitting baseline...
2021-04-16 09:29:40.015020 CEST | [test_diffparams_quant_2021_04_16_09_15_46_0017] itr #2 | fitted
2021-04-16 09:29:40.100880 CEST | [test_diffparams_quant_2021_04_16_09_15_46_0017] itr #2 | saving snapshot...
2021-04-16 09:29:40.105374 CEST | [test_diffparams_quant_2021_04_16_09_15_46_0017] itr #2 | saved
2021-04-16 09:29:40.107588 CEST | -----------------------  --------------
2021-04-16 09:29:40.107738 CEST | Iteration                     2
2021-04-16 09:29:40.107914 CEST | AverageDiscountedReturn      58.9581
2021-04-16 09:29:40.108107 CEST | AverageReturn                61.3821
2021-04-16 09:29:40.108256 CEST | ExplainedVariance             0.141986
2021-04-16 09:29:40.108401 CEST | NumTrajs                     56
2021-04-16 09:29:40.108550 CEST | Entropy                       1.41894
2021-04-16 09:29:40.108698 CEST | Perplexity                    4.13273
2021-04-16 09:29:40.108859 CEST | StdReturn                    43.0867
2021-04-16 09:29:40.109028 CEST | MaxReturn                   189.941
2021-04-16 09:29:40.109184 CEST | MinReturn                     9.9803
2021-04-16 09:29:40.109342 CEST | Iteration                     2
2021-04-16 09:29:40.109511 CEST | AverageDiscountedReturn      54.4856
2021-04-16 09:29:40.109672 CEST | AverageReturn                57.1734
2021-04-16 09:29:40.109825 CEST | ExplainedVariance             0.0489176
2021-04-16 09:29:40.109982 CEST | NumTrajs                     61
2021-04-16 09:29:40.110139 CEST | Entropy                       1.41894
2021-04-16 09:29:40.110294 CEST | Perplexity                    4.13273
2021-04-16 09:29:40.110448 CEST | StdReturn                    54.7234
2021-04-16 09:29:40.110607 CEST | MaxReturn                   359.9
2021-04-16 09:29:40.110765 CEST | MinReturn                     0
2021-04-16 09:29:40.110921 CEST | Iteration                     2
2021-04-16 09:29:40.111083 CEST | AverageDiscountedReturn      56.8977
2021-04-16 09:29:40.111320 CEST | AverageReturn                58.9276
2021-04-16 09:29:40.111501 CEST | ExplainedVariance            -0.0352007
2021-04-16 09:29:40.111639 CEST | NumTrajs                     58
2021-04-16 09:29:40.111777 CEST | Entropy                       1.41894
2021-04-16 09:29:40.111914 CEST | Perplexity                    4.13273
2021-04-16 09:29:40.112069 CEST | StdReturn                    35.8299
2021-04-16 09:29:40.112197 CEST | MaxReturn                   159.932
2021-04-16 09:29:40.112334 CEST | MinReturn                     0
2021-04-16 09:29:40.112492 CEST | Iteration                     2
2021-04-16 09:29:40.112632 CEST | AverageDiscountedReturn      62.9478
2021-04-16 09:29:40.112771 CEST | AverageReturn                65.6168
2021-04-16 09:29:40.112909 CEST | ExplainedVariance             0.245989
2021-04-16 09:29:40.113046 CEST | NumTrajs                     53
2021-04-16 09:29:40.113192 CEST | Entropy                       1.41894
2021-04-16 09:29:40.113329 CEST | Perplexity                    4.13273
2021-04-16 09:29:40.113470 CEST | StdReturn                    43.1781
2021-04-16 09:29:40.113607 CEST | MaxReturn                   189.924
2021-04-16 09:29:40.113744 CEST | MinReturn                     9.97984
2021-04-16 09:29:40.113882 CEST | Iteration                     2
2021-04-16 09:29:40.114019 CEST | AverageDiscountedReturn      56.1914
2021-04-16 09:29:40.114158 CEST | AverageReturn                58.6039
2021-04-16 09:29:40.114305 CEST | ExplainedVariance             0.100096
2021-04-16 09:29:40.114449 CEST | NumTrajs                     59
2021-04-16 09:29:40.114590 CEST | Entropy                       1.41894
2021-04-16 09:29:40.114732 CEST | Perplexity                    4.13273
2021-04-16 09:29:40.114871 CEST | StdReturn                    46.645
2021-04-16 09:29:40.115011 CEST | MaxReturn                   239.916
2021-04-16 09:29:40.115150 CEST | MinReturn                     9.97922
2021-04-16 09:29:40.115289 CEST | AveragePolicyStd              1
2021-04-16 09:29:40.115431 CEST | AveragePolicyStd              1
2021-04-16 09:29:40.115569 CEST | AveragePolicyStd              1
2021-04-16 09:29:40.115707 CEST | AveragePolicyStd              1
2021-04-16 09:29:40.115856 CEST | AveragePolicyStd              1
2021-04-16 09:29:40.115999 CEST | TransfBits               102080
2021-04-16 09:29:40.116164 CEST | TotalAverageReturn           57.7591
2021-04-16 09:29:40.116306 CEST | -----------------------  --------------
2021-04-16 09:29:40.886524 CEST | [test_diffparams_quant_2021_04_16_09_15_46_0017] itr #3 | fitting baseline...
2021-04-16 09:29:40.888154 CEST | [test_diffparams_quant_2021_04_16_09_15_46_0017] itr #3 | fitted
2021-04-16 09:29:40.892240 CEST | [test_diffparams_quant_2021_04_16_09_15_46_0017] itr #3 | fitting baseline...
2021-04-16 09:29:40.893787 CEST | [test_diffparams_quant_2021_04_16_09_15_46_0017] itr #3 | fitted
2021-04-16 09:29:40.898119 CEST | [test_diffparams_quant_2021_04_16_09_15_46_0017] itr #3 | fitting baseline...
2021-04-16 09:29:40.900364 CEST | [test_diffparams_quant_2021_04_16_09_15_46_0017] itr #3 | fitted
2021-04-16 09:29:40.904600 CEST | [test_diffparams_quant_2021_04_16_09_15_46_0017] itr #3 | fitting baseline...
2021-04-16 09:29:40.906268 CEST | [test_diffparams_quant_2021_04_16_09_15_46_0017] itr #3 | fitted
2021-04-16 09:29:40.910221 CEST | [test_diffparams_quant_2021_04_16_09_15_46_0017] itr #3 | fitting baseline...
2021-04-16 09:29:40.911815 CEST | [test_diffparams_quant_2021_04_16_09_15_46_0017] itr #3 | fitted
2021-04-16 09:29:41.009073 CEST | [test_diffparams_quant_2021_04_16_09_15_46_0017] itr #3 | saving snapshot...
2021-04-16 09:29:41.014529 CEST | [test_diffparams_quant_2021_04_16_09_15_46_0017] itr #3 | saved
2021-04-16 09:29:41.017112 CEST | -----------------------  --------------
2021-04-16 09:29:41.017281 CEST | Iteration                     3
2021-04-16 09:29:41.017432 CEST | AverageDiscountedReturn      57.5381
2021-04-16 09:29:41.017579 CEST | AverageReturn                59.7928
2021-04-16 09:29:41.017723 CEST | ExplainedVariance             0.175193
2021-04-16 09:29:41.017867 CEST | NumTrajs                     58
2021-04-16 09:29:41.018009 CEST | Entropy                       1.41894
2021-04-16 09:29:41.018150 CEST | Perplexity                    4.13273
2021-04-16 09:29:41.018291 CEST | StdReturn                    40.9855
2021-04-16 09:29:41.018431 CEST | MaxReturn                   189.882
2021-04-16 09:29:41.018574 CEST | MinReturn                     0
2021-04-16 09:29:41.018718 CEST | Iteration                     3
2021-04-16 09:29:41.018860 CEST | AverageDiscountedReturn      53.5628
2021-04-16 09:29:41.019002 CEST | AverageReturn                55.6998
2021-04-16 09:29:41.019142 CEST | ExplainedVariance            -0.0349194
2021-04-16 09:29:41.019286 CEST | NumTrajs                     61
2021-04-16 09:29:41.019427 CEST | Entropy                       1.41894
2021-04-16 09:29:41.019569 CEST | Perplexity                    4.13273
2021-04-16 09:29:41.019709 CEST | StdReturn                    43.5312
2021-04-16 09:29:41.019851 CEST | MaxReturn                   229.875
2021-04-16 09:29:41.019991 CEST | MinReturn                     9.98073
2021-04-16 09:29:41.020147 CEST | Iteration                     3
2021-04-16 09:29:41.020288 CEST | AverageDiscountedReturn      53.0265
2021-04-16 09:29:41.020432 CEST | AverageReturn                54.9658
2021-04-16 09:29:41.020575 CEST | ExplainedVariance             0.207527
2021-04-16 09:29:41.020715 CEST | NumTrajs                     64
2021-04-16 09:29:41.020858 CEST | Entropy                       1.41894
2021-04-16 09:29:41.020999 CEST | Perplexity                    4.13273
2021-04-16 09:29:41.021144 CEST | StdReturn                    38.9946
2021-04-16 09:29:41.021285 CEST | MaxReturn                   179.867
2021-04-16 09:29:41.021428 CEST | MinReturn                     0
2021-04-16 09:29:41.021569 CEST | Iteration                     3
2021-04-16 09:29:41.021729 CEST | AverageDiscountedReturn      54.5125
2021-04-16 09:29:41.021871 CEST | AverageReturn                56.9676
2021-04-16 09:29:41.022018 CEST | ExplainedVariance             0.224187
2021-04-16 09:29:41.022160 CEST | NumTrajs                     60
2021-04-16 09:29:41.022301 CEST | Entropy                       1.41894
2021-04-16 09:29:41.022442 CEST | Perplexity                    4.13273
2021-04-16 09:29:41.022594 CEST | StdReturn                    49.2879
2021-04-16 09:29:41.022735 CEST | MaxReturn                   219.904
2021-04-16 09:29:41.022877 CEST | MinReturn                     0
2021-04-16 09:29:41.023021 CEST | Iteration                     3
2021-04-16 09:29:41.023163 CEST | AverageDiscountedReturn      57.021
2021-04-16 09:29:41.023303 CEST | AverageReturn                59.2764
2021-04-16 09:29:41.023445 CEST | ExplainedVariance             0.213873
2021-04-16 09:29:41.023585 CEST | NumTrajs                     58
2021-04-16 09:29:41.023726 CEST | Entropy                       1.41894
2021-04-16 09:29:41.023867 CEST | Perplexity                    4.13273
2021-04-16 09:29:41.024007 CEST | StdReturn                    41.7108
2021-04-16 09:29:41.024166 CEST | MaxReturn                   219.921
2021-04-16 09:29:41.024307 CEST | MinReturn                     9.97939
2021-04-16 09:29:41.024448 CEST | AveragePolicyStd              1
2021-04-16 09:29:41.024588 CEST | AveragePolicyStd              1
2021-04-16 09:29:41.024728 CEST | AveragePolicyStd              1
2021-04-16 09:29:41.024868 CEST | AveragePolicyStd              1
2021-04-16 09:29:41.025009 CEST | AveragePolicyStd              1
2021-04-16 09:29:41.025152 CEST | TransfBits               153120
2021-04-16 09:29:41.025294 CEST | TotalAverageReturn           55.0704
2021-04-16 09:29:41.025436 CEST | -----------------------  --------------
2021-04-16 09:29:41.776192 CEST | [test_diffparams_quant_2021_04_16_09_15_46_0017] itr #4 | fitting baseline...
2021-04-16 09:29:41.778075 CEST | [test_diffparams_quant_2021_04_16_09_15_46_0017] itr #4 | fitted
2021-04-16 09:29:41.782248 CEST | [test_diffparams_quant_2021_04_16_09_15_46_0017] itr #4 | fitting baseline...
2021-04-16 09:29:41.783862 CEST | [test_diffparams_quant_2021_04_16_09_15_46_0017] itr #4 | fitted
2021-04-16 09:29:41.788031 CEST | [test_diffparams_quant_2021_04_16_09_15_46_0017] itr #4 | fitting baseline...
2021-04-16 09:29:41.789643 CEST | [test_diffparams_quant_2021_04_16_09_15_46_0017] itr #4 | fitted
2021-04-16 09:29:41.793626 CEST | [test_diffparams_quant_2021_04_16_09_15_46_0017] itr #4 | fitting baseline...
2021-04-16 09:29:41.795181 CEST | [test_diffparams_quant_2021_04_16_09_15_46_0017] itr #4 | fitted
2021-04-16 09:29:41.798915 CEST | [test_diffparams_quant_2021_04_16_09_15_46_0017] itr #4 | fitting baseline...
2021-04-16 09:29:41.800431 CEST | [test_diffparams_quant_2021_04_16_09_15_46_0017] itr #4 | fitted
2021-04-16 09:29:41.900542 CEST | [test_diffparams_quant_2021_04_16_09_15_46_0017] itr #4 | saving snapshot...
2021-04-16 09:29:41.906120 CEST | [test_diffparams_quant_2021_04_16_09_15_46_0017] itr #4 | saved
2021-04-16 09:29:41.908724 CEST | -----------------------  -------------
2021-04-16 09:29:41.908895 CEST | Iteration                     4
2021-04-16 09:29:41.909047 CEST | AverageDiscountedReturn      48.3856
2021-04-16 09:29:41.909195 CEST | AverageReturn                49.9649
2021-04-16 09:29:41.909341 CEST | ExplainedVariance             0.191103
2021-04-16 09:29:41.909487 CEST | NumTrajs                     67
2021-04-16 09:29:41.909631 CEST | Entropy                       1.41894
2021-04-16 09:29:41.909777 CEST | Perplexity                    4.13273
2021-04-16 09:29:41.909923 CEST | StdReturn                    35.265
2021-04-16 09:29:41.910069 CEST | MaxReturn                   159.89
2021-04-16 09:29:41.910212 CEST | MinReturn                     0
2021-04-16 09:29:41.910359 CEST | Iteration                     4
2021-04-16 09:29:41.910504 CEST | AverageDiscountedReturn      51.9673
2021-04-16 09:29:41.910650 CEST | AverageReturn                53.9332
2021-04-16 09:29:41.910795 CEST | ExplainedVariance             0.150438
2021-04-16 09:29:41.910939 CEST | NumTrajs                     63
2021-04-16 09:29:41.911083 CEST | Entropy                       1.41894
2021-04-16 09:29:41.911227 CEST | Perplexity                    4.13273
2021-04-16 09:29:41.911368 CEST | StdReturn                    41.0967
2021-04-16 09:29:41.911512 CEST | MaxReturn                   209.839
2021-04-16 09:29:41.911660 CEST | MinReturn                     0
2021-04-16 09:29:41.911803 CEST | Iteration                     4
2021-04-16 09:29:41.911945 CEST | AverageDiscountedReturn      48.9299
2021-04-16 09:29:41.912122 CEST | AverageReturn                50.7287
2021-04-16 09:29:41.912267 CEST | ExplainedVariance             0.231634
2021-04-16 09:29:41.912412 CEST | NumTrajs                     66
2021-04-16 09:29:41.912552 CEST | Entropy                       1.41894
2021-04-16 09:29:41.912694 CEST | Perplexity                    4.13273
2021-04-16 09:29:41.912838 CEST | StdReturn                    40.7133
2021-04-16 09:29:41.912982 CEST | MaxReturn                   229.908
2021-04-16 09:29:41.913127 CEST | MinReturn                     9.9799
2021-04-16 09:29:41.913294 CEST | Iteration                     4
2021-04-16 09:29:41.913436 CEST | AverageDiscountedReturn      53.891
2021-04-16 09:29:41.913577 CEST | AverageReturn                56.2568
2021-04-16 09:29:41.913721 CEST | ExplainedVariance             0.165075
2021-04-16 09:29:41.913864 CEST | NumTrajs                     62
2021-04-16 09:29:41.914005 CEST | Entropy                       1.41894
2021-04-16 09:29:41.914148 CEST | Perplexity                    4.13273
2021-04-16 09:29:41.914289 CEST | StdReturn                    48.2426
2021-04-16 09:29:41.914431 CEST | MaxReturn                   259.767
2021-04-16 09:29:41.914573 CEST | MinReturn                     0
2021-04-16 09:29:41.914721 CEST | Iteration                     4
2021-04-16 09:29:41.914864 CEST | AverageDiscountedReturn      57.5465
2021-04-16 09:29:41.915008 CEST | AverageReturn                59.6159
2021-04-16 09:29:41.915154 CEST | ExplainedVariance             0.192755
2021-04-16 09:29:41.915298 CEST | NumTrajs                     58
2021-04-16 09:29:41.915440 CEST | Entropy                       1.41894
2021-04-16 09:29:41.915585 CEST | Perplexity                    4.13273
2021-04-16 09:29:41.915727 CEST | StdReturn                    35.8924
2021-04-16 09:29:41.915871 CEST | MaxReturn                   139.973
2021-04-16 09:29:41.916014 CEST | MinReturn                     9.9835
2021-04-16 09:29:41.916186 CEST | AveragePolicyStd              1
2021-04-16 09:29:41.916327 CEST | AveragePolicyStd              1
2021-04-16 09:29:41.916470 CEST | AveragePolicyStd              1
2021-04-16 09:29:41.916614 CEST | AveragePolicyStd              1
2021-04-16 09:29:41.916757 CEST | AveragePolicyStd              1
2021-04-16 09:29:41.916900 CEST | TransfBits               204160
2021-04-16 09:29:41.917045 CEST | TotalAverageReturn           51.975
2021-04-16 09:29:41.917189 CEST | -----------------------  -------------
2021-04-16 09:29:42.662674 CEST | [test_diffparams_quant_2021_04_16_09_15_46_0017] itr #5 | fitting baseline...
2021-04-16 09:29:42.664362 CEST | [test_diffparams_quant_2021_04_16_09_15_46_0017] itr #5 | fitted
2021-04-16 09:29:42.674270 CEST | [test_diffparams_quant_2021_04_16_09_15_46_0017] itr #5 | fitting baseline...
2021-04-16 09:29:42.675739 CEST | [test_diffparams_quant_2021_04_16_09_15_46_0017] itr #5 | fitted
2021-04-16 09:29:42.679540 CEST | [test_diffparams_quant_2021_04_16_09_15_46_0017] itr #5 | fitting baseline...
2021-04-16 09:29:42.681153 CEST | [test_diffparams_quant_2021_04_16_09_15_46_0017] itr #5 | fitted
2021-04-16 09:29:42.685050 CEST | [test_diffparams_quant_2021_04_16_09_15_46_0017] itr #5 | fitting baseline...
2021-04-16 09:29:42.686529 CEST | [test_diffparams_quant_2021_04_16_09_15_46_0017] itr #5 | fitted
2021-04-16 09:29:42.690511 CEST | [test_diffparams_quant_2021_04_16_09_15_46_0017] itr #5 | fitting baseline...
2021-04-16 09:29:42.692022 CEST | [test_diffparams_quant_2021_04_16_09_15_46_0017] itr #5 | fitted
2021-04-16 09:29:42.782281 CEST | [test_diffparams_quant_2021_04_16_09_15_46_0017] itr #5 | saving snapshot...
2021-04-16 09:29:42.787077 CEST | [test_diffparams_quant_2021_04_16_09_15_46_0017] itr #5 | saved
2021-04-16 09:29:42.789364 CEST | -----------------------  -------------
2021-04-16 09:29:42.789512 CEST | Iteration                     5
2021-04-16 09:29:42.789650 CEST | AverageDiscountedReturn      47.2407
2021-04-16 09:29:42.789779 CEST | AverageReturn                48.7898
2021-04-16 09:29:42.789977 CEST | ExplainedVariance             0.228328
2021-04-16 09:29:42.790195 CEST | NumTrajs                     68
2021-04-16 09:29:42.790319 CEST | Entropy                       1.41894
2021-04-16 09:29:42.790441 CEST | Perplexity                    4.13273
2021-04-16 09:29:42.790562 CEST | StdReturn                    35.9001
2021-04-16 09:29:42.790683 CEST | MaxReturn                   149.928
2021-04-16 09:29:42.790806 CEST | MinReturn                     9.98153
2021-04-16 09:29:42.790931 CEST | Iteration                     5
2021-04-16 09:29:42.791049 CEST | AverageDiscountedReturn      57.3874
2021-04-16 09:29:42.791168 CEST | AverageReturn                60.1371
2021-04-16 09:29:42.791289 CEST | ExplainedVariance             0.132419
2021-04-16 09:29:42.791408 CEST | NumTrajs                     58
2021-04-16 09:29:42.791527 CEST | Entropy                       1.41894
2021-04-16 09:29:42.791646 CEST | Perplexity                    4.13273
2021-04-16 09:29:42.791766 CEST | StdReturn                    51.9908
2021-04-16 09:29:42.791884 CEST | MaxReturn                   199.85
2021-04-16 09:29:42.792003 CEST | MinReturn                     0
2021-04-16 09:29:42.792192 CEST | Iteration                     5
2021-04-16 09:29:42.792342 CEST | AverageDiscountedReturn      52.7864
2021-04-16 09:29:42.792467 CEST | AverageReturn                54.8052
2021-04-16 09:29:42.792586 CEST | ExplainedVariance             0.195716
2021-04-16 09:29:42.792705 CEST | NumTrajs                     62
2021-04-16 09:29:42.792824 CEST | Entropy                       1.41894
2021-04-16 09:29:42.792943 CEST | Perplexity                    4.13273
2021-04-16 09:29:42.793062 CEST | StdReturn                    41.4048
2021-04-16 09:29:42.793182 CEST | MaxReturn                   189.939
2021-04-16 09:29:42.793301 CEST | MinReturn                     0
2021-04-16 09:29:42.793419 CEST | Iteration                     5
2021-04-16 09:29:42.793537 CEST | AverageDiscountedReturn      58.4093
2021-04-16 09:29:42.793654 CEST | AverageReturn                61.0105
2021-04-16 09:29:42.793772 CEST | ExplainedVariance            -0.512581
2021-04-16 09:29:42.793890 CEST | NumTrajs                     57
2021-04-16 09:29:42.794007 CEST | Entropy                       1.41894
2021-04-16 09:29:42.794128 CEST | Perplexity                    4.13273
2021-04-16 09:29:42.794247 CEST | StdReturn                    48.1126
2021-04-16 09:29:42.794366 CEST | MaxReturn                   259.703
2021-04-16 09:29:42.794485 CEST | MinReturn                     9.98331
2021-04-16 09:29:42.794604 CEST | Iteration                     5
2021-04-16 09:29:42.794723 CEST | AverageDiscountedReturn      51.3099
2021-04-16 09:29:42.794843 CEST | AverageReturn                53.3987
2021-04-16 09:29:42.794964 CEST | ExplainedVariance            -0.519174
2021-04-16 09:29:42.795084 CEST | NumTrajs                     64
2021-04-16 09:29:42.795202 CEST | Entropy                       1.41894
2021-04-16 09:29:42.795322 CEST | Perplexity                    4.13273
2021-04-16 09:29:42.795442 CEST | StdReturn                    45.0489
2021-04-16 09:29:42.795562 CEST | MaxReturn                   269.794
2021-04-16 09:29:42.795681 CEST | MinReturn                     0
2021-04-16 09:29:42.795801 CEST | AveragePolicyStd              1
2021-04-16 09:29:42.795920 CEST | AveragePolicyStd              1
2021-04-16 09:29:42.796040 CEST | AveragePolicyStd              1
2021-04-16 09:29:42.796208 CEST | AveragePolicyStd              1
2021-04-16 09:29:42.796329 CEST | AveragePolicyStd              1
2021-04-16 09:29:42.796450 CEST | TransfBits               255200
2021-04-16 09:29:42.796568 CEST | TotalAverageReturn           53.161
2021-04-16 09:29:42.796688 CEST | -----------------------  -------------
2021-04-16 09:29:43.514518 CEST | [test_diffparams_quant_2021_04_16_09_15_46_0017] itr #6 | fitting baseline...
2021-04-16 09:29:43.516122 CEST | [test_diffparams_quant_2021_04_16_09_15_46_0017] itr #6 | fitted
2021-04-16 09:29:43.519766 CEST | [test_diffparams_quant_2021_04_16_09_15_46_0017] itr #6 | fitting baseline...
2021-04-16 09:29:43.521256 CEST | [test_diffparams_quant_2021_04_16_09_15_46_0017] itr #6 | fitted
2021-04-16 09:29:43.525094 CEST | [test_diffparams_quant_2021_04_16_09_15_46_0017] itr #6 | fitting baseline...
2021-04-16 09:29:43.526734 CEST | [test_diffparams_quant_2021_04_16_09_15_46_0017] itr #6 | fitted
2021-04-16 09:29:43.531735 CEST | [test_diffparams_quant_2021_04_16_09_15_46_0017] itr #6 | fitting baseline...
2021-04-16 09:29:43.533645 CEST | [test_diffparams_quant_2021_04_16_09_15_46_0017] itr #6 | fitted
2021-04-16 09:29:43.537599 CEST | [test_diffparams_quant_2021_04_16_09_15_46_0017] itr #6 | fitting baseline...
2021-04-16 09:29:43.539144 CEST | [test_diffparams_quant_2021_04_16_09_15_46_0017] itr #6 | fitted
2021-04-16 09:29:43.635933 CEST | [test_diffparams_quant_2021_04_16_09_15_46_0017] itr #6 | saving snapshot...
2021-04-16 09:29:43.642594 CEST | [test_diffparams_quant_2021_04_16_09_15_46_0017] itr #6 | saved
2021-04-16 09:29:43.647534 CEST | -----------------------  -------------
2021-04-16 09:29:43.647877 CEST | Iteration                     6
2021-04-16 09:29:43.648244 CEST | AverageDiscountedReturn      53.246
2021-04-16 09:29:43.648584 CEST | AverageReturn                55.4488
2021-04-16 09:29:43.648910 CEST | ExplainedVariance             0.177184
2021-04-16 09:29:43.649232 CEST | NumTrajs                     62
2021-04-16 09:29:43.649692 CEST | Entropy                       1.41894
2021-04-16 09:29:43.650119 CEST | Perplexity                    4.13273
2021-04-16 09:29:43.650517 CEST | StdReturn                    45.2329
2021-04-16 09:29:43.650921 CEST | MaxReturn                   209.936
2021-04-16 09:29:43.651347 CEST | MinReturn                     0
2021-04-16 09:29:43.651683 CEST | Iteration                     6
2021-04-16 09:29:43.652017 CEST | AverageDiscountedReturn      58.5672
2021-04-16 09:29:43.652359 CEST | AverageReturn                61.1696
2021-04-16 09:29:43.652634 CEST | ExplainedVariance             0.233151
2021-04-16 09:29:43.652928 CEST | NumTrajs                     58
2021-04-16 09:29:43.653220 CEST | Entropy                       1.41894
2021-04-16 09:29:43.653513 CEST | Perplexity                    4.13273
2021-04-16 09:29:43.653773 CEST | StdReturn                    47.6568
2021-04-16 09:29:43.654002 CEST | MaxReturn                   199.976
2021-04-16 09:29:43.654232 CEST | MinReturn                     0
2021-04-16 09:29:43.654460 CEST | Iteration                     6
2021-04-16 09:29:43.654697 CEST | AverageDiscountedReturn      63.5931
2021-04-16 09:29:43.654925 CEST | AverageReturn                66.5645
2021-04-16 09:29:43.655160 CEST | ExplainedVariance             0.118482
2021-04-16 09:29:43.655388 CEST | NumTrajs                     53
2021-04-16 09:29:43.655615 CEST | Entropy                       1.41894
2021-04-16 09:29:43.655843 CEST | Perplexity                    4.13273
2021-04-16 09:29:43.656089 CEST | StdReturn                    49.0435
2021-04-16 09:29:43.656321 CEST | MaxReturn                   209.896
2021-04-16 09:29:43.656552 CEST | MinReturn                     0
2021-04-16 09:29:43.656783 CEST | Iteration                     6
2021-04-16 09:29:43.657014 CEST | AverageDiscountedReturn      45.0792
2021-04-16 09:29:43.657244 CEST | AverageReturn                46.5881
2021-04-16 09:29:43.657479 CEST | ExplainedVariance             0.212809
2021-04-16 09:29:43.657710 CEST | NumTrajs                     71
2021-04-16 09:29:43.657956 CEST | Entropy                       1.41894
2021-04-16 09:29:43.658224 CEST | Perplexity                    4.13273
2021-04-16 09:29:43.658468 CEST | StdReturn                    37.4724
2021-04-16 09:29:43.658691 CEST | MaxReturn                   179.862
2021-04-16 09:29:43.658914 CEST | MinReturn                     0
2021-04-16 09:29:43.659138 CEST | Iteration                     6
2021-04-16 09:29:43.659368 CEST | AverageDiscountedReturn      59.35
2021-04-16 09:29:43.659588 CEST | AverageReturn                62.1057
2021-04-16 09:29:43.659811 CEST | ExplainedVariance             0.231682
2021-04-16 09:29:43.660028 CEST | NumTrajs                     56
2021-04-16 09:29:43.660267 CEST | Entropy                       1.41894
2021-04-16 09:29:43.660490 CEST | Perplexity                    4.13273
2021-04-16 09:29:43.660707 CEST | StdReturn                    49.9002
2021-04-16 09:29:43.660924 CEST | MaxReturn                   219.899
2021-04-16 09:29:43.661141 CEST | MinReturn                     0
2021-04-16 09:29:43.661362 CEST | AveragePolicyStd              1
2021-04-16 09:29:43.661584 CEST | AveragePolicyStd              1
2021-04-16 09:29:43.661805 CEST | AveragePolicyStd              1
2021-04-16 09:29:43.662029 CEST | AveragePolicyStd              1
2021-04-16 09:29:43.662254 CEST | AveragePolicyStd              1
2021-04-16 09:29:43.662472 CEST | TransfBits               306240
2021-04-16 09:29:43.662691 CEST | TotalAverageReturn           55.3093
2021-04-16 09:29:43.662909 CEST | -----------------------  -------------
2021-04-16 09:29:44.442646 CEST | [test_diffparams_quant_2021_04_16_09_15_46_0017] itr #7 | fitting baseline...
2021-04-16 09:29:44.444306 CEST | [test_diffparams_quant_2021_04_16_09_15_46_0017] itr #7 | fitted
2021-04-16 09:29:44.448345 CEST | [test_diffparams_quant_2021_04_16_09_15_46_0017] itr #7 | fitting baseline...
2021-04-16 09:29:44.449867 CEST | [test_diffparams_quant_2021_04_16_09_15_46_0017] itr #7 | fitted
2021-04-16 09:29:44.453992 CEST | [test_diffparams_quant_2021_04_16_09_15_46_0017] itr #7 | fitting baseline...
2021-04-16 09:29:44.455648 CEST | [test_diffparams_quant_2021_04_16_09_15_46_0017] itr #7 | fitted
2021-04-16 09:29:44.460195 CEST | [test_diffparams_quant_2021_04_16_09_15_46_0017] itr #7 | fitting baseline...
2021-04-16 09:29:44.462044 CEST | [test_diffparams_quant_2021_04_16_09_15_46_0017] itr #7 | fitted
2021-04-16 09:29:44.465992 CEST | [test_diffparams_quant_2021_04_16_09_15_46_0017] itr #7 | fitting baseline...
2021-04-16 09:29:44.467465 CEST | [test_diffparams_quant_2021_04_16_09_15_46_0017] itr #7 | fitted
2021-04-16 09:29:44.571821 CEST | [test_diffparams_quant_2021_04_16_09_15_46_0017] itr #7 | saving snapshot...
2021-04-16 09:29:44.577736 CEST | [test_diffparams_quant_2021_04_16_09_15_46_0017] itr #7 | saved
2021-04-16 09:29:44.581141 CEST | -----------------------  -------------
2021-04-16 09:29:44.581419 CEST | Iteration                     7
2021-04-16 09:29:44.581652 CEST | AverageDiscountedReturn      50.0187
2021-04-16 09:29:44.581903 CEST | AverageReturn                51.6577
2021-04-16 09:29:44.582071 CEST | ExplainedVariance             0.320219
2021-04-16 09:29:44.582255 CEST | NumTrajs                     65
2021-04-16 09:29:44.582514 CEST | Entropy                       1.41894
2021-04-16 09:29:44.582708 CEST | Perplexity                    4.13273
2021-04-16 09:29:44.582897 CEST | StdReturn                    34.699
