2021-04-15 09:40:26.016935 CEST | [test_partrates_diffparams_notquant_2021_04_15_09_33_36_0009] Populating workers...
2021-04-15 09:40:26.017163 CEST | [test_partrates_diffparams_notquant_2021_04_15_09_33_36_0009] Populated
2021-04-15 09:40:26.017284 CEST | [test_partrates_diffparams_notquant_2021_04_15_09_33_36_0009] Populating workers...
2021-04-15 09:40:26.017399 CEST | [test_partrates_diffparams_notquant_2021_04_15_09_33_36_0009] Populated
2021-04-15 09:40:26.017510 CEST | [test_partrates_diffparams_notquant_2021_04_15_09_33_36_0009] Populating workers...
2021-04-15 09:40:26.017620 CEST | [test_partrates_diffparams_notquant_2021_04_15_09_33_36_0009] Populated
2021-04-15 09:40:26.017725 CEST | [test_partrates_diffparams_notquant_2021_04_15_09_33_36_0009] Populating workers...
2021-04-15 09:40:26.017829 CEST | [test_partrates_diffparams_notquant_2021_04_15_09_33_36_0009] Populated
2021-04-15 09:40:26.017932 CEST | [test_partrates_diffparams_notquant_2021_04_15_09_33_36_0009] Populating workers...
2021-04-15 09:40:26.018033 CEST | [test_partrates_diffparams_notquant_2021_04_15_09_33_36_0009] Populated
2021-04-15 09:40:26.018134 CEST | [test_partrates_diffparams_notquant_2021_04_15_09_33_36_0009] Populating workers...
2021-04-15 09:40:26.018235 CEST | [test_partrates_diffparams_notquant_2021_04_15_09_33_36_0009] Populated
2021-04-15 09:40:26.018336 CEST | [test_partrates_diffparams_notquant_2021_04_15_09_33_36_0009] Populating workers...
2021-04-15 09:40:26.018437 CEST | [test_partrates_diffparams_notquant_2021_04_15_09_33_36_0009] Populated
2021-04-15 09:40:26.018538 CEST | [test_partrates_diffparams_notquant_2021_04_15_09_33_36_0009] Populating workers...
2021-04-15 09:40:26.018639 CEST | [test_partrates_diffparams_notquant_2021_04_15_09_33_36_0009] Populated
2021-04-15 09:40:26.018740 CEST | [test_partrates_diffparams_notquant_2021_04_15_09_33_36_0009] Populating workers...
2021-04-15 09:40:26.018841 CEST | [test_partrates_diffparams_notquant_2021_04_15_09_33_36_0009] Populated
2021-04-15 09:40:26.018941 CEST | [test_partrates_diffparams_notquant_2021_04_15_09_33_36_0009] Populating workers...
2021-04-15 09:40:26.019042 CEST | [test_partrates_diffparams_notquant_2021_04_15_09_33_36_0009] Populated
2021-04-15 09:40:30.433148 CEST | [test_partrates_diffparams_notquant_2021_04_15_09_33_36_0009] itr #0 | fitting baseline...
2021-04-15 09:40:30.456981 CEST | [test_partrates_diffparams_notquant_2021_04_15_09_33_36_0009] itr #0 | fitted
2021-04-15 09:40:30.470387 CEST | [test_partrates_diffparams_notquant_2021_04_15_09_33_36_0009] itr #0 | fitting baseline...
2021-04-15 09:40:30.472817 CEST | [test_partrates_diffparams_notquant_2021_04_15_09_33_36_0009] itr #0 | fitted
2021-04-15 09:40:30.477748 CEST | [test_partrates_diffparams_notquant_2021_04_15_09_33_36_0009] itr #0 | fitting baseline...
2021-04-15 09:40:30.479573 CEST | [test_partrates_diffparams_notquant_2021_04_15_09_33_36_0009] itr #0 | fitted
2021-04-15 09:40:30.484522 CEST | [test_partrates_diffparams_notquant_2021_04_15_09_33_36_0009] itr #0 | fitting baseline...
2021-04-15 09:40:30.486455 CEST | [test_partrates_diffparams_notquant_2021_04_15_09_33_36_0009] itr #0 | fitted
2021-04-15 09:40:30.490979 CEST | [test_partrates_diffparams_notquant_2021_04_15_09_33_36_0009] itr #0 | fitting baseline...
2021-04-15 09:40:30.492873 CEST | [test_partrates_diffparams_notquant_2021_04_15_09_33_36_0009] itr #0 | fitted
2021-04-15 09:40:30.497425 CEST | [test_partrates_diffparams_notquant_2021_04_15_09_33_36_0009] itr #0 | fitting baseline...
2021-04-15 09:40:30.499149 CEST | [test_partrates_diffparams_notquant_2021_04_15_09_33_36_0009] itr #0 | fitted
2021-04-15 09:40:30.503669 CEST | [test_partrates_diffparams_notquant_2021_04_15_09_33_36_0009] itr #0 | fitting baseline...
2021-04-15 09:40:30.505371 CEST | [test_partrates_diffparams_notquant_2021_04_15_09_33_36_0009] itr #0 | fitted
2021-04-15 09:40:30.509165 CEST | [test_partrates_diffparams_notquant_2021_04_15_09_33_36_0009] itr #0 | fitting baseline...
2021-04-15 09:40:30.510600 CEST | [test_partrates_diffparams_notquant_2021_04_15_09_33_36_0009] itr #0 | fitted
2021-04-15 09:40:30.514553 CEST | [test_partrates_diffparams_notquant_2021_04_15_09_33_36_0009] itr #0 | fitting baseline...
2021-04-15 09:40:30.516105 CEST | [test_partrates_diffparams_notquant_2021_04_15_09_33_36_0009] itr #0 | fitted
2021-04-15 09:40:30.519797 CEST | [test_partrates_diffparams_notquant_2021_04_15_09_33_36_0009] itr #0 | fitting baseline...
2021-04-15 09:40:30.521412 CEST | [test_partrates_diffparams_notquant_2021_04_15_09_33_36_0009] itr #0 | fitted
2021-04-15 09:40:35.200735 CEST | [test_partrates_diffparams_notquant_2021_04_15_09_33_36_0009] itr #1 | fitting baseline...
2021-04-15 09:40:35.202744 CEST | [test_partrates_diffparams_notquant_2021_04_15_09_33_36_0009] itr #1 | fitted
2021-04-15 09:40:35.206394 CEST | [test_partrates_diffparams_notquant_2021_04_15_09_33_36_0009] itr #1 | fitting baseline...
2021-04-15 09:40:35.207843 CEST | [test_partrates_diffparams_notquant_2021_04_15_09_33_36_0009] itr #1 | fitted
2021-04-15 09:40:35.212351 CEST | [test_partrates_diffparams_notquant_2021_04_15_09_33_36_0009] itr #1 | fitting baseline...
2021-04-15 09:40:35.214181 CEST | [test_partrates_diffparams_notquant_2021_04_15_09_33_36_0009] itr #1 | fitted
2021-04-15 09:40:35.218478 CEST | [test_partrates_diffparams_notquant_2021_04_15_09_33_36_0009] itr #1 | fitting baseline...
2021-04-15 09:40:35.220206 CEST | [test_partrates_diffparams_notquant_2021_04_15_09_33_36_0009] itr #1 | fitted
2021-04-15 09:40:35.223970 CEST | [test_partrates_diffparams_notquant_2021_04_15_09_33_36_0009] itr #1 | fitting baseline...
2021-04-15 09:40:35.225403 CEST | [test_partrates_diffparams_notquant_2021_04_15_09_33_36_0009] itr #1 | fitted
2021-04-15 09:40:35.229288 CEST | [test_partrates_diffparams_notquant_2021_04_15_09_33_36_0009] itr #1 | fitting baseline...
2021-04-15 09:40:35.231451 CEST | [test_partrates_diffparams_notquant_2021_04_15_09_33_36_0009] itr #1 | fitted
2021-04-15 09:40:35.236020 CEST | [test_partrates_diffparams_notquant_2021_04_15_09_33_36_0009] itr #1 | fitting baseline...
2021-04-15 09:40:35.237600 CEST | [test_partrates_diffparams_notquant_2021_04_15_09_33_36_0009] itr #1 | fitted
2021-04-15 09:40:35.241264 CEST | [test_partrates_diffparams_notquant_2021_04_15_09_33_36_0009] itr #1 | fitting baseline...
2021-04-15 09:40:35.242738 CEST | [test_partrates_diffparams_notquant_2021_04_15_09_33_36_0009] itr #1 | fitted
2021-04-15 09:40:35.246133 CEST | [test_partrates_diffparams_notquant_2021_04_15_09_33_36_0009] itr #1 | fitting baseline...
2021-04-15 09:40:35.247719 CEST | [test_partrates_diffparams_notquant_2021_04_15_09_33_36_0009] itr #1 | fitted
2021-04-15 09:40:35.251151 CEST | [test_partrates_diffparams_notquant_2021_04_15_09_33_36_0009] itr #1 | fitting baseline...
2021-04-15 09:40:35.252979 CEST | [test_partrates_diffparams_notquant_2021_04_15_09_33_36_0009] itr #1 | fitted
2021-04-15 09:40:35.290434 CEST | [test_partrates_diffparams_notquant_2021_04_15_09_33_36_0009] itr #1 | saving snapshot...
2021-04-15 09:40:35.297654 CEST | [test_partrates_diffparams_notquant_2021_04_15_09_33_36_0009] itr #1 | saved
2021-04-15 09:40:35.306382 CEST | -----------------------  ---------------
2021-04-15 09:40:35.306660 CEST | Iteration                    0
2021-04-15 09:40:35.306815 CEST | AverageDiscountedReturn     53.7
2021-04-15 09:40:35.306958 CEST | AverageReturn               55.5351
2021-04-15 09:40:35.307114 CEST | ExplainedVariance            1.06649e-11
2021-04-15 09:40:35.307257 CEST | NumTrajs                    61
2021-04-15 09:40:35.307397 CEST | Entropy                      1.41894
2021-04-15 09:40:35.307538 CEST | Perplexity                   4.13273
2021-04-15 09:40:35.307680 CEST | StdReturn                   35.1191
2021-04-15 09:40:35.307818 CEST | MaxReturn                  149.904
2021-04-15 09:40:35.307976 CEST | MinReturn                    0
2021-04-15 09:40:35.308116 CEST | Iteration                    0
2021-04-15 09:40:35.308255 CEST | AverageDiscountedReturn     46.2914
2021-04-15 09:40:35.308394 CEST | AverageReturn               47.7427
2021-04-15 09:40:35.308535 CEST | ExplainedVariance            0.148643
2021-04-15 09:40:35.308685 CEST | NumTrajs                    72
2021-04-15 09:40:35.308825 CEST | Entropy                      1.41894
2021-04-15 09:40:35.308960 CEST | Perplexity                   4.13273
2021-04-15 09:40:35.309100 CEST | StdReturn                   34.3904
2021-04-15 09:40:35.309250 CEST | MaxReturn                  199.887
2021-04-15 09:40:35.309389 CEST | MinReturn                    0
2021-04-15 09:40:35.309527 CEST | Iteration                    0
2021-04-15 09:40:35.309664 CEST | AverageDiscountedReturn     52.5389
2021-04-15 09:40:35.309802 CEST | AverageReturn               54.6405
2021-04-15 09:40:35.309940 CEST | ExplainedVariance            0.167432
2021-04-15 09:40:35.310079 CEST | NumTrajs                    62
2021-04-15 09:40:35.310217 CEST | Entropy                      1.41894
2021-04-15 09:40:35.310362 CEST | Perplexity                   4.13273
2021-04-15 09:40:35.310500 CEST | StdReturn                   43.9275
2021-04-15 09:40:35.310640 CEST | MaxReturn                  239.837
2021-04-15 09:40:35.310780 CEST | MinReturn                    0
2021-04-15 09:40:35.310919 CEST | Iteration                    0
2021-04-15 09:40:35.311059 CEST | AverageDiscountedReturn     46.8472
2021-04-15 09:40:35.311197 CEST | AverageReturn               48.2288
2021-04-15 09:40:35.311342 CEST | ExplainedVariance            0.165255
2021-04-15 09:40:35.311485 CEST | NumTrajs                    69
2021-04-15 09:40:35.311628 CEST | Entropy                      1.41894
2021-04-15 09:40:35.311770 CEST | Perplexity                   4.13273
2021-04-15 09:40:35.311921 CEST | StdReturn                   31.4674
2021-04-15 09:40:35.312063 CEST | MaxReturn                  199.866
2021-04-15 09:40:35.312203 CEST | MinReturn                    9.98543
2021-04-15 09:40:35.312343 CEST | Iteration                    0
2021-04-15 09:40:35.312482 CEST | AverageDiscountedReturn     55.9772
2021-04-15 09:40:35.312628 CEST | AverageReturn               57.9274
2021-04-15 09:40:35.312826 CEST | ExplainedVariance            0.256822
2021-04-15 09:40:35.313081 CEST | NumTrajs                    59
2021-04-15 09:40:35.313219 CEST | Entropy                      1.41894
2021-04-15 09:40:35.313347 CEST | Perplexity                   4.13273
2021-04-15 09:40:35.313474 CEST | StdReturn                   35.1004
2021-04-15 09:40:35.313602 CEST | MaxReturn                  149.941
2021-04-15 09:40:35.313784 CEST | MinReturn                    9.98565
2021-04-15 09:40:35.313945 CEST | Iteration                    0
2021-04-15 09:40:35.314122 CEST | AverageDiscountedReturn     47.1391
2021-04-15 09:40:35.314274 CEST | AverageReturn               48.5192
2021-04-15 09:40:35.314451 CEST | ExplainedVariance            0.227455
2021-04-15 09:40:35.314606 CEST | NumTrajs                    69
2021-04-15 09:40:35.314810 CEST | Entropy                      1.41894
2021-04-15 09:40:35.314960 CEST | Perplexity                   4.13273
2021-04-15 09:40:35.315148 CEST | StdReturn                   30.9241
2021-04-15 09:40:35.315332 CEST | MaxReturn                  159.839
2021-04-15 09:40:35.315512 CEST | MinReturn                    9.98309
2021-04-15 09:40:35.315705 CEST | Iteration                    0
2021-04-15 09:40:35.315899 CEST | AverageDiscountedReturn     46.5511
2021-04-15 09:40:35.316134 CEST | AverageReturn               47.9679
2021-04-15 09:40:35.316334 CEST | ExplainedVariance            0.198241
2021-04-15 09:40:35.316519 CEST | NumTrajs                    70
2021-04-15 09:40:35.316735 CEST | Entropy                      1.41894
2021-04-15 09:40:35.316924 CEST | Perplexity                   4.13273
2021-04-15 09:40:35.317126 CEST | StdReturn                   32.9187
2021-04-15 09:40:35.317295 CEST | MaxReturn                  159.942
2021-04-15 09:40:35.317424 CEST | MinReturn                    9.9792
2021-04-15 09:40:35.317552 CEST | Iteration                    0
2021-04-15 09:40:35.317679 CEST | AverageDiscountedReturn     52.9486
2021-04-15 09:40:35.317805 CEST | AverageReturn               54.8043
2021-04-15 09:40:35.317977 CEST | ExplainedVariance            0.319436
2021-04-15 09:40:35.318106 CEST | NumTrajs                    62
2021-04-15 09:40:35.318231 CEST | Entropy                      1.41894
2021-04-15 09:40:35.318356 CEST | Perplexity                   4.13273
2021-04-15 09:40:35.318482 CEST | StdReturn                   36.8754
2021-04-15 09:40:35.318603 CEST | MaxReturn                  169.967
2021-04-15 09:40:35.318727 CEST | MinReturn                    9.97998
2021-04-15 09:40:35.318867 CEST | Iteration                    0
2021-04-15 09:40:35.318992 CEST | AverageDiscountedReturn     46.7212
2021-04-15 09:40:35.319120 CEST | AverageReturn               48.6661
2021-04-15 09:40:35.319245 CEST | ExplainedVariance            0.167121
2021-04-15 09:40:35.319371 CEST | NumTrajs                    69
2021-04-15 09:40:35.319498 CEST | Entropy                      1.41894
2021-04-15 09:40:35.319623 CEST | Perplexity                   4.13273
2021-04-15 09:40:35.319750 CEST | StdReturn                   46.5122
2021-04-15 09:40:35.319875 CEST | MaxReturn                  229.905
2021-04-15 09:40:35.320033 CEST | MinReturn                    0
2021-04-15 09:40:35.320159 CEST | Iteration                    0
2021-04-15 09:40:35.320285 CEST | AverageDiscountedReturn     55.7406
2021-04-15 09:40:35.320411 CEST | AverageReturn               58.1005
2021-04-15 09:40:35.320539 CEST | ExplainedVariance            0.0571482
2021-04-15 09:40:35.320666 CEST | NumTrajs                    59
2021-04-15 09:40:35.320795 CEST | Entropy                      1.41894
2021-04-15 09:40:35.320925 CEST | Perplexity                   4.13273
2021-04-15 09:40:35.321059 CEST | StdReturn                   45.8476
2021-04-15 09:40:35.321185 CEST | MaxReturn                  219.95
2021-04-15 09:40:35.321313 CEST | MinReturn                    9.97978
2021-04-15 09:40:35.321441 CEST | AveragePolicyStd             1
2021-04-15 09:40:35.321567 CEST | AveragePolicyStd             1
2021-04-15 09:40:35.321693 CEST | AveragePolicyStd             1
2021-04-15 09:40:35.321821 CEST | AveragePolicyStd             1
2021-04-15 09:40:35.321947 CEST | AveragePolicyStd             1
2021-04-15 09:40:35.322075 CEST | AveragePolicyStd             1
2021-04-15 09:40:35.322201 CEST | AveragePolicyStd             1
2021-04-15 09:40:35.322327 CEST | AveragePolicyStd             1
2021-04-15 09:40:35.322452 CEST | AveragePolicyStd             1
2021-04-15 09:40:35.322578 CEST | AveragePolicyStd             1
2021-04-15 09:40:35.322704 CEST | Iteration                    1
2021-04-15 09:40:35.322829 CEST | AverageDiscountedReturn     65.4305
2021-04-15 09:40:35.322955 CEST | AverageReturn               68.5791
2021-04-15 09:40:35.323080 CEST | ExplainedVariance            0.300639
2021-04-15 09:40:35.323207 CEST | NumTrajs                    51
2021-04-15 09:40:35.323340 CEST | Entropy                      1.41044
2021-04-15 09:40:35.323466 CEST | Perplexity                   4.09776
2021-04-15 09:40:35.323593 CEST | StdReturn                   50.5121
2021-04-15 09:40:35.323719 CEST | MaxReturn                  259.935
2021-04-15 09:40:35.323845 CEST | MinReturn                    9.98901
2021-04-15 09:40:35.324008 CEST | Iteration                    1
2021-04-15 09:40:35.324135 CEST | AverageDiscountedReturn     75.4505
2021-04-15 09:40:35.324265 CEST | AverageReturn               79.9482
2021-04-15 09:40:35.324395 CEST | ExplainedVariance            0.170328
2021-04-15 09:40:35.324535 CEST | NumTrajs                    46
2021-04-15 09:40:35.324665 CEST | Entropy                      1.41044
2021-04-15 09:40:35.324791 CEST | Perplexity                   4.09776
2021-04-15 09:40:35.324920 CEST | StdReturn                   62.2494
2021-04-15 09:40:35.325047 CEST | MaxReturn                  319.837
2021-04-15 09:40:35.325174 CEST | MinReturn                    0
2021-04-15 09:40:35.325305 CEST | Iteration                    1
2021-04-15 09:40:35.325431 CEST | AverageDiscountedReturn     72.24
2021-04-15 09:40:35.325558 CEST | AverageReturn               76.2807
2021-04-15 09:40:35.325691 CEST | ExplainedVariance            0.191974
2021-04-15 09:40:35.325821 CEST | NumTrajs                    49
2021-04-15 09:40:35.325948 CEST | Entropy                      1.41044
2021-04-15 09:40:35.326117 CEST | Perplexity                   4.09776
2021-04-15 09:40:35.326319 CEST | StdReturn                   58.4877
2021-04-15 09:40:35.326446 CEST | MaxReturn                  269.892
2021-04-15 09:40:35.326574 CEST | MinReturn                    9.98087
2021-04-15 09:40:35.326703 CEST | Iteration                    1
2021-04-15 09:40:35.326829 CEST | AverageDiscountedReturn     78.5684
2021-04-15 09:40:35.326956 CEST | AverageReturn               82.9698
2021-04-15 09:40:35.327085 CEST | ExplainedVariance            0.281397
2021-04-15 09:40:35.327213 CEST | NumTrajs                    43
2021-04-15 09:40:35.327338 CEST | Entropy                      1.41044
2021-04-15 09:40:35.327465 CEST | Perplexity                   4.09776
2021-04-15 09:40:35.327591 CEST | StdReturn                   55.8219
2021-04-15 09:40:35.327719 CEST | MaxReturn                  219.943
2021-04-15 09:40:35.327858 CEST | MinReturn                    0
2021-04-15 09:40:35.328004 CEST | Iteration                    1
2021-04-15 09:40:35.328132 CEST | AverageDiscountedReturn     70.3005
2021-04-15 09:40:35.328261 CEST | AverageReturn               73.7012
2021-04-15 09:40:35.328390 CEST | ExplainedVariance            0.271428
2021-04-15 09:40:35.328551 CEST | NumTrajs                    48
2021-04-15 09:40:35.328738 CEST | Entropy                      1.41044
2021-04-15 09:40:35.328940 CEST | Perplexity                   4.09776
2021-04-15 09:40:35.329147 CEST | StdReturn                   48.7
2021-04-15 09:40:35.329347 CEST | MaxReturn                  219.903
2021-04-15 09:40:35.329583 CEST | MinReturn                    9.98038
2021-04-15 09:40:35.329832 CEST | Iteration                    1
2021-04-15 09:40:35.330048 CEST | AverageDiscountedReturn     63.242
2021-04-15 09:40:35.330251 CEST | AverageReturn               66.8784
2021-04-15 09:40:35.330487 CEST | ExplainedVariance            0.182696
2021-04-15 09:40:35.330709 CEST | NumTrajs                    52
2021-04-15 09:40:35.330925 CEST | Entropy                      1.41044
2021-04-15 09:40:35.331136 CEST | Perplexity                   4.09776
2021-04-15 09:40:35.331349 CEST | StdReturn                   62.0407
2021-04-15 09:40:35.331575 CEST | MaxReturn                  279.863
2021-04-15 09:40:35.331811 CEST | MinReturn                    0
2021-04-15 09:40:35.332077 CEST | Iteration                    1
2021-04-15 09:40:35.332334 CEST | AverageDiscountedReturn     73.0689
2021-04-15 09:40:35.332583 CEST | AverageReturn               77.9964
2021-04-15 09:40:35.332805 CEST | ExplainedVariance           -0.339224
2021-04-15 09:40:35.333016 CEST | NumTrajs                    46
2021-04-15 09:40:35.333236 CEST | Entropy                      1.41044
2021-04-15 09:40:35.333444 CEST | Perplexity                   4.09776
2021-04-15 09:40:35.333674 CEST | StdReturn                   72.8569
2021-04-15 09:40:35.333947 CEST | MaxReturn                  439.872
2021-04-15 09:40:35.334207 CEST | MinReturn                    0
2021-04-15 09:40:35.334454 CEST | Iteration                    1
2021-04-15 09:40:35.334671 CEST | AverageDiscountedReturn     93.306
2021-04-15 09:40:35.334810 CEST | AverageReturn              100.479
2021-04-15 09:40:35.334940 CEST | ExplainedVariance            0.0774747
2021-04-15 09:40:35.335066 CEST | NumTrajs                    37
2021-04-15 09:40:35.335227 CEST | Entropy                      1.41044
2021-04-15 09:40:35.335448 CEST | Perplexity                   4.09776
2021-04-15 09:40:35.335590 CEST | StdReturn                   79.053
2021-04-15 09:40:35.335775 CEST | MaxReturn                  379.88
2021-04-15 09:40:35.335936 CEST | MinReturn                    9.98161
2021-04-15 09:40:35.336122 CEST | Iteration                    1
2021-04-15 09:40:35.336290 CEST | AverageDiscountedReturn     83.725
2021-04-15 09:40:35.336511 CEST | AverageReturn               91.4368
2021-04-15 09:40:35.336682 CEST | ExplainedVariance            0.08353
2021-04-15 09:40:35.336846 CEST | NumTrajs                    40
2021-04-15 09:40:35.337003 CEST | Entropy                      1.41044
2021-04-15 09:40:35.337166 CEST | Perplexity                   4.09776
2021-04-15 09:40:35.337331 CEST | StdReturn                   98.1446
2021-04-15 09:40:35.337497 CEST | MaxReturn                  559.653
2021-04-15 09:40:35.337655 CEST | MinReturn                    0
2021-04-15 09:40:35.337818 CEST | Iteration                    1
2021-04-15 09:40:35.337982 CEST | AverageDiscountedReturn    103.94
2021-04-15 09:40:35.338143 CEST | AverageReturn              116.003
2021-04-15 09:40:35.338308 CEST | ExplainedVariance           -0.142579
2021-04-15 09:40:35.338472 CEST | NumTrajs                    33
2021-04-15 09:40:35.338647 CEST | Entropy                      1.41044
2021-04-15 09:40:35.338811 CEST | Perplexity                   4.09776
2021-04-15 09:40:35.338975 CEST | StdReturn                  120.899
2021-04-15 09:40:35.339136 CEST | MaxReturn                  519.893
2021-04-15 09:40:35.339302 CEST | MinReturn                    0
2021-04-15 09:40:35.339467 CEST | AveragePolicyStd             0.991537
2021-04-15 09:40:35.339628 CEST | AveragePolicyStd             0.991537
2021-04-15 09:40:35.339797 CEST | AveragePolicyStd             0.991537
2021-04-15 09:40:35.339979 CEST | AveragePolicyStd             0.991537
2021-04-15 09:40:35.340138 CEST | AveragePolicyStd             0.991537
2021-04-15 09:40:35.340302 CEST | AveragePolicyStd             0.991537
2021-04-15 09:40:35.340463 CEST | AveragePolicyStd             0.991537
2021-04-15 09:40:35.340627 CEST | AveragePolicyStd             0.991537
2021-04-15 09:40:35.340793 CEST | AveragePolicyStd             0.991537
2021-04-15 09:40:35.340957 CEST | AveragePolicyStd             0.991537
2021-04-15 09:40:35.341122 CEST | TransfBits               70672
2021-04-15 09:40:35.341288 CEST | TotalAverageReturn          76.3627
2021-04-15 09:40:35.341558 CEST | -----------------------  ---------------
2021-04-15 09:40:36.732603 CEST | [test_partrates_diffparams_notquant_2021_04_15_09_33_36_0009] itr #2 | fitting baseline...
2021-04-15 09:40:36.733737 CEST | [test_partrates_diffparams_notquant_2021_04_15_09_33_36_0009] itr #2 | fitted
2021-04-15 09:40:36.736400 CEST | [test_partrates_diffparams_notquant_2021_04_15_09_33_36_0009] itr #2 | fitting baseline...
2021-04-15 09:40:36.737605 CEST | [test_partrates_diffparams_notquant_2021_04_15_09_33_36_0009] itr #2 | fitted
2021-04-15 09:40:36.740334 CEST | [test_partrates_diffparams_notquant_2021_04_15_09_33_36_0009] itr #2 | fitting baseline...
2021-04-15 09:40:36.741524 CEST | [test_partrates_diffparams_notquant_2021_04_15_09_33_36_0009] itr #2 | fitted
2021-04-15 09:40:36.744008 CEST | [test_partrates_diffparams_notquant_2021_04_15_09_33_36_0009] itr #2 | fitting baseline...
2021-04-15 09:40:36.745036 CEST | [test_partrates_diffparams_notquant_2021_04_15_09_33_36_0009] itr #2 | fitted
2021-04-15 09:40:36.747549 CEST | [test_partrates_diffparams_notquant_2021_04_15_09_33_36_0009] itr #2 | fitting baseline...
2021-04-15 09:40:36.748648 CEST | [test_partrates_diffparams_notquant_2021_04_15_09_33_36_0009] itr #2 | fitted
2021-04-15 09:40:36.751117 CEST | [test_partrates_diffparams_notquant_2021_04_15_09_33_36_0009] itr #2 | fitting baseline...
2021-04-15 09:40:36.752157 CEST | [test_partrates_diffparams_notquant_2021_04_15_09_33_36_0009] itr #2 | fitted
2021-04-15 09:40:36.754807 CEST | [test_partrates_diffparams_notquant_2021_04_15_09_33_36_0009] itr #2 | fitting baseline...
2021-04-15 09:40:36.755863 CEST | [test_partrates_diffparams_notquant_2021_04_15_09_33_36_0009] itr #2 | fitted
2021-04-15 09:40:36.758592 CEST | [test_partrates_diffparams_notquant_2021_04_15_09_33_36_0009] itr #2 | fitting baseline...
2021-04-15 09:40:36.759673 CEST | [test_partrates_diffparams_notquant_2021_04_15_09_33_36_0009] itr #2 | fitted
2021-04-15 09:40:36.762198 CEST | [test_partrates_diffparams_notquant_2021_04_15_09_33_36_0009] itr #2 | fitting baseline...
2021-04-15 09:40:36.763251 CEST | [test_partrates_diffparams_notquant_2021_04_15_09_33_36_0009] itr #2 | fitted
2021-04-15 09:40:36.765914 CEST | [test_partrates_diffparams_notquant_2021_04_15_09_33_36_0009] itr #2 | fitting baseline...
2021-04-15 09:40:36.766979 CEST | [test_partrates_diffparams_notquant_2021_04_15_09_33_36_0009] itr #2 | fitted
2021-04-15 09:40:36.797099 CEST | [test_partrates_diffparams_notquant_2021_04_15_09_33_36_0009] itr #2 | saving snapshot...
2021-04-15 09:40:36.803742 CEST | [test_partrates_diffparams_notquant_2021_04_15_09_33_36_0009] itr #2 | saved
2021-04-15 09:40:36.808209 CEST | -----------------------  --------------
2021-04-15 09:40:36.808401 CEST | Iteration                     2
2021-04-15 09:40:36.808540 CEST | AverageDiscountedReturn      90.9191
2021-04-15 09:40:36.808674 CEST | AverageReturn                98.5798
2021-04-15 09:40:36.808805 CEST | ExplainedVariance            -0.0520503
2021-04-15 09:40:36.808938 CEST | NumTrajs                     37
2021-04-15 09:40:36.809069 CEST | Entropy                       1.40208
2021-04-15 09:40:36.809201 CEST | Perplexity                    4.06363
2021-04-15 09:40:36.809329 CEST | StdReturn                    87.5727
2021-04-15 09:40:36.809459 CEST | MaxReturn                   309.794
2021-04-15 09:40:36.809589 CEST | MinReturn                     0
2021-04-15 09:40:36.809717 CEST | Iteration                     2
2021-04-15 09:40:36.809845 CEST | AverageDiscountedReturn      87.6545
2021-04-15 09:40:36.809973 CEST | AverageReturn                93.0138
2021-04-15 09:40:36.810102 CEST | ExplainedVariance             0.367755
2021-04-15 09:40:36.810230 CEST | NumTrajs                     39
2021-04-15 09:40:36.810358 CEST | Entropy                       1.40208
2021-04-15 09:40:36.810486 CEST | Perplexity                    4.06363
2021-04-15 09:40:36.810614 CEST | StdReturn                    58.8176
2021-04-15 09:40:36.810743 CEST | MaxReturn                   199.92
2021-04-15 09:40:36.810893 CEST | MinReturn                     9.98052
2021-04-15 09:40:36.811021 CEST | Iteration                     2
2021-04-15 09:40:36.811150 CEST | AverageDiscountedReturn      88.3729
2021-04-15 09:40:36.811279 CEST | AverageReturn                95.9842
2021-04-15 09:40:36.811408 CEST | ExplainedVariance            -0.246175
2021-04-15 09:40:36.811537 CEST | NumTrajs                     38
2021-04-15 09:40:36.811663 CEST | Entropy                       1.40208
2021-04-15 09:40:36.811790 CEST | Perplexity                    4.06363
2021-04-15 09:40:36.811939 CEST | StdReturn                    91.4564
2021-04-15 09:40:36.812070 CEST | MaxReturn                   489.775
2021-04-15 09:40:36.812198 CEST | MinReturn                     9.98246
2021-04-15 09:40:36.812326 CEST | Iteration                     2
2021-04-15 09:40:36.812452 CEST | AverageDiscountedReturn     101.954
2021-04-15 09:40:36.812578 CEST | AverageReturn               111.135
2021-04-15 09:40:36.812706 CEST | ExplainedVariance             0.142897
2021-04-15 09:40:36.812834 CEST | NumTrajs                     33
2021-04-15 09:40:36.812969 CEST | Entropy                       1.40208
2021-04-15 09:40:36.813098 CEST | Perplexity                    4.06363
2021-04-15 09:40:36.813227 CEST | StdReturn                    93.5319
2021-04-15 09:40:36.813356 CEST | MaxReturn                   469.756
2021-04-15 09:40:36.813485 CEST | MinReturn                     9.98135
2021-04-15 09:40:36.813613 CEST | Iteration                     2
2021-04-15 09:40:36.813742 CEST | AverageDiscountedReturn      95.0008
2021-04-15 09:40:36.813871 CEST | AverageReturn               102.143
2021-04-15 09:40:36.813999 CEST | ExplainedVariance            -0.0175716
2021-04-15 09:40:36.814129 CEST | NumTrajs                     36
2021-04-15 09:40:36.814256 CEST | Entropy                       1.40208
2021-04-15 09:40:36.814384 CEST | Perplexity                    4.06363
2021-04-15 09:40:36.814513 CEST | StdReturn                    76.3468
2021-04-15 09:40:36.814654 CEST | MaxReturn                   379.856
2021-04-15 09:40:36.814784 CEST | MinReturn                     0
2021-04-15 09:40:36.814915 CEST | Iteration                     2
2021-04-15 09:40:36.815044 CEST | AverageDiscountedReturn     107.821
2021-04-15 09:40:36.815172 CEST | AverageReturn               116.484
2021-04-15 09:40:36.815300 CEST | ExplainedVariance             0.397604
2021-04-15 09:40:36.815428 CEST | NumTrajs                     32
2021-04-15 09:40:36.815558 CEST | Entropy                       1.40208
2021-04-15 09:40:36.815686 CEST | Perplexity                    4.06363
2021-04-15 09:40:36.815814 CEST | StdReturn                    77.2115
2021-04-15 09:40:36.815961 CEST | MaxReturn                   269.883
2021-04-15 09:40:36.816090 CEST | MinReturn                     9.98334
2021-04-15 09:40:36.816219 CEST | Iteration                     2
2021-04-15 09:40:36.816349 CEST | AverageDiscountedReturn      85.9503
2021-04-15 09:40:36.816477 CEST | AverageReturn                92.7584
2021-04-15 09:40:36.816604 CEST | ExplainedVariance            -0.131392
2021-04-15 09:40:36.816732 CEST | NumTrajs                     39
2021-04-15 09:40:36.816861 CEST | Entropy                       1.40208
2021-04-15 09:40:36.816989 CEST | Perplexity                    4.06363
2021-04-15 09:40:36.817117 CEST | StdReturn                    83.5731
2021-04-15 09:40:36.817246 CEST | MaxReturn                   429.864
2021-04-15 09:40:36.817375 CEST | MinReturn                     0
2021-04-15 09:40:36.817504 CEST | Iteration                     2
2021-04-15 09:40:36.817631 CEST | AverageDiscountedReturn      84.8633
2021-04-15 09:40:36.817759 CEST | AverageReturn                92.1864
2021-04-15 09:40:36.817887 CEST | ExplainedVariance             0.322576
2021-04-15 09:40:36.818015 CEST | NumTrajs                     40
2021-04-15 09:40:36.818143 CEST | Entropy                       1.40208
2021-04-15 09:40:36.818271 CEST | Perplexity                    4.06363
2021-04-15 09:40:36.818399 CEST | StdReturn                    90.9697
2021-04-15 09:40:36.818527 CEST | MaxReturn                   379.797
2021-04-15 09:40:36.818655 CEST | MinReturn                     0
2021-04-15 09:40:36.818784 CEST | Iteration                     2
2021-04-15 09:40:36.818915 CEST | AverageDiscountedReturn      97.8041
2021-04-15 09:40:36.819044 CEST | AverageReturn               104.373
2021-04-15 09:40:36.819174 CEST | ExplainedVariance             0.112763
2021-04-15 09:40:36.819303 CEST | NumTrajs                     36
2021-04-15 09:40:36.819432 CEST | Entropy                       1.40208
2021-04-15 09:40:36.819562 CEST | Perplexity                    4.06363
2021-04-15 09:40:36.819692 CEST | StdReturn                    62.6731
2021-04-15 09:40:36.819822 CEST | MaxReturn                   249.939
2021-04-15 09:40:36.819985 CEST | MinReturn                     9.98357
2021-04-15 09:40:36.820116 CEST | Iteration                     2
2021-04-15 09:40:36.820248 CEST | AverageDiscountedReturn      88.6107
2021-04-15 09:40:36.820379 CEST | AverageReturn                95.3176
2021-04-15 09:40:36.820509 CEST | ExplainedVariance             0.183279
2021-04-15 09:40:36.820638 CEST | NumTrajs                     39
2021-04-15 09:40:36.820768 CEST | Entropy                       1.40208
2021-04-15 09:40:36.820896 CEST | Perplexity                    4.06363
2021-04-15 09:40:36.821026 CEST | StdReturn                    78.5782
2021-04-15 09:40:36.821155 CEST | MaxReturn                   369.889
2021-04-15 09:40:36.821286 CEST | MinReturn                     9.98129
2021-04-15 09:40:36.821415 CEST | AveragePolicyStd              0.98328
2021-04-15 09:40:36.821546 CEST | AveragePolicyStd              0.98328
2021-04-15 09:40:36.821674 CEST | AveragePolicyStd              0.98328
2021-04-15 09:40:36.821804 CEST | AveragePolicyStd              0.98328
2021-04-15 09:40:36.821935 CEST | AveragePolicyStd              0.98328
2021-04-15 09:40:36.822064 CEST | AveragePolicyStd              0.98328
2021-04-15 09:40:36.822200 CEST | AveragePolicyStd              0.98328
2021-04-15 09:40:36.822333 CEST | AveragePolicyStd              0.98328
2021-04-15 09:40:36.822463 CEST | AveragePolicyStd              0.98328
2021-04-15 09:40:36.822592 CEST | AveragePolicyStd              0.98328
2021-04-15 09:40:36.822720 CEST | TransfBits               141344
2021-04-15 09:40:36.822849 CEST | TotalAverageReturn           92.4088
2021-04-15 09:40:36.822979 CEST | -----------------------  --------------
2021-04-15 09:40:38.342210 CEST | [test_partrates_diffparams_notquant_2021_04_15_09_33_36_0009] itr #3 | fitting baseline...
2021-04-15 09:40:38.343150 CEST | [test_partrates_diffparams_notquant_2021_04_15_09_33_36_0009] itr #3 | fitted
2021-04-15 09:40:38.345140 CEST | [test_partrates_diffparams_notquant_2021_04_15_09_33_36_0009] itr #3 | fitting baseline...
2021-04-15 09:40:38.345971 CEST | [test_partrates_diffparams_notquant_2021_04_15_09_33_36_0009] itr #3 | fitted
2021-04-15 09:40:38.348146 CEST | [test_partrates_diffparams_notquant_2021_04_15_09_33_36_0009] itr #3 | fitting baseline...
2021-04-15 09:40:38.349030 CEST | [test_partrates_diffparams_notquant_2021_04_15_09_33_36_0009] itr #3 | fitted
2021-04-15 09:40:38.350976 CEST | [test_partrates_diffparams_notquant_2021_04_15_09_33_36_0009] itr #3 | fitting baseline...
2021-04-15 09:40:38.351764 CEST | [test_partrates_diffparams_notquant_2021_04_15_09_33_36_0009] itr #3 | fitted
2021-04-15 09:40:38.357334 CEST | [test_partrates_diffparams_notquant_2021_04_15_09_33_36_0009] itr #3 | fitting baseline...
2021-04-15 09:40:38.359685 CEST | [test_partrates_diffparams_notquant_2021_04_15_09_33_36_0009] itr #3 | fitted
2021-04-15 09:40:38.366220 CEST | [test_partrates_diffparams_notquant_2021_04_15_09_33_36_0009] itr #3 | fitting baseline...
2021-04-15 09:40:38.367686 CEST | [test_partrates_diffparams_notquant_2021_04_15_09_33_36_0009] itr #3 | fitted
2021-04-15 09:40:38.370707 CEST | [test_partrates_diffparams_notquant_2021_04_15_09_33_36_0009] itr #3 | fitting baseline...
2021-04-15 09:40:38.371854 CEST | [test_partrates_diffparams_notquant_2021_04_15_09_33_36_0009] itr #3 | fitted
2021-04-15 09:40:38.374147 CEST | [test_partrates_diffparams_notquant_2021_04_15_09_33_36_0009] itr #3 | fitting baseline...
2021-04-15 09:40:38.375069 CEST | [test_partrates_diffparams_notquant_2021_04_15_09_33_36_0009] itr #3 | fitted
2021-04-15 09:40:38.377376 CEST | [test_partrates_diffparams_notquant_2021_04_15_09_33_36_0009] itr #3 | fitting baseline...
2021-04-15 09:40:38.378320 CEST | [test_partrates_diffparams_notquant_2021_04_15_09_33_36_0009] itr #3 | fitted
2021-04-15 09:40:38.380750 CEST | [test_partrates_diffparams_notquant_2021_04_15_09_33_36_0009] itr #3 | fitting baseline...
2021-04-15 09:40:38.381863 CEST | [test_partrates_diffparams_notquant_2021_04_15_09_33_36_0009] itr #3 | fitted
2021-04-15 09:40:38.412491 CEST | [test_partrates_diffparams_notquant_2021_04_15_09_33_36_0009] itr #3 | saving snapshot...
2021-04-15 09:40:38.418848 CEST | [test_partrates_diffparams_notquant_2021_04_15_09_33_36_0009] itr #3 | saved
2021-04-15 09:40:38.423319 CEST | -----------------------  -------------
2021-04-15 09:40:38.423488 CEST | Iteration                     3
2021-04-15 09:40:38.423636 CEST | AverageDiscountedReturn     125.157
2021-04-15 09:40:38.423780 CEST | AverageReturn               136.336
2021-04-15 09:40:38.423939 CEST | ExplainedVariance             0.465797
2021-04-15 09:40:38.424080 CEST | NumTrajs                     28
2021-04-15 09:40:38.424221 CEST | Entropy                       1.39295
2021-04-15 09:40:38.424360 CEST | Perplexity                    4.0267
2021-04-15 09:40:38.424498 CEST | StdReturn                    81.4008
2021-04-15 09:40:38.424636 CEST | MaxReturn                   299.909
2021-04-15 09:40:38.424774 CEST | MinReturn                     9.9843
2021-04-15 09:40:38.424912 CEST | Iteration                     3
2021-04-15 09:40:38.425049 CEST | AverageDiscountedReturn     137.739
2021-04-15 09:40:38.425188 CEST | AverageReturn               151.901
2021-04-15 09:40:38.425337 CEST | ExplainedVariance             0.234749
2021-04-15 09:40:38.425476 CEST | NumTrajs                     25
2021-04-15 09:40:38.425614 CEST | Entropy                       1.39295
2021-04-15 09:40:38.425751 CEST | Perplexity                    4.0267
2021-04-15 09:40:38.425888 CEST | StdReturn                    96.8185
2021-04-15 09:40:38.426049 CEST | MaxReturn                   479.873
2021-04-15 09:40:38.426187 CEST | MinReturn                    49.9153
2021-04-15 09:40:38.426366 CEST | Iteration                     3
2021-04-15 09:40:38.426560 CEST | AverageDiscountedReturn     119.188
2021-04-15 09:40:38.426716 CEST | AverageReturn               128.906
2021-04-15 09:40:38.426918 CEST | ExplainedVariance             0.511385
2021-04-15 09:40:38.427110 CEST | NumTrajs                     30
2021-04-15 09:40:38.427316 CEST | Entropy                       1.39295
2021-04-15 09:40:38.427472 CEST | Perplexity                    4.0267
2021-04-15 09:40:38.427627 CEST | StdReturn                    73.4011
2021-04-15 09:40:38.427782 CEST | MaxReturn                   339.901
2021-04-15 09:40:38.427970 CEST | MinReturn                    29.942
2021-04-15 09:40:38.428132 CEST | Iteration                     3
2021-04-15 09:40:38.428281 CEST | AverageDiscountedReturn     128.999
2021-04-15 09:40:38.428437 CEST | AverageReturn               145.298
2021-04-15 09:40:38.428593 CEST | ExplainedVariance             0.257905
2021-04-15 09:40:38.428757 CEST | NumTrajs                     26
2021-04-15 09:40:38.428909 CEST | Entropy                       1.39295
2021-04-15 09:40:38.429061 CEST | Perplexity                    4.0267
2021-04-15 09:40:38.429219 CEST | StdReturn                   130.664
2021-04-15 09:40:38.429410 CEST | MaxReturn                   619.852
2021-04-15 09:40:38.429627 CEST | MinReturn                    19.9663
2021-04-15 09:40:38.429849 CEST | Iteration                     3
2021-04-15 09:40:38.430066 CEST | AverageDiscountedReturn     110.294
2021-04-15 09:40:38.430282 CEST | AverageReturn               118.975
2021-04-15 09:40:38.430516 CEST | ExplainedVariance             0.24875
2021-04-15 09:40:38.430740 CEST | NumTrajs                     32
2021-04-15 09:40:38.430966 CEST | Entropy                       1.39295
2021-04-15 09:40:38.431143 CEST | Perplexity                    4.0267
2021-04-15 09:40:38.431347 CEST | StdReturn                    74.0316
2021-04-15 09:40:38.431521 CEST | MaxReturn                   299.87
2021-04-15 09:40:38.431697 CEST | MinReturn                    19.9615
2021-04-15 09:40:38.431882 CEST | Iteration                     3
2021-04-15 09:40:38.432081 CEST | AverageDiscountedReturn     104.724
2021-04-15 09:40:38.432271 CEST | AverageReturn               113.251
2021-04-15 09:40:38.432461 CEST | ExplainedVariance             0.350347
2021-04-15 09:40:38.432652 CEST | NumTrajs                     33
2021-04-15 09:40:38.432839 CEST | Entropy                       1.39295
2021-04-15 09:40:38.433021 CEST | Perplexity                    4.0267
