2021-04-09 10:41:19.032099 CEST | [multi_agent_per_av_returns_part_bits_rep_2021_04_09_10_16_24_0017] Populating workers...
2021-04-09 10:41:19.032381 CEST | [multi_agent_per_av_returns_part_bits_rep_2021_04_09_10_16_24_0017] Populated
2021-04-09 10:41:19.032506 CEST | [multi_agent_per_av_returns_part_bits_rep_2021_04_09_10_16_24_0017] Populating workers...
2021-04-09 10:41:19.032625 CEST | [multi_agent_per_av_returns_part_bits_rep_2021_04_09_10_16_24_0017] Populated
2021-04-09 10:41:19.032740 CEST | [multi_agent_per_av_returns_part_bits_rep_2021_04_09_10_16_24_0017] Populating workers...
2021-04-09 10:41:19.032850 CEST | [multi_agent_per_av_returns_part_bits_rep_2021_04_09_10_16_24_0017] Populated
2021-04-09 10:41:19.032964 CEST | [multi_agent_per_av_returns_part_bits_rep_2021_04_09_10_16_24_0017] Populating workers...
2021-04-09 10:41:19.033074 CEST | [multi_agent_per_av_returns_part_bits_rep_2021_04_09_10_16_24_0017] Populated
2021-04-09 10:41:19.033185 CEST | [multi_agent_per_av_returns_part_bits_rep_2021_04_09_10_16_24_0017] Populating workers...
2021-04-09 10:41:19.033294 CEST | [multi_agent_per_av_returns_part_bits_rep_2021_04_09_10_16_24_0017] Populated
2021-04-09 10:41:19.033402 CEST | [multi_agent_per_av_returns_part_bits_rep_2021_04_09_10_16_24_0017] Populating workers...
2021-04-09 10:41:19.033510 CEST | [multi_agent_per_av_returns_part_bits_rep_2021_04_09_10_16_24_0017] Populated
2021-04-09 10:41:19.033619 CEST | [multi_agent_per_av_returns_part_bits_rep_2021_04_09_10_16_24_0017] Populating workers...
2021-04-09 10:41:19.033727 CEST | [multi_agent_per_av_returns_part_bits_rep_2021_04_09_10_16_24_0017] Populated
2021-04-09 10:41:19.033839 CEST | [multi_agent_per_av_returns_part_bits_rep_2021_04_09_10_16_24_0017] Populating workers...
2021-04-09 10:41:19.033972 CEST | [multi_agent_per_av_returns_part_bits_rep_2021_04_09_10_16_24_0017] Populated
2021-04-09 10:41:19.034083 CEST | [multi_agent_per_av_returns_part_bits_rep_2021_04_09_10_16_24_0017] Populating workers...
2021-04-09 10:41:19.034193 CEST | [multi_agent_per_av_returns_part_bits_rep_2021_04_09_10_16_24_0017] Populated
2021-04-09 10:41:19.034303 CEST | [multi_agent_per_av_returns_part_bits_rep_2021_04_09_10_16_24_0017] Populating workers...
2021-04-09 10:41:19.034412 CEST | [multi_agent_per_av_returns_part_bits_rep_2021_04_09_10_16_24_0017] Populated
2021-04-09 10:41:23.657288 CEST | [multi_agent_per_av_returns_part_bits_rep_2021_04_09_10_16_24_0017] itr #0 | fitting baseline...
2021-04-09 10:41:23.679162 CEST | [multi_agent_per_av_returns_part_bits_rep_2021_04_09_10_16_24_0017] itr #0 | fitted
2021-04-09 10:41:23.689454 CEST | [multi_agent_per_av_returns_part_bits_rep_2021_04_09_10_16_24_0017] itr #0 | fitting baseline...
2021-04-09 10:41:23.691855 CEST | [multi_agent_per_av_returns_part_bits_rep_2021_04_09_10_16_24_0017] itr #0 | fitted
2021-04-09 10:41:23.697287 CEST | [multi_agent_per_av_returns_part_bits_rep_2021_04_09_10_16_24_0017] itr #0 | fitting baseline...
2021-04-09 10:41:23.699500 CEST | [multi_agent_per_av_returns_part_bits_rep_2021_04_09_10_16_24_0017] itr #0 | fitted
2021-04-09 10:41:23.704571 CEST | [multi_agent_per_av_returns_part_bits_rep_2021_04_09_10_16_24_0017] itr #0 | fitting baseline...
2021-04-09 10:41:23.706641 CEST | [multi_agent_per_av_returns_part_bits_rep_2021_04_09_10_16_24_0017] itr #0 | fitted
2021-04-09 10:41:23.711548 CEST | [multi_agent_per_av_returns_part_bits_rep_2021_04_09_10_16_24_0017] itr #0 | fitting baseline...
2021-04-09 10:41:23.713331 CEST | [multi_agent_per_av_returns_part_bits_rep_2021_04_09_10_16_24_0017] itr #0 | fitted
2021-04-09 10:41:23.717539 CEST | [multi_agent_per_av_returns_part_bits_rep_2021_04_09_10_16_24_0017] itr #0 | fitting baseline...
2021-04-09 10:41:23.719377 CEST | [multi_agent_per_av_returns_part_bits_rep_2021_04_09_10_16_24_0017] itr #0 | fitted
2021-04-09 10:41:23.723506 CEST | [multi_agent_per_av_returns_part_bits_rep_2021_04_09_10_16_24_0017] itr #0 | fitting baseline...
2021-04-09 10:41:23.725128 CEST | [multi_agent_per_av_returns_part_bits_rep_2021_04_09_10_16_24_0017] itr #0 | fitted
2021-04-09 10:41:23.729518 CEST | [multi_agent_per_av_returns_part_bits_rep_2021_04_09_10_16_24_0017] itr #0 | fitting baseline...
2021-04-09 10:41:23.731236 CEST | [multi_agent_per_av_returns_part_bits_rep_2021_04_09_10_16_24_0017] itr #0 | fitted
2021-04-09 10:41:23.734363 CEST | [multi_agent_per_av_returns_part_bits_rep_2021_04_09_10_16_24_0017] itr #0 | fitting baseline...
2021-04-09 10:41:23.735624 CEST | [multi_agent_per_av_returns_part_bits_rep_2021_04_09_10_16_24_0017] itr #0 | fitted
2021-04-09 10:41:23.739155 CEST | [multi_agent_per_av_returns_part_bits_rep_2021_04_09_10_16_24_0017] itr #0 | fitting baseline...
2021-04-09 10:41:23.740538 CEST | [multi_agent_per_av_returns_part_bits_rep_2021_04_09_10_16_24_0017] itr #0 | fitted
2021-04-09 10:41:28.487233 CEST | [multi_agent_per_av_returns_part_bits_rep_2021_04_09_10_16_24_0017] itr #1 | fitting baseline...
2021-04-09 10:41:28.488516 CEST | [multi_agent_per_av_returns_part_bits_rep_2021_04_09_10_16_24_0017] itr #1 | fitted
2021-04-09 10:41:28.492103 CEST | [multi_agent_per_av_returns_part_bits_rep_2021_04_09_10_16_24_0017] itr #1 | fitting baseline...
2021-04-09 10:41:28.493681 CEST | [multi_agent_per_av_returns_part_bits_rep_2021_04_09_10_16_24_0017] itr #1 | fitted
2021-04-09 10:41:28.496737 CEST | [multi_agent_per_av_returns_part_bits_rep_2021_04_09_10_16_24_0017] itr #1 | fitting baseline...
2021-04-09 10:41:28.498045 CEST | [multi_agent_per_av_returns_part_bits_rep_2021_04_09_10_16_24_0017] itr #1 | fitted
2021-04-09 10:41:28.501128 CEST | [multi_agent_per_av_returns_part_bits_rep_2021_04_09_10_16_24_0017] itr #1 | fitting baseline...
2021-04-09 10:41:28.502558 CEST | [multi_agent_per_av_returns_part_bits_rep_2021_04_09_10_16_24_0017] itr #1 | fitted
2021-04-09 10:41:28.505895 CEST | [multi_agent_per_av_returns_part_bits_rep_2021_04_09_10_16_24_0017] itr #1 | fitting baseline...
2021-04-09 10:41:28.507236 CEST | [multi_agent_per_av_returns_part_bits_rep_2021_04_09_10_16_24_0017] itr #1 | fitted
2021-04-09 10:41:28.510802 CEST | [multi_agent_per_av_returns_part_bits_rep_2021_04_09_10_16_24_0017] itr #1 | fitting baseline...
2021-04-09 10:41:28.512179 CEST | [multi_agent_per_av_returns_part_bits_rep_2021_04_09_10_16_24_0017] itr #1 | fitted
2021-04-09 10:41:28.515770 CEST | [multi_agent_per_av_returns_part_bits_rep_2021_04_09_10_16_24_0017] itr #1 | fitting baseline...
2021-04-09 10:41:28.517233 CEST | [multi_agent_per_av_returns_part_bits_rep_2021_04_09_10_16_24_0017] itr #1 | fitted
2021-04-09 10:41:28.520931 CEST | [multi_agent_per_av_returns_part_bits_rep_2021_04_09_10_16_24_0017] itr #1 | fitting baseline...
2021-04-09 10:41:28.522479 CEST | [multi_agent_per_av_returns_part_bits_rep_2021_04_09_10_16_24_0017] itr #1 | fitted
2021-04-09 10:41:28.525732 CEST | [multi_agent_per_av_returns_part_bits_rep_2021_04_09_10_16_24_0017] itr #1 | fitting baseline...
2021-04-09 10:41:28.527109 CEST | [multi_agent_per_av_returns_part_bits_rep_2021_04_09_10_16_24_0017] itr #1 | fitted
2021-04-09 10:41:28.530352 CEST | [multi_agent_per_av_returns_part_bits_rep_2021_04_09_10_16_24_0017] itr #1 | fitting baseline...
2021-04-09 10:41:28.531637 CEST | [multi_agent_per_av_returns_part_bits_rep_2021_04_09_10_16_24_0017] itr #1 | fitted
2021-04-09 10:41:30.033188 CEST | [multi_agent_per_av_returns_part_bits_rep_2021_04_09_10_16_24_0017] itr #2 | fitting baseline...
2021-04-09 10:41:30.034093 CEST | [multi_agent_per_av_returns_part_bits_rep_2021_04_09_10_16_24_0017] itr #2 | fitted
2021-04-09 10:41:30.036171 CEST | [multi_agent_per_av_returns_part_bits_rep_2021_04_09_10_16_24_0017] itr #2 | fitting baseline...
2021-04-09 10:41:30.037029 CEST | [multi_agent_per_av_returns_part_bits_rep_2021_04_09_10_16_24_0017] itr #2 | fitted
2021-04-09 10:41:30.039175 CEST | [multi_agent_per_av_returns_part_bits_rep_2021_04_09_10_16_24_0017] itr #2 | fitting baseline...
2021-04-09 10:41:30.040074 CEST | [multi_agent_per_av_returns_part_bits_rep_2021_04_09_10_16_24_0017] itr #2 | fitted
2021-04-09 10:41:30.042412 CEST | [multi_agent_per_av_returns_part_bits_rep_2021_04_09_10_16_24_0017] itr #2 | fitting baseline...
2021-04-09 10:41:30.043411 CEST | [multi_agent_per_av_returns_part_bits_rep_2021_04_09_10_16_24_0017] itr #2 | fitted
2021-04-09 10:41:30.045855 CEST | [multi_agent_per_av_returns_part_bits_rep_2021_04_09_10_16_24_0017] itr #2 | fitting baseline...
2021-04-09 10:41:30.046896 CEST | [multi_agent_per_av_returns_part_bits_rep_2021_04_09_10_16_24_0017] itr #2 | fitted
2021-04-09 10:41:30.049162 CEST | [multi_agent_per_av_returns_part_bits_rep_2021_04_09_10_16_24_0017] itr #2 | fitting baseline...
2021-04-09 10:41:30.050111 CEST | [multi_agent_per_av_returns_part_bits_rep_2021_04_09_10_16_24_0017] itr #2 | fitted
2021-04-09 10:41:30.052095 CEST | [multi_agent_per_av_returns_part_bits_rep_2021_04_09_10_16_24_0017] itr #2 | fitting baseline...
2021-04-09 10:41:30.052969 CEST | [multi_agent_per_av_returns_part_bits_rep_2021_04_09_10_16_24_0017] itr #2 | fitted
2021-04-09 10:41:30.055452 CEST | [multi_agent_per_av_returns_part_bits_rep_2021_04_09_10_16_24_0017] itr #2 | fitting baseline...
2021-04-09 10:41:30.056713 CEST | [multi_agent_per_av_returns_part_bits_rep_2021_04_09_10_16_24_0017] itr #2 | fitted
2021-04-09 10:41:30.058565 CEST | [multi_agent_per_av_returns_part_bits_rep_2021_04_09_10_16_24_0017] itr #2 | fitting baseline...
2021-04-09 10:41:30.059347 CEST | [multi_agent_per_av_returns_part_bits_rep_2021_04_09_10_16_24_0017] itr #2 | fitted
2021-04-09 10:41:30.061304 CEST | [multi_agent_per_av_returns_part_bits_rep_2021_04_09_10_16_24_0017] itr #2 | fitting baseline...
2021-04-09 10:41:30.062151 CEST | [multi_agent_per_av_returns_part_bits_rep_2021_04_09_10_16_24_0017] itr #2 | fitted
2021-04-09 10:41:31.601235 CEST | [multi_agent_per_av_returns_part_bits_rep_2021_04_09_10_16_24_0017] itr #3 | fitting baseline...
2021-04-09 10:41:31.602552 CEST | [multi_agent_per_av_returns_part_bits_rep_2021_04_09_10_16_24_0017] itr #3 | fitted
2021-04-09 10:41:31.605106 CEST | [multi_agent_per_av_returns_part_bits_rep_2021_04_09_10_16_24_0017] itr #3 | fitting baseline...
2021-04-09 10:41:31.606296 CEST | [multi_agent_per_av_returns_part_bits_rep_2021_04_09_10_16_24_0017] itr #3 | fitted
2021-04-09 10:41:31.608849 CEST | [multi_agent_per_av_returns_part_bits_rep_2021_04_09_10_16_24_0017] itr #3 | fitting baseline...
2021-04-09 10:41:31.610176 CEST | [multi_agent_per_av_returns_part_bits_rep_2021_04_09_10_16_24_0017] itr #3 | fitted
2021-04-09 10:41:31.615145 CEST | [multi_agent_per_av_returns_part_bits_rep_2021_04_09_10_16_24_0017] itr #3 | fitting baseline...
2021-04-09 10:41:31.617588 CEST | [multi_agent_per_av_returns_part_bits_rep_2021_04_09_10_16_24_0017] itr #3 | fitted
2021-04-09 10:41:31.621077 CEST | [multi_agent_per_av_returns_part_bits_rep_2021_04_09_10_16_24_0017] itr #3 | fitting baseline...
2021-04-09 10:41:31.622460 CEST | [multi_agent_per_av_returns_part_bits_rep_2021_04_09_10_16_24_0017] itr #3 | fitted
2021-04-09 10:41:31.625330 CEST | [multi_agent_per_av_returns_part_bits_rep_2021_04_09_10_16_24_0017] itr #3 | fitting baseline...
2021-04-09 10:41:31.626643 CEST | [multi_agent_per_av_returns_part_bits_rep_2021_04_09_10_16_24_0017] itr #3 | fitted
2021-04-09 10:41:31.629417 CEST | [multi_agent_per_av_returns_part_bits_rep_2021_04_09_10_16_24_0017] itr #3 | fitting baseline...
2021-04-09 10:41:31.630742 CEST | [multi_agent_per_av_returns_part_bits_rep_2021_04_09_10_16_24_0017] itr #3 | fitted
2021-04-09 10:41:31.633688 CEST | [multi_agent_per_av_returns_part_bits_rep_2021_04_09_10_16_24_0017] itr #3 | fitting baseline...
2021-04-09 10:41:31.635043 CEST | [multi_agent_per_av_returns_part_bits_rep_2021_04_09_10_16_24_0017] itr #3 | fitted
2021-04-09 10:41:31.637521 CEST | [multi_agent_per_av_returns_part_bits_rep_2021_04_09_10_16_24_0017] itr #3 | fitting baseline...
2021-04-09 10:41:31.638596 CEST | [multi_agent_per_av_returns_part_bits_rep_2021_04_09_10_16_24_0017] itr #3 | fitted
2021-04-09 10:41:31.641500 CEST | [multi_agent_per_av_returns_part_bits_rep_2021_04_09_10_16_24_0017] itr #3 | fitting baseline...
2021-04-09 10:41:31.642748 CEST | [multi_agent_per_av_returns_part_bits_rep_2021_04_09_10_16_24_0017] itr #3 | fitted
2021-04-09 10:41:33.195657 CEST | [multi_agent_per_av_returns_part_bits_rep_2021_04_09_10_16_24_0017] itr #4 | fitting baseline...
2021-04-09 10:41:33.196528 CEST | [multi_agent_per_av_returns_part_bits_rep_2021_04_09_10_16_24_0017] itr #4 | fitted
2021-04-09 10:41:33.198097 CEST | [multi_agent_per_av_returns_part_bits_rep_2021_04_09_10_16_24_0017] itr #4 | fitting baseline...
2021-04-09 10:41:33.198785 CEST | [multi_agent_per_av_returns_part_bits_rep_2021_04_09_10_16_24_0017] itr #4 | fitted
2021-04-09 10:41:33.200112 CEST | [multi_agent_per_av_returns_part_bits_rep_2021_04_09_10_16_24_0017] itr #4 | fitting baseline...
2021-04-09 10:41:33.200696 CEST | [multi_agent_per_av_returns_part_bits_rep_2021_04_09_10_16_24_0017] itr #4 | fitted
2021-04-09 10:41:33.201913 CEST | [multi_agent_per_av_returns_part_bits_rep_2021_04_09_10_16_24_0017] itr #4 | fitting baseline...
2021-04-09 10:41:33.202484 CEST | [multi_agent_per_av_returns_part_bits_rep_2021_04_09_10_16_24_0017] itr #4 | fitted
2021-04-09 10:41:33.203955 CEST | [multi_agent_per_av_returns_part_bits_rep_2021_04_09_10_16_24_0017] itr #4 | fitting baseline...
2021-04-09 10:41:33.204589 CEST | [multi_agent_per_av_returns_part_bits_rep_2021_04_09_10_16_24_0017] itr #4 | fitted
2021-04-09 10:41:33.206318 CEST | [multi_agent_per_av_returns_part_bits_rep_2021_04_09_10_16_24_0017] itr #4 | fitting baseline...
2021-04-09 10:41:33.207065 CEST | [multi_agent_per_av_returns_part_bits_rep_2021_04_09_10_16_24_0017] itr #4 | fitted
2021-04-09 10:41:33.208471 CEST | [multi_agent_per_av_returns_part_bits_rep_2021_04_09_10_16_24_0017] itr #4 | fitting baseline...
2021-04-09 10:41:33.209113 CEST | [multi_agent_per_av_returns_part_bits_rep_2021_04_09_10_16_24_0017] itr #4 | fitted
2021-04-09 10:41:33.210677 CEST | [multi_agent_per_av_returns_part_bits_rep_2021_04_09_10_16_24_0017] itr #4 | fitting baseline...
2021-04-09 10:41:33.211349 CEST | [multi_agent_per_av_returns_part_bits_rep_2021_04_09_10_16_24_0017] itr #4 | fitted
2021-04-09 10:41:33.213012 CEST | [multi_agent_per_av_returns_part_bits_rep_2021_04_09_10_16_24_0017] itr #4 | fitting baseline...
2021-04-09 10:41:33.213742 CEST | [multi_agent_per_av_returns_part_bits_rep_2021_04_09_10_16_24_0017] itr #4 | fitted
2021-04-09 10:41:33.215225 CEST | [multi_agent_per_av_returns_part_bits_rep_2021_04_09_10_16_24_0017] itr #4 | fitting baseline...
2021-04-09 10:41:33.215883 CEST | [multi_agent_per_av_returns_part_bits_rep_2021_04_09_10_16_24_0017] itr #4 | fitted
2021-04-09 10:41:34.826358 CEST | [multi_agent_per_av_returns_part_bits_rep_2021_04_09_10_16_24_0017] itr #5 | fitting baseline...
2021-04-09 10:41:34.827076 CEST | [multi_agent_per_av_returns_part_bits_rep_2021_04_09_10_16_24_0017] itr #5 | fitted
2021-04-09 10:41:34.828441 CEST | [multi_agent_per_av_returns_part_bits_rep_2021_04_09_10_16_24_0017] itr #5 | fitting baseline...
2021-04-09 10:41:34.829064 CEST | [multi_agent_per_av_returns_part_bits_rep_2021_04_09_10_16_24_0017] itr #5 | fitted
2021-04-09 10:41:34.830320 CEST | [multi_agent_per_av_returns_part_bits_rep_2021_04_09_10_16_24_0017] itr #5 | fitting baseline...
2021-04-09 10:41:34.830866 CEST | [multi_agent_per_av_returns_part_bits_rep_2021_04_09_10_16_24_0017] itr #5 | fitted
2021-04-09 10:41:34.832002 CEST | [multi_agent_per_av_returns_part_bits_rep_2021_04_09_10_16_24_0017] itr #5 | fitting baseline...
2021-04-09 10:41:34.832527 CEST | [multi_agent_per_av_returns_part_bits_rep_2021_04_09_10_16_24_0017] itr #5 | fitted
2021-04-09 10:41:34.833765 CEST | [multi_agent_per_av_returns_part_bits_rep_2021_04_09_10_16_24_0017] itr #5 | fitting baseline...
2021-04-09 10:41:34.834375 CEST | [multi_agent_per_av_returns_part_bits_rep_2021_04_09_10_16_24_0017] itr #5 | fitted
2021-04-09 10:41:34.835950 CEST | [multi_agent_per_av_returns_part_bits_rep_2021_04_09_10_16_24_0017] itr #5 | fitting baseline...
2021-04-09 10:41:34.836646 CEST | [multi_agent_per_av_returns_part_bits_rep_2021_04_09_10_16_24_0017] itr #5 | fitted
2021-04-09 10:41:34.837883 CEST | [multi_agent_per_av_returns_part_bits_rep_2021_04_09_10_16_24_0017] itr #5 | fitting baseline...
2021-04-09 10:41:34.838466 CEST | [multi_agent_per_av_returns_part_bits_rep_2021_04_09_10_16_24_0017] itr #5 | fitted
2021-04-09 10:41:34.839879 CEST | [multi_agent_per_av_returns_part_bits_rep_2021_04_09_10_16_24_0017] itr #5 | fitting baseline...
2021-04-09 10:41:34.840514 CEST | [multi_agent_per_av_returns_part_bits_rep_2021_04_09_10_16_24_0017] itr #5 | fitted
2021-04-09 10:41:34.841981 CEST | [multi_agent_per_av_returns_part_bits_rep_2021_04_09_10_16_24_0017] itr #5 | fitting baseline...
2021-04-09 10:41:34.842632 CEST | [multi_agent_per_av_returns_part_bits_rep_2021_04_09_10_16_24_0017] itr #5 | fitted
2021-04-09 10:41:34.844032 CEST | [multi_agent_per_av_returns_part_bits_rep_2021_04_09_10_16_24_0017] itr #5 | fitting baseline...
2021-04-09 10:41:34.844653 CEST | [multi_agent_per_av_returns_part_bits_rep_2021_04_09_10_16_24_0017] itr #5 | fitted
2021-04-09 10:41:34.878234 CEST | [multi_agent_per_av_returns_part_bits_rep_2021_04_09_10_16_24_0017] itr #5 | saving snapshot...
2021-04-09 10:41:34.884264 CEST | [multi_agent_per_av_returns_part_bits_rep_2021_04_09_10_16_24_0017] itr #5 | saved
2021-04-09 10:41:34.910238 CEST | -----------------------  ---------------
2021-04-09 10:41:34.910478 CEST | Iteration                    0
2021-04-09 10:41:34.910624 CEST | AverageDiscountedReturn     52.9465
2021-04-09 10:41:34.910766 CEST | AverageReturn               54.8862
2021-04-09 10:41:34.910907 CEST | ExplainedVariance            8.69527e-12
2021-04-09 10:41:34.911046 CEST | NumTrajs                    63
2021-04-09 10:41:34.911185 CEST | Entropy                      1.41894
2021-04-09 10:41:34.911324 CEST | Perplexity                   4.13273
2021-04-09 10:41:34.911461 CEST | StdReturn                   39.0955
2021-04-09 10:41:34.911601 CEST | MaxReturn                  159.911
2021-04-09 10:41:34.911736 CEST | MinReturn                    9.98342
2021-04-09 10:41:34.911871 CEST | Iteration                    0
2021-04-09 10:41:34.912007 CEST | AverageDiscountedReturn     57.3343
2021-04-09 10:41:34.912143 CEST | AverageReturn               59.617
2021-04-09 10:41:34.912282 CEST | ExplainedVariance            0.266781
2021-04-09 10:41:34.912417 CEST | NumTrajs                    58
2021-04-09 10:41:34.912556 CEST | Entropy                      1.41894
2021-04-09 10:41:34.912694 CEST | Perplexity                   4.13273
2021-04-09 10:41:34.912830 CEST | StdReturn                   41.8774
2021-04-09 10:41:34.912965 CEST | MaxReturn                  199.899
2021-04-09 10:41:34.913100 CEST | MinReturn                    9.98125
2021-04-09 10:41:34.913233 CEST | Iteration                    0
2021-04-09 10:41:34.913368 CEST | AverageDiscountedReturn     57.2487
2021-04-09 10:41:34.913502 CEST | AverageReturn               59.7923
2021-04-09 10:41:34.913637 CEST | ExplainedVariance            0.0851833
2021-04-09 10:41:34.913773 CEST | NumTrajs                    58
2021-04-09 10:41:34.913926 CEST | Entropy                      1.41894
2021-04-09 10:41:34.914061 CEST | Perplexity                   4.13273
2021-04-09 10:41:34.914195 CEST | StdReturn                   48.1379
2021-04-09 10:41:34.914335 CEST | MaxReturn                  239.913
2021-04-09 10:41:34.914470 CEST | MinReturn                    0
2021-04-09 10:41:34.914606 CEST | Iteration                    0
2021-04-09 10:41:34.914741 CEST | AverageDiscountedReturn     52.4959
2021-04-09 10:41:34.914877 CEST | AverageReturn               55.202
2021-04-09 10:41:34.915013 CEST | ExplainedVariance           -0.147215
2021-04-09 10:41:34.915149 CEST | NumTrajs                    63
2021-04-09 10:41:34.915286 CEST | Entropy                      1.41894
2021-04-09 10:41:34.915423 CEST | Perplexity                   4.13273
2021-04-09 10:41:34.915562 CEST | StdReturn                   56.9047
2021-04-09 10:41:34.915699 CEST | MaxReturn                  329.88
2021-04-09 10:41:34.915835 CEST | MinReturn                    0
2021-04-09 10:41:34.915972 CEST | Iteration                    0
2021-04-09 10:41:34.916109 CEST | AverageDiscountedReturn     54.0007
2021-04-09 10:41:34.916261 CEST | AverageReturn               55.9326
2021-04-09 10:41:34.916398 CEST | ExplainedVariance           -0.0364753
2021-04-09 10:41:34.916534 CEST | NumTrajs                    62
2021-04-09 10:41:34.916670 CEST | Entropy                      1.41894
2021-04-09 10:41:34.916805 CEST | Perplexity                   4.13273
2021-04-09 10:41:34.916941 CEST | StdReturn                   37.4238
2021-04-09 10:41:34.917078 CEST | MaxReturn                  169.894
2021-04-09 10:41:34.917213 CEST | MinReturn                    0
2021-04-09 10:41:34.917348 CEST | Iteration                    0
2021-04-09 10:41:34.917483 CEST | AverageDiscountedReturn     58.0652
2021-04-09 10:41:34.917618 CEST | AverageReturn               60.488
2021-04-09 10:41:34.917751 CEST | ExplainedVariance            0.198898
2021-04-09 10:41:34.917906 CEST | NumTrajs                    57
2021-04-09 10:41:34.918045 CEST | Entropy                      1.41894
2021-04-09 10:41:34.918181 CEST | Perplexity                   4.13273
2021-04-09 10:41:34.918315 CEST | StdReturn                   44.1636
2021-04-09 10:41:34.918452 CEST | MaxReturn                  169.95
2021-04-09 10:41:34.918586 CEST | MinReturn                    0
2021-04-09 10:41:34.918723 CEST | Iteration                    0
2021-04-09 10:41:34.918859 CEST | AverageDiscountedReturn     57.7952
2021-04-09 10:41:34.918994 CEST | AverageReturn               60.3039
2021-04-09 10:41:34.919130 CEST | ExplainedVariance            0.0876922
2021-04-09 10:41:34.919266 CEST | NumTrajs                    59
2021-04-09 10:41:34.919403 CEST | Entropy                      1.41894
2021-04-09 10:41:34.919538 CEST | Perplexity                   4.13273
2021-04-09 10:41:34.919722 CEST | StdReturn                   46.5921
2021-04-09 10:41:34.919863 CEST | MaxReturn                  219.901
2021-04-09 10:41:34.919998 CEST | MinReturn                    9.9824
2021-04-09 10:41:34.920134 CEST | Iteration                    0
2021-04-09 10:41:34.920268 CEST | AverageDiscountedReturn     58.4355
2021-04-09 10:41:34.920404 CEST | AverageReturn               60.8048
2021-04-09 10:41:34.920539 CEST | ExplainedVariance            0.196897
2021-04-09 10:41:34.920672 CEST | NumTrajs                    59
2021-04-09 10:41:34.920807 CEST | Entropy                      1.41894
2021-04-09 10:41:34.920942 CEST | Perplexity                   4.13273
2021-04-09 10:41:34.921077 CEST | StdReturn                   42.4956
2021-04-09 10:41:34.921211 CEST | MaxReturn                  189.945
2021-04-09 10:41:34.921346 CEST | MinReturn                    9.97995
2021-04-09 10:41:34.921480 CEST | Iteration                    0
2021-04-09 10:41:34.921614 CEST | AverageDiscountedReturn     72.8085
2021-04-09 10:41:34.921750 CEST | AverageReturn               77.1265
2021-04-09 10:41:34.921906 CEST | ExplainedVariance           -0.907041
2021-04-09 10:41:34.922044 CEST | NumTrajs                    46
2021-04-09 10:41:34.922181 CEST | Entropy                      1.41894
2021-04-09 10:41:34.922319 CEST | Perplexity                   4.13273
2021-04-09 10:41:34.922454 CEST | StdReturn                   62.7829
2021-04-09 10:41:34.922590 CEST | MaxReturn                  309.747
2021-04-09 10:41:34.922727 CEST | MinReturn                    9.982
2021-04-09 10:41:34.922864 CEST | Iteration                    0
2021-04-09 10:41:34.922999 CEST | AverageDiscountedReturn     64.7412
2021-04-09 10:41:34.923135 CEST | AverageReturn               68.3933
2021-04-09 10:41:34.923271 CEST | ExplainedVariance            0.13738
2021-04-09 10:41:34.923411 CEST | NumTrajs                    51
2021-04-09 10:41:34.923548 CEST | Entropy                      1.41894
2021-04-09 10:41:34.923684 CEST | Perplexity                   4.13273
2021-04-09 10:41:34.923820 CEST | StdReturn                   61.0537
2021-04-09 10:41:34.923956 CEST | MaxReturn                  319.809
2021-04-09 10:41:34.924094 CEST | MinReturn                    9.9839
2021-04-09 10:41:34.924230 CEST | AveragePolicyStd             1
2021-04-09 10:41:34.924373 CEST | AveragePolicyStd             1
2021-04-09 10:41:34.924511 CEST | AveragePolicyStd             1
2021-04-09 10:41:34.924648 CEST | AveragePolicyStd             1
2021-04-09 10:41:34.924786 CEST | AveragePolicyStd             1
2021-04-09 10:41:34.924922 CEST | AveragePolicyStd             1
2021-04-09 10:41:34.925060 CEST | AveragePolicyStd             1
2021-04-09 10:41:34.925196 CEST | AveragePolicyStd             1
2021-04-09 10:41:34.925334 CEST | AveragePolicyStd             1
2021-04-09 10:41:34.925473 CEST | AveragePolicyStd             1
2021-04-09 10:41:34.925609 CEST | Iteration                    1
2021-04-09 10:41:34.925746 CEST | AverageDiscountedReturn     83.2601
2021-04-09 10:41:34.925898 CEST | AverageReturn               89.2112
2021-04-09 10:41:34.926036 CEST | ExplainedVariance           -0.172966
2021-04-09 10:41:34.926174 CEST | NumTrajs                    41
2021-04-09 10:41:34.926310 CEST | Entropy                      1.41594
2021-04-09 10:41:34.926445 CEST | Perplexity                   4.12035
2021-04-09 10:41:34.926583 CEST | StdReturn                   74.5453
2021-04-09 10:41:34.926721 CEST | MaxReturn                  319.719
2021-04-09 10:41:34.926856 CEST | MinReturn                    0
2021-04-09 10:41:34.926989 CEST | Iteration                    1
2021-04-09 10:41:34.927125 CEST | AverageDiscountedReturn     68.8242
2021-04-09 10:41:34.927264 CEST | AverageReturn               72.1954
2021-04-09 10:41:34.927400 CEST | ExplainedVariance            0.111144
2021-04-09 10:41:34.927536 CEST | NumTrajs                    49
2021-04-09 10:41:34.927673 CEST | Entropy                      1.41594
2021-04-09 10:41:34.927812 CEST | Perplexity                   4.12035
2021-04-09 10:41:34.927953 CEST | StdReturn                   50.1711
2021-04-09 10:41:34.928089 CEST | MaxReturn                  219.844
2021-04-09 10:41:34.928225 CEST | MinReturn                    0
2021-04-09 10:41:34.928360 CEST | Iteration                    1
2021-04-09 10:41:34.928495 CEST | AverageDiscountedReturn     91.4448
2021-04-09 10:41:34.928630 CEST | AverageReturn               99.1485
2021-04-09 10:41:34.928763 CEST | ExplainedVariance           -0.689093
2021-04-09 10:41:34.928899 CEST | NumTrajs                    38
2021-04-09 10:41:34.929035 CEST | Entropy                      1.41594
2021-04-09 10:41:34.929170 CEST | Perplexity                   4.12035
2021-04-09 10:41:34.929305 CEST | StdReturn                   88.8912
2021-04-09 10:41:34.929438 CEST | MaxReturn                  449.824
2021-04-09 10:41:34.929573 CEST | MinReturn                    0
2021-04-09 10:41:34.929708 CEST | Iteration                    1
2021-04-09 10:41:34.929844 CEST | AverageDiscountedReturn     92.1606
2021-04-09 10:41:34.930011 CEST | AverageReturn               98.5926
2021-04-09 10:41:34.930149 CEST | ExplainedVariance            0.126518
2021-04-09 10:41:34.930286 CEST | NumTrajs                    37
2021-04-09 10:41:34.930424 CEST | Entropy                      1.41594
2021-04-09 10:41:34.930562 CEST | Perplexity                   4.12035
2021-04-09 10:41:34.930701 CEST | StdReturn                   69.6171
2021-04-09 10:41:34.930841 CEST | MaxReturn                  279.901
2021-04-09 10:41:34.930977 CEST | MinReturn                    9.98804
2021-04-09 10:41:34.931114 CEST | Iteration                    1
2021-04-09 10:41:34.931252 CEST | AverageDiscountedReturn     84.3511
2021-04-09 10:41:34.931388 CEST | AverageReturn               90.6782
2021-04-09 10:41:34.931524 CEST | ExplainedVariance            0.0436526
2021-04-09 10:41:34.931663 CEST | NumTrajs                    41
2021-04-09 10:41:34.931801 CEST | Entropy                      1.41594
2021-04-09 10:41:34.931940 CEST | Perplexity                   4.12035
2021-04-09 10:41:34.932077 CEST | StdReturn                   78.4381
2021-04-09 10:41:34.932216 CEST | MaxReturn                  339.833
2021-04-09 10:41:34.932358 CEST | MinReturn                    0
2021-04-09 10:41:34.932497 CEST | Iteration                    1
2021-04-09 10:41:34.932650 CEST | AverageDiscountedReturn     77.5111
2021-04-09 10:41:34.932790 CEST | AverageReturn               82.173
2021-04-09 10:41:34.932929 CEST | ExplainedVariance            0.293748
2021-04-09 10:41:34.933068 CEST | NumTrajs                    45
2021-04-09 10:41:34.933207 CEST | Entropy                      1.41594
2021-04-09 10:41:34.933347 CEST | Perplexity                   4.12035
2021-04-09 10:41:34.933487 CEST | StdReturn                   62.1642
2021-04-09 10:41:34.933625 CEST | MaxReturn                  249.948
2021-04-09 10:41:34.933764 CEST | MinReturn                    9.98122
2021-04-09 10:41:34.933924 CEST | Iteration                    1
2021-04-09 10:41:34.934066 CEST | AverageDiscountedReturn     71.7426
2021-04-09 10:41:34.934205 CEST | AverageReturn               77.1213
2021-04-09 10:41:34.934345 CEST | ExplainedVariance            0.0846684
2021-04-09 10:41:34.934485 CEST | NumTrajs                    46
2021-04-09 10:41:34.934623 CEST | Entropy                      1.41594
2021-04-09 10:41:34.934762 CEST | Perplexity                   4.12035
2021-04-09 10:41:34.934901 CEST | StdReturn                   79.8946
2021-04-09 10:41:34.935040 CEST | MaxReturn                  369.801
2021-04-09 10:41:34.935178 CEST | MinReturn                    0
2021-04-09 10:41:34.935317 CEST | Iteration                    1
2021-04-09 10:41:34.935455 CEST | AverageDiscountedReturn     71.671
2021-04-09 10:41:34.935595 CEST | AverageReturn               75.5737
2021-04-09 10:41:34.935734 CEST | ExplainedVariance            0.143942
2021-04-09 10:41:34.935872 CEST | NumTrajs                    48
2021-04-09 10:41:34.936010 CEST | Entropy                      1.41594
2021-04-09 10:41:34.936148 CEST | Perplexity                   4.12035
2021-04-09 10:41:34.936287 CEST | StdReturn                   56.6533
2021-04-09 10:41:34.936424 CEST | MaxReturn                  249.805
2021-04-09 10:41:34.936561 CEST | MinReturn                    9.98023
2021-04-09 10:41:34.936699 CEST | Iteration                    1
2021-04-09 10:41:34.936837 CEST | AverageDiscountedReturn     81.6682
2021-04-09 10:41:34.936975 CEST | AverageReturn               88.7245
2021-04-09 10:41:34.937112 CEST | ExplainedVariance           -0.287715
2021-04-09 10:41:34.937250 CEST | NumTrajs                    41
2021-04-09 10:41:34.937389 CEST | Entropy                      1.41594
2021-04-09 10:41:34.937526 CEST | Perplexity                   4.12035
2021-04-09 10:41:34.937664 CEST | StdReturn                   91.202
2021-04-09 10:41:34.937803 CEST | MaxReturn                  429.722
2021-04-09 10:41:34.937970 CEST | MinReturn                    0
2021-04-09 10:41:34.938108 CEST | Iteration                    1
2021-04-09 10:41:34.938246 CEST | AverageDiscountedReturn     87.8091
2021-04-09 10:41:34.938386 CEST | AverageReturn               93.1961
2021-04-09 10:41:34.938523 CEST | ExplainedVariance           -0.0588618
2021-04-09 10:41:34.938663 CEST | NumTrajs                    40
2021-04-09 10:41:34.938801 CEST | Entropy                      1.41594
2021-04-09 10:41:34.938939 CEST | Perplexity                   4.12035
2021-04-09 10:41:34.939078 CEST | StdReturn                   59.4978
2021-04-09 10:41:34.939216 CEST | MaxReturn                  249.912
2021-04-09 10:41:34.939356 CEST | MinReturn                    0
2021-04-09 10:41:34.939493 CEST | AveragePolicyStd             0.997004
2021-04-09 10:41:34.939633 CEST | AveragePolicyStd             0.997004
2021-04-09 10:41:34.939770 CEST | AveragePolicyStd             0.997004
2021-04-09 10:41:34.939909 CEST | AveragePolicyStd             0.997004
2021-04-09 10:41:34.940048 CEST | AveragePolicyStd             0.997004
2021-04-09 10:41:34.940187 CEST | AveragePolicyStd             0.997004
2021-04-09 10:41:34.940326 CEST | AveragePolicyStd             0.997004
2021-04-09 10:41:34.940464 CEST | AveragePolicyStd             0.997004
2021-04-09 10:41:34.940604 CEST | AveragePolicyStd             0.997004
2021-04-09 10:41:34.940742 CEST | AveragePolicyStd             0.997004
2021-04-09 10:41:34.940888 CEST | Iteration                    2
2021-04-09 10:41:34.941028 CEST | AverageDiscountedReturn    165.992
2021-04-09 10:41:34.941166 CEST | AverageReturn              190.841
2021-04-09 10:41:34.941303 CEST | ExplainedVariance            0.180188
2021-04-09 10:41:34.941444 CEST | NumTrajs                    21
2021-04-09 10:41:34.941582 CEST | Entropy                      1.40798
2021-04-09 10:41:34.941720 CEST | Perplexity                   4.08771
2021-04-09 10:41:34.941872 CEST | StdReturn                  144.564
2021-04-09 10:41:34.942016 CEST | MaxReturn                  449.833
2021-04-09 10:41:34.942156 CEST | MinReturn                    9.97922
2021-04-09 10:41:34.942299 CEST | Iteration                    2
2021-04-09 10:41:34.942438 CEST | AverageDiscountedReturn    131.741
2021-04-09 10:41:34.942577 CEST | AverageReturn              149.525
2021-04-09 10:41:34.942717 CEST | ExplainedVariance            0.0632675
2021-04-09 10:41:34.942858 CEST | NumTrajs                    26
2021-04-09 10:41:34.942998 CEST | Entropy                      1.40798
2021-04-09 10:41:34.943139 CEST | Perplexity                   4.08771
2021-04-09 10:41:34.943278 CEST | StdReturn                  137.878
2021-04-09 10:41:34.943417 CEST | MaxReturn                  519.797
2021-04-09 10:41:34.943554 CEST | MinReturn                   19.9658
2021-04-09 10:41:34.943694 CEST | Iteration                    2
2021-04-09 10:41:34.943832 CEST | AverageDiscountedReturn    117.396
2021-04-09 10:41:34.943969 CEST | AverageReturn              127.861
2021-04-09 10:41:34.944107 CEST | ExplainedVariance           -0.0154498
2021-04-09 10:41:34.944246 CEST | NumTrajs                    29
2021-04-09 10:41:34.944387 CEST | Entropy                      1.40798
2021-04-09 10:41:34.944527 CEST | Perplexity                   4.08771
2021-04-09 10:41:34.944664 CEST | StdReturn                   85.645
2021-04-09 10:41:34.944802 CEST | MaxReturn                  369.861
2021-04-09 10:41:34.944942 CEST | MinReturn                    9.9824
2021-04-09 10:41:34.945079 CEST | Iteration                    2
2021-04-09 10:41:34.945217 CEST | AverageDiscountedReturn    108.172
2021-04-09 10:41:34.945357 CEST | AverageReturn              119.92
2021-04-09 10:41:34.945493 CEST | ExplainedVariance           -0.111511
2021-04-09 10:41:34.945632 CEST | NumTrajs                    31
2021-04-09 10:41:34.945770 CEST | Entropy                      1.40798
2021-04-09 10:41:34.945927 CEST | Perplexity                   4.08771
2021-04-09 10:41:34.946067 CEST | StdReturn                  111.738
2021-04-09 10:41:34.946205 CEST | MaxReturn                  449.706
2021-04-09 10:41:34.946343 CEST | MinReturn                    0
2021-04-09 10:41:34.946481 CEST | Iteration                    2
2021-04-09 10:41:34.946621 CEST | AverageDiscountedReturn     96.0718
2021-04-09 10:41:34.946757 CEST | AverageReturn              104.501
2021-04-09 10:41:34.946896 CEST | ExplainedVariance            0.113239
2021-04-09 10:41:34.947034 CEST | NumTrajs                    35
2021-04-09 10:41:34.947174 CEST | Entropy                      1.40798
2021-04-09 10:41:34.947311 CEST | Perplexity                   4.08771
2021-04-09 10:41:34.947448 CEST | StdReturn                   91.0048
2021-04-09 10:41:34.947586 CEST | MaxReturn                  369.914
2021-04-09 10:41:34.947723 CEST | MinReturn                    0
2021-04-09 10:41:34.947861 CEST | Iteration                    2
2021-04-09 10:41:34.947999 CEST | AverageDiscountedReturn    111.019
2021-04-09 10:41:34.948136 CEST | AverageReturn              121.854
2021-04-09 10:41:34.948274 CEST | ExplainedVariance            0.020574
2021-04-09 10:41:34.948413 CEST | NumTrajs                    31
2021-04-09 10:41:34.948552 CEST | Entropy                      1.40798
2021-04-09 10:41:34.948687 CEST | Perplexity                   4.08771
2021-04-09 10:41:34.948825 CEST | StdReturn                   98.9827
2021-04-09 10:41:34.948962 CEST | MaxReturn                  359.698
2021-04-09 10:41:34.949108 CEST | MinReturn                    0
2021-04-09 10:41:34.949251 CEST | Iteration                    2
2021-04-09 10:41:34.949389 CEST | AverageDiscountedReturn    129.994
2021-04-09 10:41:34.949527 CEST | AverageReturn              144.524
2021-04-09 10:41:34.949664 CEST | ExplainedVariance           -0.0224353
2021-04-09 10:41:34.949801 CEST | NumTrajs                    26
2021-04-09 10:41:34.950010 CEST | Entropy                      1.40798
2021-04-09 10:41:34.950150 CEST | Perplexity                   4.08771
2021-04-09 10:41:34.950289 CEST | StdReturn                  111.11
2021-04-09 10:41:34.950426 CEST | MaxReturn                  409.752
2021-04-09 10:41:34.950562 CEST | MinReturn                    9.98508
2021-04-09 10:41:34.950698 CEST | Iteration                    2
2021-04-09 10:41:34.950838 CEST | AverageDiscountedReturn     98.3545
2021-04-09 10:41:34.950976 CEST | AverageReturn              110.218
2021-04-09 10:41:34.951117 CEST | ExplainedVariance           -0.592451
2021-04-09 10:41:34.951253 CEST | NumTrajs                    34
2021-04-09 10:41:34.951393 CEST | Entropy                      1.40798
2021-04-09 10:41:34.951532 CEST | Perplexity                   4.08771
2021-04-09 10:41:34.951670 CEST | StdReturn                  124.739
2021-04-09 10:41:34.951811 CEST | MaxReturn                  579.708
2021-04-09 10:41:34.951951 CEST | MinReturn                    0
2021-04-09 10:41:34.952089 CEST | Iteration                    2
2021-04-09 10:41:34.952230 CEST | AverageDiscountedReturn    148.652
2021-04-09 10:41:34.952368 CEST | AverageReturn              172.183
2021-04-09 10:41:34.952506 CEST | ExplainedVariance           -1.49729
2021-04-09 10:41:34.952648 CEST | NumTrajs                    22
2021-04-09 10:41:34.952788 CEST | Entropy                      1.40798
2021-04-09 10:41:34.952927 CEST | Perplexity                   4.08771
2021-04-09 10:41:34.953065 CEST | StdReturn                  162.708
2021-04-09 10:41:34.953205 CEST | MaxReturn                  679.817
2021-04-09 10:41:34.953341 CEST | MinReturn                   19.9641
2021-04-09 10:41:34.953486 CEST | Iteration                    2
2021-04-09 10:41:34.953628 CEST | AverageDiscountedReturn    131.652
2021-04-09 10:41:34.953769 CEST | AverageReturn              147.601
2021-04-09 10:41:34.953931 CEST | ExplainedVariance           -0.0998737
2021-04-09 10:41:34.954074 CEST | NumTrajs                    26
2021-04-09 10:41:34.954212 CEST | Entropy                      1.40798
2021-04-09 10:41:34.954354 CEST | Perplexity                   4.08771
2021-04-09 10:41:34.954492 CEST | StdReturn                  122.328
2021-04-09 10:41:34.954630 CEST | MaxReturn                  459.819
2021-04-09 10:41:34.954769 CEST | MinReturn                   19.9672
2021-04-09 10:41:34.954909 CEST | AveragePolicyStd             0.989106
2021-04-09 10:41:34.955048 CEST | AveragePolicyStd             0.989106
2021-04-09 10:41:34.955187 CEST | AveragePolicyStd             0.989106
2021-04-09 10:41:34.955327 CEST | AveragePolicyStd             0.989106
