2021-04-16 10:17:33.060139 CEST | [test_discounts_2021_04_16_10_06_18_0011] Populating workers...
2021-04-16 10:17:33.060356 CEST | [test_discounts_2021_04_16_10_06_18_0011] Populated
2021-04-16 10:17:33.060460 CEST | [test_discounts_2021_04_16_10_06_18_0011] Populating workers...
2021-04-16 10:17:33.060558 CEST | [test_discounts_2021_04_16_10_06_18_0011] Populated
2021-04-16 10:17:33.060656 CEST | [test_discounts_2021_04_16_10_06_18_0011] Populating workers...
2021-04-16 10:17:33.060752 CEST | [test_discounts_2021_04_16_10_06_18_0011] Populated
2021-04-16 10:17:33.060846 CEST | [test_discounts_2021_04_16_10_06_18_0011] Populating workers...
2021-04-16 10:17:33.060941 CEST | [test_discounts_2021_04_16_10_06_18_0011] Populated
2021-04-16 10:17:33.061036 CEST | [test_discounts_2021_04_16_10_06_18_0011] Populating workers...
2021-04-16 10:17:33.061129 CEST | [test_discounts_2021_04_16_10_06_18_0011] Populated
2021-04-16 10:17:33.061222 CEST | [test_discounts_2021_04_16_10_06_18_0011] Populating workers...
2021-04-16 10:17:33.061316 CEST | [test_discounts_2021_04_16_10_06_18_0011] Populated
2021-04-16 10:17:33.061411 CEST | [test_discounts_2021_04_16_10_06_18_0011] Populating workers...
2021-04-16 10:17:33.061504 CEST | [test_discounts_2021_04_16_10_06_18_0011] Populated
2021-04-16 10:17:33.061599 CEST | [test_discounts_2021_04_16_10_06_18_0011] Populating workers...
2021-04-16 10:17:33.061692 CEST | [test_discounts_2021_04_16_10_06_18_0011] Populated
2021-04-16 10:17:33.061787 CEST | [test_discounts_2021_04_16_10_06_18_0011] Populating workers...
2021-04-16 10:17:33.061880 CEST | [test_discounts_2021_04_16_10_06_18_0011] Populated
2021-04-16 10:17:33.061973 CEST | [test_discounts_2021_04_16_10_06_18_0011] Populating workers...
2021-04-16 10:17:33.062067 CEST | [test_discounts_2021_04_16_10_06_18_0011] Populated
2021-04-16 10:17:37.942561 CEST | [test_discounts_2021_04_16_10_06_18_0011] itr #0 | fitting baseline...
2021-04-16 10:17:37.965318 CEST | [test_discounts_2021_04_16_10_06_18_0011] itr #0 | fitted
2021-04-16 10:17:37.977703 CEST | [test_discounts_2021_04_16_10_06_18_0011] itr #0 | fitting baseline...
2021-04-16 10:17:37.979715 CEST | [test_discounts_2021_04_16_10_06_18_0011] itr #0 | fitted
2021-04-16 10:17:37.983831 CEST | [test_discounts_2021_04_16_10_06_18_0011] itr #0 | fitting baseline...
2021-04-16 10:17:37.985653 CEST | [test_discounts_2021_04_16_10_06_18_0011] itr #0 | fitted
2021-04-16 10:17:37.993294 CEST | [test_discounts_2021_04_16_10_06_18_0011] itr #0 | fitting baseline...
2021-04-16 10:17:37.994881 CEST | [test_discounts_2021_04_16_10_06_18_0011] itr #0 | fitted
2021-04-16 10:17:37.998582 CEST | [test_discounts_2021_04_16_10_06_18_0011] itr #0 | fitting baseline...
2021-04-16 10:17:38.000382 CEST | [test_discounts_2021_04_16_10_06_18_0011] itr #0 | fitted
2021-04-16 10:17:38.004861 CEST | [test_discounts_2021_04_16_10_06_18_0011] itr #0 | fitting baseline...
2021-04-16 10:17:38.006830 CEST | [test_discounts_2021_04_16_10_06_18_0011] itr #0 | fitted
2021-04-16 10:17:38.011081 CEST | [test_discounts_2021_04_16_10_06_18_0011] itr #0 | fitting baseline...
2021-04-16 10:17:38.012767 CEST | [test_discounts_2021_04_16_10_06_18_0011] itr #0 | fitted
2021-04-16 10:17:38.017551 CEST | [test_discounts_2021_04_16_10_06_18_0011] itr #0 | fitting baseline...
2021-04-16 10:17:38.019572 CEST | [test_discounts_2021_04_16_10_06_18_0011] itr #0 | fitted
2021-04-16 10:17:38.023192 CEST | [test_discounts_2021_04_16_10_06_18_0011] itr #0 | fitting baseline...
2021-04-16 10:17:38.024682 CEST | [test_discounts_2021_04_16_10_06_18_0011] itr #0 | fitted
2021-04-16 10:17:38.028919 CEST | [test_discounts_2021_04_16_10_06_18_0011] itr #0 | fitting baseline...
2021-04-16 10:17:38.030535 CEST | [test_discounts_2021_04_16_10_06_18_0011] itr #0 | fitted
2021-04-16 10:17:44.315418 CEST | [test_discounts_2021_04_16_10_06_18_0011] itr #1 | fitting baseline...
2021-04-16 10:17:44.317881 CEST | [test_discounts_2021_04_16_10_06_18_0011] itr #1 | fitted
2021-04-16 10:17:44.322163 CEST | [test_discounts_2021_04_16_10_06_18_0011] itr #1 | fitting baseline...
2021-04-16 10:17:44.323809 CEST | [test_discounts_2021_04_16_10_06_18_0011] itr #1 | fitted
2021-04-16 10:17:44.327992 CEST | [test_discounts_2021_04_16_10_06_18_0011] itr #1 | fitting baseline...
2021-04-16 10:17:44.330490 CEST | [test_discounts_2021_04_16_10_06_18_0011] itr #1 | fitted
2021-04-16 10:17:44.334384 CEST | [test_discounts_2021_04_16_10_06_18_0011] itr #1 | fitting baseline...
2021-04-16 10:17:44.335820 CEST | [test_discounts_2021_04_16_10_06_18_0011] itr #1 | fitted
2021-04-16 10:17:44.339841 CEST | [test_discounts_2021_04_16_10_06_18_0011] itr #1 | fitting baseline...
2021-04-16 10:17:44.341593 CEST | [test_discounts_2021_04_16_10_06_18_0011] itr #1 | fitted
2021-04-16 10:17:44.346214 CEST | [test_discounts_2021_04_16_10_06_18_0011] itr #1 | fitting baseline...
2021-04-16 10:17:44.348768 CEST | [test_discounts_2021_04_16_10_06_18_0011] itr #1 | fitted
2021-04-16 10:17:44.353605 CEST | [test_discounts_2021_04_16_10_06_18_0011] itr #1 | fitting baseline...
2021-04-16 10:17:44.355273 CEST | [test_discounts_2021_04_16_10_06_18_0011] itr #1 | fitted
2021-04-16 10:17:44.358624 CEST | [test_discounts_2021_04_16_10_06_18_0011] itr #1 | fitting baseline...
2021-04-16 10:17:44.360863 CEST | [test_discounts_2021_04_16_10_06_18_0011] itr #1 | fitted
2021-04-16 10:17:44.365567 CEST | [test_discounts_2021_04_16_10_06_18_0011] itr #1 | fitting baseline...
2021-04-16 10:17:44.367608 CEST | [test_discounts_2021_04_16_10_06_18_0011] itr #1 | fitted
2021-04-16 10:17:44.371381 CEST | [test_discounts_2021_04_16_10_06_18_0011] itr #1 | fitting baseline...
2021-04-16 10:17:44.372991 CEST | [test_discounts_2021_04_16_10_06_18_0011] itr #1 | fitted
2021-04-16 10:17:46.202350 CEST | [test_discounts_2021_04_16_10_06_18_0011] itr #2 | fitting baseline...
2021-04-16 10:17:46.203314 CEST | [test_discounts_2021_04_16_10_06_18_0011] itr #2 | fitted
2021-04-16 10:17:46.205437 CEST | [test_discounts_2021_04_16_10_06_18_0011] itr #2 | fitting baseline...
2021-04-16 10:17:46.206316 CEST | [test_discounts_2021_04_16_10_06_18_0011] itr #2 | fitted
2021-04-16 10:17:46.208734 CEST | [test_discounts_2021_04_16_10_06_18_0011] itr #2 | fitting baseline...
2021-04-16 10:17:46.209830 CEST | [test_discounts_2021_04_16_10_06_18_0011] itr #2 | fitted
2021-04-16 10:17:46.212308 CEST | [test_discounts_2021_04_16_10_06_18_0011] itr #2 | fitting baseline...
2021-04-16 10:17:46.213269 CEST | [test_discounts_2021_04_16_10_06_18_0011] itr #2 | fitted
2021-04-16 10:17:46.215034 CEST | [test_discounts_2021_04_16_10_06_18_0011] itr #2 | fitting baseline...
2021-04-16 10:17:46.215788 CEST | [test_discounts_2021_04_16_10_06_18_0011] itr #2 | fitted
2021-04-16 10:17:46.217948 CEST | [test_discounts_2021_04_16_10_06_18_0011] itr #2 | fitting baseline...
2021-04-16 10:17:46.218838 CEST | [test_discounts_2021_04_16_10_06_18_0011] itr #2 | fitted
2021-04-16 10:17:46.220573 CEST | [test_discounts_2021_04_16_10_06_18_0011] itr #2 | fitting baseline...
2021-04-16 10:17:46.221353 CEST | [test_discounts_2021_04_16_10_06_18_0011] itr #2 | fitted
2021-04-16 10:17:46.223218 CEST | [test_discounts_2021_04_16_10_06_18_0011] itr #2 | fitting baseline...
2021-04-16 10:17:46.224184 CEST | [test_discounts_2021_04_16_10_06_18_0011] itr #2 | fitted
2021-04-16 10:17:46.226832 CEST | [test_discounts_2021_04_16_10_06_18_0011] itr #2 | fitting baseline...
2021-04-16 10:17:46.227861 CEST | [test_discounts_2021_04_16_10_06_18_0011] itr #2 | fitted
2021-04-16 10:17:46.229987 CEST | [test_discounts_2021_04_16_10_06_18_0011] itr #2 | fitting baseline...
2021-04-16 10:17:46.231114 CEST | [test_discounts_2021_04_16_10_06_18_0011] itr #2 | fitted
2021-04-16 10:17:48.401172 CEST | [test_discounts_2021_04_16_10_06_18_0011] itr #3 | fitting baseline...
2021-04-16 10:17:48.402050 CEST | [test_discounts_2021_04_16_10_06_18_0011] itr #3 | fitted
2021-04-16 10:17:48.403676 CEST | [test_discounts_2021_04_16_10_06_18_0011] itr #3 | fitting baseline...
2021-04-16 10:17:48.404416 CEST | [test_discounts_2021_04_16_10_06_18_0011] itr #3 | fitted
2021-04-16 10:17:48.406654 CEST | [test_discounts_2021_04_16_10_06_18_0011] itr #3 | fitting baseline...
2021-04-16 10:17:48.408064 CEST | [test_discounts_2021_04_16_10_06_18_0011] itr #3 | fitted
2021-04-16 10:17:48.410368 CEST | [test_discounts_2021_04_16_10_06_18_0011] itr #3 | fitting baseline...
2021-04-16 10:17:48.411278 CEST | [test_discounts_2021_04_16_10_06_18_0011] itr #3 | fitted
2021-04-16 10:17:48.413415 CEST | [test_discounts_2021_04_16_10_06_18_0011] itr #3 | fitting baseline...
2021-04-16 10:17:48.414462 CEST | [test_discounts_2021_04_16_10_06_18_0011] itr #3 | fitted
2021-04-16 10:17:48.416339 CEST | [test_discounts_2021_04_16_10_06_18_0011] itr #3 | fitting baseline...
2021-04-16 10:17:48.417118 CEST | [test_discounts_2021_04_16_10_06_18_0011] itr #3 | fitted
2021-04-16 10:17:48.418854 CEST | [test_discounts_2021_04_16_10_06_18_0011] itr #3 | fitting baseline...
2021-04-16 10:17:48.419558 CEST | [test_discounts_2021_04_16_10_06_18_0011] itr #3 | fitted
2021-04-16 10:17:48.421511 CEST | [test_discounts_2021_04_16_10_06_18_0011] itr #3 | fitting baseline...
2021-04-16 10:17:48.422313 CEST | [test_discounts_2021_04_16_10_06_18_0011] itr #3 | fitted
2021-04-16 10:17:48.424393 CEST | [test_discounts_2021_04_16_10_06_18_0011] itr #3 | fitting baseline...
2021-04-16 10:17:48.425356 CEST | [test_discounts_2021_04_16_10_06_18_0011] itr #3 | fitted
2021-04-16 10:17:48.427808 CEST | [test_discounts_2021_04_16_10_06_18_0011] itr #3 | fitting baseline...
2021-04-16 10:17:48.428777 CEST | [test_discounts_2021_04_16_10_06_18_0011] itr #3 | fitted
2021-04-16 10:17:50.154017 CEST | [test_discounts_2021_04_16_10_06_18_0011] itr #4 | fitting baseline...
2021-04-16 10:17:50.154904 CEST | [test_discounts_2021_04_16_10_06_18_0011] itr #4 | fitted
2021-04-16 10:17:50.156924 CEST | [test_discounts_2021_04_16_10_06_18_0011] itr #4 | fitting baseline...
2021-04-16 10:17:50.158092 CEST | [test_discounts_2021_04_16_10_06_18_0011] itr #4 | fitted
2021-04-16 10:17:50.159788 CEST | [test_discounts_2021_04_16_10_06_18_0011] itr #4 | fitting baseline...
2021-04-16 10:17:50.160541 CEST | [test_discounts_2021_04_16_10_06_18_0011] itr #4 | fitted
2021-04-16 10:17:50.161993 CEST | [test_discounts_2021_04_16_10_06_18_0011] itr #4 | fitting baseline...
2021-04-16 10:17:50.162638 CEST | [test_discounts_2021_04_16_10_06_18_0011] itr #4 | fitted
2021-04-16 10:17:50.163954 CEST | [test_discounts_2021_04_16_10_06_18_0011] itr #4 | fitting baseline...
2021-04-16 10:17:50.164576 CEST | [test_discounts_2021_04_16_10_06_18_0011] itr #4 | fitted
2021-04-16 10:17:50.166199 CEST | [test_discounts_2021_04_16_10_06_18_0011] itr #4 | fitting baseline...
2021-04-16 10:17:50.166879 CEST | [test_discounts_2021_04_16_10_06_18_0011] itr #4 | fitted
2021-04-16 10:17:50.168664 CEST | [test_discounts_2021_04_16_10_06_18_0011] itr #4 | fitting baseline...
2021-04-16 10:17:50.169421 CEST | [test_discounts_2021_04_16_10_06_18_0011] itr #4 | fitted
2021-04-16 10:17:50.171126 CEST | [test_discounts_2021_04_16_10_06_18_0011] itr #4 | fitting baseline...
2021-04-16 10:17:50.171952 CEST | [test_discounts_2021_04_16_10_06_18_0011] itr #4 | fitted
2021-04-16 10:17:50.173647 CEST | [test_discounts_2021_04_16_10_06_18_0011] itr #4 | fitting baseline...
2021-04-16 10:17:50.174358 CEST | [test_discounts_2021_04_16_10_06_18_0011] itr #4 | fitted
2021-04-16 10:17:50.175960 CEST | [test_discounts_2021_04_16_10_06_18_0011] itr #4 | fitting baseline...
2021-04-16 10:17:50.176694 CEST | [test_discounts_2021_04_16_10_06_18_0011] itr #4 | fitted
2021-04-16 10:17:51.987914 CEST | [test_discounts_2021_04_16_10_06_18_0011] itr #5 | fitting baseline...
2021-04-16 10:17:51.988723 CEST | [test_discounts_2021_04_16_10_06_18_0011] itr #5 | fitted
2021-04-16 10:17:51.990017 CEST | [test_discounts_2021_04_16_10_06_18_0011] itr #5 | fitting baseline...
2021-04-16 10:17:51.990676 CEST | [test_discounts_2021_04_16_10_06_18_0011] itr #5 | fitted
2021-04-16 10:17:51.991967 CEST | [test_discounts_2021_04_16_10_06_18_0011] itr #5 | fitting baseline...
2021-04-16 10:17:51.992694 CEST | [test_discounts_2021_04_16_10_06_18_0011] itr #5 | fitted
2021-04-16 10:17:51.995017 CEST | [test_discounts_2021_04_16_10_06_18_0011] itr #5 | fitting baseline...
2021-04-16 10:17:51.996010 CEST | [test_discounts_2021_04_16_10_06_18_0011] itr #5 | fitted
2021-04-16 10:17:51.997451 CEST | [test_discounts_2021_04_16_10_06_18_0011] itr #5 | fitting baseline...
2021-04-16 10:17:51.998084 CEST | [test_discounts_2021_04_16_10_06_18_0011] itr #5 | fitted
2021-04-16 10:17:51.999302 CEST | [test_discounts_2021_04_16_10_06_18_0011] itr #5 | fitting baseline...
2021-04-16 10:17:51.999853 CEST | [test_discounts_2021_04_16_10_06_18_0011] itr #5 | fitted
2021-04-16 10:17:52.001888 CEST | [test_discounts_2021_04_16_10_06_18_0011] itr #5 | fitting baseline...
2021-04-16 10:17:52.002628 CEST | [test_discounts_2021_04_16_10_06_18_0011] itr #5 | fitted
2021-04-16 10:17:52.004304 CEST | [test_discounts_2021_04_16_10_06_18_0011] itr #5 | fitting baseline...
2021-04-16 10:17:52.005066 CEST | [test_discounts_2021_04_16_10_06_18_0011] itr #5 | fitted
2021-04-16 10:17:52.006603 CEST | [test_discounts_2021_04_16_10_06_18_0011] itr #5 | fitting baseline...
2021-04-16 10:17:52.007626 CEST | [test_discounts_2021_04_16_10_06_18_0011] itr #5 | fitted
2021-04-16 10:17:52.009550 CEST | [test_discounts_2021_04_16_10_06_18_0011] itr #5 | fitting baseline...
2021-04-16 10:17:52.010376 CEST | [test_discounts_2021_04_16_10_06_18_0011] itr #5 | fitted
2021-04-16 10:17:52.045525 CEST | [test_discounts_2021_04_16_10_06_18_0011] itr #5 | saving snapshot...
2021-04-16 10:17:52.051670 CEST | [test_discounts_2021_04_16_10_06_18_0011] itr #5 | saved
2021-04-16 10:17:52.077034 CEST | -----------------------  ----------------
2021-04-16 10:17:52.077267 CEST | Iteration                     0
2021-04-16 10:17:52.077411 CEST | AverageDiscountedReturn      17.496
2021-04-16 10:17:52.077550 CEST | AverageReturn                58.9321
2021-04-16 10:17:52.077687 CEST | ExplainedVariance             2.12946e-10
2021-04-16 10:17:52.077824 CEST | NumTrajs                     58
2021-04-16 10:17:52.077961 CEST | Entropy                       1.41894
2021-04-16 10:17:52.078097 CEST | Perplexity                    4.13273
2021-04-16 10:17:52.078299 CEST | StdReturn                    54.2383
2021-04-16 10:17:52.078453 CEST | MaxReturn                   319.913
2021-04-16 10:17:52.078591 CEST | MinReturn                     9.97914
2021-04-16 10:17:52.078731 CEST | Iteration                     0
2021-04-16 10:17:52.078867 CEST | AverageDiscountedReturn      16.9682
2021-04-16 10:17:52.079000 CEST | AverageReturn                42.8621
2021-04-16 10:17:52.079136 CEST | ExplainedVariance             0.540788
2021-04-16 10:17:52.079276 CEST | NumTrajs                     76
2021-04-16 10:17:52.079411 CEST | Entropy                       1.41894
2021-04-16 10:17:52.079553 CEST | Perplexity                    4.13273
2021-04-16 10:17:52.079690 CEST | StdReturn                    29.709
2021-04-16 10:17:52.079827 CEST | MaxReturn                   149.837
2021-04-16 10:17:52.080006 CEST | MinReturn                     9.98041
2021-04-16 10:17:52.080165 CEST | Iteration                     0
2021-04-16 10:17:52.080303 CEST | AverageDiscountedReturn      16.4565
2021-04-16 10:17:52.080439 CEST | AverageReturn                52.777
2021-04-16 10:17:52.080574 CEST | ExplainedVariance             0.220546
2021-04-16 10:17:52.080710 CEST | NumTrajs                     64
2021-04-16 10:17:52.080848 CEST | Entropy                       1.41894
2021-04-16 10:17:52.080983 CEST | Perplexity                    4.13273
2021-04-16 10:17:52.081118 CEST | StdReturn                    51.2889
2021-04-16 10:17:52.081255 CEST | MaxReturn                   349.869
2021-04-16 10:17:52.081391 CEST | MinReturn                     0
2021-04-16 10:17:52.081525 CEST | Iteration                     0
2021-04-16 10:17:52.081661 CEST | AverageDiscountedReturn      17.2401
2021-04-16 10:17:52.081797 CEST | AverageReturn                54.7277
2021-04-16 10:17:52.081934 CEST | ExplainedVariance             0.574194
2021-04-16 10:17:52.082070 CEST | NumTrajs                     63
2021-04-16 10:17:52.082206 CEST | Entropy                       1.41894
2021-04-16 10:17:52.082356 CEST | Perplexity                    4.13273
2021-04-16 10:17:52.082495 CEST | StdReturn                    41.1893
2021-04-16 10:17:52.082631 CEST | MaxReturn                   169.911
2021-04-16 10:17:52.082768 CEST | MinReturn                     0
2021-04-16 10:17:52.082902 CEST | Iteration                     0
2021-04-16 10:17:52.083040 CEST | AverageDiscountedReturn      16.9947
2021-04-16 10:17:52.083175 CEST | AverageReturn                54.7267
2021-04-16 10:17:52.083312 CEST | ExplainedVariance             0.577597
2021-04-16 10:17:52.083448 CEST | NumTrajs                     63
2021-04-16 10:17:52.083585 CEST | Entropy                       1.41894
2021-04-16 10:17:52.083722 CEST | Perplexity                    4.13273
2021-04-16 10:17:52.083856 CEST | StdReturn                    45.3656
2021-04-16 10:17:52.083992 CEST | MaxReturn                   189.94
2021-04-16 10:17:52.084147 CEST | MinReturn                     0
2021-04-16 10:17:52.084281 CEST | Iteration                     0
2021-04-16 10:17:52.084414 CEST | AverageDiscountedReturn      17.258
2021-04-16 10:17:52.084549 CEST | AverageReturn                54.3416
2021-04-16 10:17:52.084685 CEST | ExplainedVariance             0.575395
2021-04-16 10:17:52.084820 CEST | NumTrajs                     64
2021-04-16 10:17:52.084955 CEST | Entropy                       1.41894
2021-04-16 10:17:52.085090 CEST | Perplexity                    4.13273
2021-04-16 10:17:52.085225 CEST | StdReturn                    44.2414
2021-04-16 10:17:52.085426 CEST | MaxReturn                   199.931
2021-04-16 10:17:52.085563 CEST | MinReturn                     0
2021-04-16 10:17:52.085701 CEST | Iteration                     0
2021-04-16 10:17:52.085837 CEST | AverageDiscountedReturn      18.3125
2021-04-16 10:17:52.085976 CEST | AverageReturn                58.9267
2021-04-16 10:17:52.086113 CEST | ExplainedVariance             0.575839
2021-04-16 10:17:52.086251 CEST | NumTrajs                     58
2021-04-16 10:17:52.086386 CEST | Entropy                       1.41894
2021-04-16 10:17:52.086522 CEST | Perplexity                    4.13273
2021-04-16 10:17:52.086658 CEST | StdReturn                    41.8645
2021-04-16 10:17:52.086800 CEST | MaxReturn                   239.886
2021-04-16 10:17:52.086986 CEST | MinReturn                     9.98377
2021-04-16 10:17:52.087127 CEST | Iteration                     0
2021-04-16 10:17:52.087262 CEST | AverageDiscountedReturn      18.1284
2021-04-16 10:17:52.087396 CEST | AverageReturn                53.615
2021-04-16 10:17:52.087531 CEST | ExplainedVariance             0.518461
2021-04-16 10:17:52.087665 CEST | NumTrajs                     63
2021-04-16 10:17:52.087802 CEST | Entropy                       1.41894
2021-04-16 10:17:52.087938 CEST | Perplexity                    4.13273
2021-04-16 10:17:52.088091 CEST | StdReturn                    30.961
2021-04-16 10:17:52.088231 CEST | MaxReturn                   169.849
2021-04-16 10:17:52.088368 CEST | MinReturn                     9.97921
2021-04-16 10:17:52.088506 CEST | Iteration                     0
2021-04-16 10:17:52.088641 CEST | AverageDiscountedReturn      18.5676
2021-04-16 10:17:52.088778 CEST | AverageReturn                76.9816
2021-04-16 10:17:52.088913 CEST | ExplainedVariance             0.596663
2021-04-16 10:17:52.089049 CEST | NumTrajs                     47
2021-04-16 10:17:52.089184 CEST | Entropy                       1.41894
2021-04-16 10:17:52.089319 CEST | Perplexity                    4.13273
2021-04-16 10:17:52.089453 CEST | StdReturn                    51.5075
2021-04-16 10:17:52.089589 CEST | MaxReturn                   199.932
2021-04-16 10:17:52.089724 CEST | MinReturn                     9.98003
2021-04-16 10:17:52.089861 CEST | Iteration                     0
2021-04-16 10:17:52.089995 CEST | AverageDiscountedReturn      17.0455
2021-04-16 10:17:52.090133 CEST | AverageReturn                54.4829
2021-04-16 10:17:52.090268 CEST | ExplainedVariance             0.58771
2021-04-16 10:17:52.090422 CEST | NumTrajs                     62
2021-04-16 10:17:52.090558 CEST | Entropy                       1.41894
2021-04-16 10:17:52.090694 CEST | Perplexity                    4.13273
2021-04-16 10:17:52.090828 CEST | StdReturn                    43.3335
2021-04-16 10:17:52.090963 CEST | MaxReturn                   199.898
2021-04-16 10:17:52.091099 CEST | MinReturn                     0
2021-04-16 10:17:52.091233 CEST | AveragePolicyStd              1
2021-04-16 10:17:52.091369 CEST | AveragePolicyStd              1
2021-04-16 10:17:52.091503 CEST | AveragePolicyStd              1
2021-04-16 10:17:52.091636 CEST | AveragePolicyStd              1
2021-04-16 10:17:52.091775 CEST | AveragePolicyStd              1
2021-04-16 10:17:52.091910 CEST | AveragePolicyStd              1
2021-04-16 10:17:52.092061 CEST | AveragePolicyStd              1
2021-04-16 10:17:52.092201 CEST | AveragePolicyStd              1
2021-04-16 10:17:52.092339 CEST | AveragePolicyStd              1
2021-04-16 10:17:52.092554 CEST | AveragePolicyStd              1
2021-04-16 10:17:52.092694 CEST | Iteration                     1
2021-04-16 10:17:52.092832 CEST | AverageDiscountedReturn      18.0313
2021-04-16 10:17:52.092972 CEST | AverageReturn               101.323
2021-04-16 10:17:52.093114 CEST | ExplainedVariance            -0.0867228
2021-04-16 10:17:52.093254 CEST | NumTrajs                     36
2021-04-16 10:17:52.093393 CEST | Entropy                       1.4095
2021-04-16 10:17:52.093533 CEST | Perplexity                    4.09392
2021-04-16 10:17:52.093669 CEST | StdReturn                    82.2572
2021-04-16 10:17:52.093813 CEST | MaxReturn                   299.927
2021-04-16 10:17:52.093967 CEST | MinReturn                     0
2021-04-16 10:17:52.094148 CEST | Iteration                     1
2021-04-16 10:17:52.094290 CEST | AverageDiscountedReturn      18.6643
2021-04-16 10:17:52.094427 CEST | AverageReturn               101.021
2021-04-16 10:17:52.094564 CEST | ExplainedVariance             0.544402
2021-04-16 10:17:52.094700 CEST | NumTrajs                     37
2021-04-16 10:17:52.094835 CEST | Entropy                       1.4095
2021-04-16 10:17:52.094970 CEST | Perplexity                    4.09392
2021-04-16 10:17:52.095106 CEST | StdReturn                    75.1498
2021-04-16 10:17:52.095243 CEST | MaxReturn                   269.889
2021-04-16 10:17:52.095380 CEST | MinReturn                     9.99056
2021-04-16 10:17:52.095517 CEST | Iteration                     1
2021-04-16 10:17:52.095653 CEST | AverageDiscountedReturn      18.4236
2021-04-16 10:17:52.095790 CEST | AverageReturn               109.054
2021-04-16 10:17:52.095927 CEST | ExplainedVariance             0.47871
2021-04-16 10:17:52.096093 CEST | NumTrajs                     34
2021-04-16 10:17:52.096236 CEST | Entropy                       1.4095
2021-04-16 10:17:52.096374 CEST | Perplexity                    4.09392
2021-04-16 10:17:52.096512 CEST | StdReturn                    87.2553
2021-04-16 10:17:52.096649 CEST | MaxReturn                   359.814
2021-04-16 10:17:52.096790 CEST | MinReturn                     0
2021-04-16 10:17:52.096930 CEST | Iteration                     1
2021-04-16 10:17:52.097068 CEST | AverageDiscountedReturn      18.826
2021-04-16 10:17:52.097206 CEST | AverageReturn               121.532
2021-04-16 10:17:52.097345 CEST | ExplainedVariance             0.0124489
2021-04-16 10:17:52.097484 CEST | NumTrajs                     31
2021-04-16 10:17:52.097623 CEST | Entropy                       1.4095
2021-04-16 10:17:52.097761 CEST | Perplexity                    4.09392
2021-04-16 10:17:52.097900 CEST | StdReturn                    86.7301
2021-04-16 10:17:52.098037 CEST | MaxReturn                   369.87
2021-04-16 10:17:52.098176 CEST | MinReturn                     9.97962
2021-04-16 10:17:52.098312 CEST | Iteration                     1
2021-04-16 10:17:52.098449 CEST | AverageDiscountedReturn      17.7853
2021-04-16 10:17:52.098587 CEST | AverageReturn                92.1464
2021-04-16 10:17:52.098738 CEST | ExplainedVariance             0.413008
2021-04-16 10:17:52.098877 CEST | NumTrajs                     41
2021-04-16 10:17:52.099015 CEST | Entropy                       1.4095
2021-04-16 10:17:52.099151 CEST | Perplexity                    4.09392
2021-04-16 10:17:52.099287 CEST | StdReturn                    70.3908
2021-04-16 10:17:52.099423 CEST | MaxReturn                   269.899
2021-04-16 10:17:52.099567 CEST | MinReturn                     0
2021-04-16 10:17:52.099757 CEST | Iteration                     1
2021-04-16 10:17:52.099896 CEST | AverageDiscountedReturn      19.1824
2021-04-16 10:17:52.100036 CEST | AverageReturn               108.463
2021-04-16 10:17:52.100187 CEST | ExplainedVariance             0.296454
2021-04-16 10:17:52.100325 CEST | NumTrajs                     34
2021-04-16 10:17:52.100466 CEST | Entropy                       1.4095
2021-04-16 10:17:52.100604 CEST | Perplexity                    4.09392
2021-04-16 10:17:52.100741 CEST | StdReturn                    87.3864
2021-04-16 10:17:52.100879 CEST | MaxReturn                   329.864
2021-04-16 10:17:52.101021 CEST | MinReturn                     9.98406
2021-04-16 10:17:52.101161 CEST | Iteration                     1
2021-04-16 10:17:52.101342 CEST | AverageDiscountedReturn      18.2942
2021-04-16 10:17:52.101481 CEST | AverageReturn               107.078
2021-04-16 10:17:52.101620 CEST | ExplainedVariance             0.423932
2021-04-16 10:17:52.101758 CEST | NumTrajs                     35
2021-04-16 10:17:52.101899 CEST | Entropy                       1.4095
2021-04-16 10:17:52.102040 CEST | Perplexity                    4.09392
2021-04-16 10:17:52.102178 CEST | StdReturn                    73.4693
2021-04-16 10:17:52.102319 CEST | MaxReturn                   269.831
2021-04-16 10:17:52.102457 CEST | MinReturn                     0
2021-04-16 10:17:52.102594 CEST | Iteration                     1
2021-04-16 10:17:52.102734 CEST | AverageDiscountedReturn      18.8488
2021-04-16 10:17:52.102871 CEST | AverageReturn               124.609
2021-04-16 10:17:52.103006 CEST | ExplainedVariance            -2.13632
2021-04-16 10:17:52.103143 CEST | NumTrajs                     32
2021-04-16 10:17:52.103278 CEST | Entropy                       1.4095
2021-04-16 10:17:52.103415 CEST | Perplexity                    4.09392
2021-04-16 10:17:52.103552 CEST | StdReturn                   101.045
2021-04-16 10:17:52.103689 CEST | MaxReturn                   359.91
2021-04-16 10:17:52.103827 CEST | MinReturn                     9.97953
2021-04-16 10:17:52.103975 CEST | Iteration                     1
2021-04-16 10:17:52.104131 CEST | AverageDiscountedReturn      19.5685
2021-04-16 10:17:52.104272 CEST | AverageReturn               129.584
2021-04-16 10:17:52.104414 CEST | ExplainedVariance             0.392418
2021-04-16 10:17:52.104550 CEST | NumTrajs                     29
2021-04-16 10:17:52.104688 CEST | Entropy                       1.4095
2021-04-16 10:17:52.104824 CEST | Perplexity                    4.09392
2021-04-16 10:17:52.104961 CEST | StdReturn                   104.732
2021-04-16 10:17:52.105100 CEST | MaxReturn                   539.779
2021-04-16 10:17:52.105236 CEST | MinReturn                    29.9617
2021-04-16 10:17:52.105372 CEST | Iteration                     1
2021-04-16 10:17:52.105508 CEST | AverageDiscountedReturn      18.8862
2021-04-16 10:17:52.105644 CEST | AverageReturn               102.435
2021-04-16 10:17:52.105781 CEST | ExplainedVariance             0.416589
2021-04-16 10:17:52.105919 CEST | NumTrajs                     36
2021-04-16 10:17:52.106057 CEST | Entropy                       1.4095
2021-04-16 10:17:52.106194 CEST | Perplexity                    4.09392
2021-04-16 10:17:52.106330 CEST | StdReturn                    86.1293
2021-04-16 10:17:52.106466 CEST | MaxReturn                   459.842
2021-04-16 10:17:52.106601 CEST | MinReturn                     9.98006
2021-04-16 10:17:52.106836 CEST | AveragePolicyStd              0.99061
2021-04-16 10:17:52.106980 CEST | AveragePolicyStd              0.99061
2021-04-16 10:17:52.107133 CEST | AveragePolicyStd              0.99061
2021-04-16 10:17:52.107272 CEST | AveragePolicyStd              0.99061
2021-04-16 10:17:52.107411 CEST | AveragePolicyStd              0.99061
2021-04-16 10:17:52.107552 CEST | AveragePolicyStd              0.99061
2021-04-16 10:17:52.107693 CEST | AveragePolicyStd              0.99061
2021-04-16 10:17:52.107833 CEST | AveragePolicyStd              0.99061
2021-04-16 10:17:52.107974 CEST | AveragePolicyStd              0.99061
2021-04-16 10:17:52.108138 CEST | AveragePolicyStd              0.99061
2021-04-16 10:17:52.108277 CEST | Iteration                     2
2021-04-16 10:17:52.108467 CEST | AverageDiscountedReturn      18.78
2021-04-16 10:17:52.108607 CEST | AverageReturn               144.918
2021-04-16 10:17:52.108747 CEST | ExplainedVariance             0.267627
2021-04-16 10:17:52.108885 CEST | NumTrajs                     26
2021-04-16 10:17:52.109023 CEST | Entropy                       1.3999
2021-04-16 10:17:52.109161 CEST | Perplexity                    4.05481
2021-04-16 10:17:52.109301 CEST | StdReturn                   154.969
2021-04-16 10:17:52.109440 CEST | MaxReturn                   609.871
2021-04-16 10:17:52.109576 CEST | MinReturn                     9.97912
2021-04-16 10:17:52.109714 CEST | Iteration                     2
2021-04-16 10:17:52.109850 CEST | AverageDiscountedReturn      18.3544
2021-04-16 10:17:52.109989 CEST | AverageReturn               164.9
2021-04-16 10:17:52.110125 CEST | ExplainedVariance             0.115861
2021-04-16 10:17:52.110265 CEST | NumTrajs                     26
2021-04-16 10:17:52.110405 CEST | Entropy                       1.3999
2021-04-16 10:17:52.110555 CEST | Perplexity                    4.05481
2021-04-16 10:17:52.110694 CEST | StdReturn                   168.287
2021-04-16 10:17:52.110832 CEST | MaxReturn                   719.709
2021-04-16 10:17:52.110969 CEST | MinReturn                     0
2021-04-16 10:17:52.111107 CEST | Iteration                     2
2021-04-16 10:17:52.111246 CEST | AverageDiscountedReturn      18.0385
2021-04-16 10:17:52.111384 CEST | AverageReturn               128.585
2021-04-16 10:17:52.111521 CEST | ExplainedVariance             0.469863
2021-04-16 10:17:52.111659 CEST | NumTrajs                     30
2021-04-16 10:17:52.111801 CEST | Entropy                       1.3999
2021-04-16 10:17:52.111938 CEST | Perplexity                    4.05481
2021-04-16 10:17:52.112116 CEST | StdReturn                   106.899
2021-04-16 10:17:52.112258 CEST | MaxReturn                   419.799
2021-04-16 10:17:52.112396 CEST | MinReturn                     9.9792
2021-04-16 10:17:52.112535 CEST | Iteration                     2
2021-04-16 10:17:52.112674 CEST | AverageDiscountedReturn      18.0319
2021-04-16 10:17:52.112812 CEST | AverageReturn               146.829
2021-04-16 10:17:52.112950 CEST | ExplainedVariance             0.347666
2021-04-16 10:17:52.113088 CEST | NumTrajs                     26
2021-04-16 10:17:52.113226 CEST | Entropy                       1.3999
2021-04-16 10:17:52.113368 CEST | Perplexity                    4.05481
2021-04-16 10:17:52.113506 CEST | StdReturn                   108.494
2021-04-16 10:17:52.113645 CEST | MaxReturn                   349.761
2021-04-16 10:17:52.113882 CEST | MinReturn                     0
2021-04-16 10:17:52.114046 CEST | Iteration                     2
2021-04-16 10:17:52.114185 CEST | AverageDiscountedReturn      18.9423
2021-04-16 10:17:52.114321 CEST | AverageReturn               208.384
2021-04-16 10:17:52.114461 CEST | ExplainedVariance             0.156676
2021-04-16 10:17:52.114610 CEST | NumTrajs                     20
2021-04-16 10:17:52.114754 CEST | Entropy                       1.3999
2021-04-16 10:17:52.114892 CEST | Perplexity                    4.05481
2021-04-16 10:17:52.115030 CEST | StdReturn                   135.607
2021-04-16 10:17:52.115169 CEST | MaxReturn                   589.796
2021-04-16 10:17:52.115326 CEST | MinReturn                     0
2021-04-16 10:17:52.115527 CEST | Iteration                     2
2021-04-16 10:17:52.115673 CEST | AverageDiscountedReturn      19.1239
2021-04-16 10:17:52.115815 CEST | AverageReturn               134.561
2021-04-16 10:17:52.115963 CEST | ExplainedVariance             0.335716
2021-04-16 10:17:52.116118 CEST | NumTrajs                     28
2021-04-16 10:17:52.116257 CEST | Entropy                       1.3999
2021-04-16 10:17:52.116396 CEST | Perplexity                    4.05481
2021-04-16 10:17:52.116536 CEST | StdReturn                   104.197
2021-04-16 10:17:52.116675 CEST | MaxReturn                   379.84
2021-04-16 10:17:52.116814 CEST | MinReturn                     9.98214
2021-04-16 10:17:52.116953 CEST | Iteration                     2
2021-04-16 10:17:52.117091 CEST | AverageDiscountedReturn      19.0197
2021-04-16 10:17:52.117229 CEST | AverageReturn               192.393
2021-04-16 10:17:52.117370 CEST | ExplainedVariance             0.420828
2021-04-16 10:17:52.117510 CEST | NumTrajs                     20
2021-04-16 10:17:52.117649 CEST | Entropy                       1.3999
2021-04-16 10:17:52.117789 CEST | Perplexity                    4.05481
2021-04-16 10:17:52.117931 CEST | StdReturn                   128.284
2021-04-16 10:17:52.118070 CEST | MaxReturn                   419.866
2021-04-16 10:17:52.118210 CEST | MinReturn                     9.98393
2021-04-16 10:17:52.118349 CEST | Iteration                     2
2021-04-16 10:17:52.118488 CEST | AverageDiscountedReturn      19.2791
2021-04-16 10:17:52.118628 CEST | AverageReturn               176.724
2021-04-16 10:17:52.118767 CEST | ExplainedVariance             0.25887
2021-04-16 10:17:52.118906 CEST | NumTrajs                     22
2021-04-16 10:17:52.119045 CEST | Entropy                       1.3999
2021-04-16 10:17:52.119186 CEST | Perplexity                    4.05481
2021-04-16 10:17:52.119324 CEST | StdReturn                   121.683
2021-04-16 10:17:52.119463 CEST | MaxReturn                   569.888
2021-04-16 10:17:52.119602 CEST | MinReturn                     9.98395
2021-04-16 10:17:52.119743 CEST | Iteration                     2
2021-04-16 10:17:52.119883 CEST | AverageDiscountedReturn      18.7794
2021-04-16 10:17:52.120021 CEST | AverageReturn               128.529
2021-04-16 10:17:52.120185 CEST | ExplainedVariance             0.38868
2021-04-16 10:17:52.120324 CEST | NumTrajs                     29
2021-04-16 10:17:52.120464 CEST | Entropy                       1.3999
2021-04-16 10:17:52.120603 CEST | Perplexity                    4.05481
2021-04-16 10:17:52.120742 CEST | StdReturn                   106.868
2021-04-16 10:17:52.120883 CEST | MaxReturn                   379.912
2021-04-16 10:17:52.121146 CEST | MinReturn                     9.98041
2021-04-16 10:17:52.121291 CEST | Iteration                     2
2021-04-16 10:17:52.121433 CEST | AverageDiscountedReturn      18.9995
2021-04-16 10:17:52.121582 CEST | AverageReturn               154.703
2021-04-16 10:17:52.121724 CEST | ExplainedVariance             0.37493
2021-04-16 10:17:52.121870 CEST | NumTrajs                     25
2021-04-16 10:17:52.122016 CEST | Entropy                       1.3999
2021-04-16 10:17:52.122162 CEST | Perplexity                    4.05481
2021-04-16 10:17:52.122307 CEST | StdReturn                   113.095
2021-04-16 10:17:52.122450 CEST | MaxReturn                   379.821
2021-04-16 10:17:52.122597 CEST | MinReturn                    19.9674
2021-04-16 10:17:52.122797 CEST | AveragePolicyStd              0.981145
2021-04-16 10:17:52.122939 CEST | AveragePolicyStd              0.981145
2021-04-16 10:17:52.123081 CEST | AveragePolicyStd              0.981145
2021-04-16 10:17:52.123221 CEST | AveragePolicyStd              0.981145
2021-04-16 10:17:52.123361 CEST | AveragePolicyStd              0.981145
2021-04-16 10:17:52.123500 CEST | AveragePolicyStd              0.981145
2021-04-16 10:17:52.123643 CEST | AveragePolicyStd              0.981145
2021-04-16 10:17:52.123784 CEST | AveragePolicyStd              0.981145
2021-04-16 10:17:52.123939 CEST | AveragePolicyStd              0.981145
2021-04-16 10:17:52.124122 CEST | AveragePolicyStd              0.981145
2021-04-16 10:17:52.124265 CEST | Iteration                     3
2021-04-16 10:17:52.124405 CEST | AverageDiscountedReturn      19.7538
2021-04-16 10:17:52.124560 CEST | AverageReturn               239.855
2021-04-16 10:17:52.124704 CEST | ExplainedVariance            -0.768954
2021-04-16 10:17:52.124844 CEST | NumTrajs                     16
2021-04-16 10:17:52.124996 CEST | Entropy                       1.39023
2021-04-16 10:17:52.125135 CEST | Perplexity                    4.01576
2021-04-16 10:17:52.125274 CEST | StdReturn                   169.764
2021-04-16 10:17:52.125416 CEST | MaxReturn                   639.775
2021-04-16 10:17:52.125555 CEST | MinReturn                    29.9643
2021-04-16 10:17:52.125696 CEST | Iteration                     3
2021-04-16 10:17:52.125837 CEST | AverageDiscountedReturn      19.3188
2021-04-16 10:17:52.125977 CEST | AverageReturn               257.175
2021-04-16 10:17:52.126117 CEST | ExplainedVariance             0.303214
2021-04-16 10:17:52.126257 CEST | NumTrajs                     15
2021-04-16 10:17:52.126399 CEST | Entropy                       1.39023
2021-04-16 10:17:52.126538 CEST | Perplexity                    4.01576
2021-04-16 10:17:52.126679 CEST | StdReturn                   143.024
2021-04-16 10:17:52.126819 CEST | MaxReturn                   539.733
2021-04-16 10:17:52.126958 CEST | MinReturn                     9.97979
2021-04-16 10:17:52.127098 CEST | Iteration                     3
2021-04-16 10:17:52.127239 CEST | AverageDiscountedReturn      18.3742
2021-04-16 10:17:52.127378 CEST | AverageReturn               208.324
2021-04-16 10:17:52.127518 CEST | ExplainedVariance             0.324436
2021-04-16 10:17:52.127658 CEST | NumTrajs                     19
2021-04-16 10:17:52.127798 CEST | Entropy                       1.39023
2021-04-16 10:17:52.127938 CEST | Perplexity                    4.01576
2021-04-16 10:17:52.128158 CEST | StdReturn                   153.184
2021-04-16 10:17:52.128310 CEST | MaxReturn                   529.874
2021-04-16 10:17:52.128454 CEST | MinReturn                     0
2021-04-16 10:17:52.128606 CEST | Iteration                     3
2021-04-16 10:17:52.128752 CEST | AverageDiscountedReturn      18.4346
2021-04-16 10:17:52.128899 CEST | AverageReturn               205.372
2021-04-16 10:17:52.129043 CEST | ExplainedVariance             0.18594
2021-04-16 10:17:52.129189 CEST | NumTrajs                     20
2021-04-16 10:17:52.129331 CEST | Entropy                       1.39023
2021-04-16 10:17:52.129485 CEST | Perplexity                    4.01576
2021-04-16 10:17:52.129628 CEST | StdReturn                   192.21
2021-04-16 10:17:52.129819 CEST | MaxReturn                   699.809
2021-04-16 10:17:52.129962 CEST | MinReturn                     9.98231
2021-04-16 10:17:52.130104 CEST | Iteration                     3
2021-04-16 10:17:52.130245 CEST | AverageDiscountedReturn      18.7763
