2021-04-09 11:57:58.853151 CEST | [multi_agent_per_av_returns_part_bits_rep_2021_04_09_11_52_48_0004] Populating workers...
2021-04-09 11:57:58.853447 CEST | [multi_agent_per_av_returns_part_bits_rep_2021_04_09_11_52_48_0004] Populated
2021-04-09 11:57:58.853585 CEST | [multi_agent_per_av_returns_part_bits_rep_2021_04_09_11_52_48_0004] Populating workers...
2021-04-09 11:57:58.853723 CEST | [multi_agent_per_av_returns_part_bits_rep_2021_04_09_11_52_48_0004] Populated
2021-04-09 11:57:58.853898 CEST | [multi_agent_per_av_returns_part_bits_rep_2021_04_09_11_52_48_0004] Populating workers...
2021-04-09 11:57:58.854034 CEST | [multi_agent_per_av_returns_part_bits_rep_2021_04_09_11_52_48_0004] Populated
2021-04-09 11:57:58.854169 CEST | [multi_agent_per_av_returns_part_bits_rep_2021_04_09_11_52_48_0004] Populating workers...
2021-04-09 11:57:58.854304 CEST | [multi_agent_per_av_returns_part_bits_rep_2021_04_09_11_52_48_0004] Populated
2021-04-09 11:57:58.854428 CEST | [multi_agent_per_av_returns_part_bits_rep_2021_04_09_11_52_48_0004] Populating workers...
2021-04-09 11:57:58.854575 CEST | [multi_agent_per_av_returns_part_bits_rep_2021_04_09_11_52_48_0004] Populated
2021-04-09 11:57:58.854752 CEST | [multi_agent_per_av_returns_part_bits_rep_2021_04_09_11_52_48_0004] Populating workers...
2021-04-09 11:57:58.854893 CEST | [multi_agent_per_av_returns_part_bits_rep_2021_04_09_11_52_48_0004] Populated
2021-04-09 11:57:58.855040 CEST | [multi_agent_per_av_returns_part_bits_rep_2021_04_09_11_52_48_0004] Populating workers...
2021-04-09 11:57:58.855172 CEST | [multi_agent_per_av_returns_part_bits_rep_2021_04_09_11_52_48_0004] Populated
2021-04-09 11:57:58.855301 CEST | [multi_agent_per_av_returns_part_bits_rep_2021_04_09_11_52_48_0004] Populating workers...
2021-04-09 11:57:58.855439 CEST | [multi_agent_per_av_returns_part_bits_rep_2021_04_09_11_52_48_0004] Populated
2021-04-09 11:57:58.855582 CEST | [multi_agent_per_av_returns_part_bits_rep_2021_04_09_11_52_48_0004] Populating workers...
2021-04-09 11:57:58.855718 CEST | [multi_agent_per_av_returns_part_bits_rep_2021_04_09_11_52_48_0004] Populated
2021-04-09 11:57:58.855853 CEST | [multi_agent_per_av_returns_part_bits_rep_2021_04_09_11_52_48_0004] Populating workers...
2021-04-09 11:57:58.855995 CEST | [multi_agent_per_av_returns_part_bits_rep_2021_04_09_11_52_48_0004] Populated
2021-04-09 11:58:04.186542 CEST | [multi_agent_per_av_returns_part_bits_rep_2021_04_09_11_52_48_0004] itr #0 | fitting baseline...
2021-04-09 11:58:04.215029 CEST | [multi_agent_per_av_returns_part_bits_rep_2021_04_09_11_52_48_0004] itr #0 | fitted
2021-04-09 11:58:04.224473 CEST | [multi_agent_per_av_returns_part_bits_rep_2021_04_09_11_52_48_0004] itr #0 | fitting baseline...
2021-04-09 11:58:04.227201 CEST | [multi_agent_per_av_returns_part_bits_rep_2021_04_09_11_52_48_0004] itr #0 | fitted
2021-04-09 11:58:04.232054 CEST | [multi_agent_per_av_returns_part_bits_rep_2021_04_09_11_52_48_0004] itr #0 | fitting baseline...
2021-04-09 11:58:04.233260 CEST | [multi_agent_per_av_returns_part_bits_rep_2021_04_09_11_52_48_0004] itr #0 | fitted
2021-04-09 11:58:04.236601 CEST | [multi_agent_per_av_returns_part_bits_rep_2021_04_09_11_52_48_0004] itr #0 | fitting baseline...
2021-04-09 11:58:04.238369 CEST | [multi_agent_per_av_returns_part_bits_rep_2021_04_09_11_52_48_0004] itr #0 | fitted
2021-04-09 11:58:04.241448 CEST | [multi_agent_per_av_returns_part_bits_rep_2021_04_09_11_52_48_0004] itr #0 | fitting baseline...
2021-04-09 11:58:04.242825 CEST | [multi_agent_per_av_returns_part_bits_rep_2021_04_09_11_52_48_0004] itr #0 | fitted
2021-04-09 11:58:04.245804 CEST | [multi_agent_per_av_returns_part_bits_rep_2021_04_09_11_52_48_0004] itr #0 | fitting baseline...
2021-04-09 11:58:04.247088 CEST | [multi_agent_per_av_returns_part_bits_rep_2021_04_09_11_52_48_0004] itr #0 | fitted
2021-04-09 11:58:04.249683 CEST | [multi_agent_per_av_returns_part_bits_rep_2021_04_09_11_52_48_0004] itr #0 | fitting baseline...
2021-04-09 11:58:04.250818 CEST | [multi_agent_per_av_returns_part_bits_rep_2021_04_09_11_52_48_0004] itr #0 | fitted
2021-04-09 11:58:04.254163 CEST | [multi_agent_per_av_returns_part_bits_rep_2021_04_09_11_52_48_0004] itr #0 | fitting baseline...
2021-04-09 11:58:04.256315 CEST | [multi_agent_per_av_returns_part_bits_rep_2021_04_09_11_52_48_0004] itr #0 | fitted
2021-04-09 11:58:04.259564 CEST | [multi_agent_per_av_returns_part_bits_rep_2021_04_09_11_52_48_0004] itr #0 | fitting baseline...
2021-04-09 11:58:04.260927 CEST | [multi_agent_per_av_returns_part_bits_rep_2021_04_09_11_52_48_0004] itr #0 | fitted
2021-04-09 11:58:04.264155 CEST | [multi_agent_per_av_returns_part_bits_rep_2021_04_09_11_52_48_0004] itr #0 | fitting baseline...
2021-04-09 11:58:04.265555 CEST | [multi_agent_per_av_returns_part_bits_rep_2021_04_09_11_52_48_0004] itr #0 | fitted
2021-04-09 11:58:10.197093 CEST | [multi_agent_per_av_returns_part_bits_rep_2021_04_09_11_52_48_0004] itr #1 | fitting baseline...
2021-04-09 11:58:10.198550 CEST | [multi_agent_per_av_returns_part_bits_rep_2021_04_09_11_52_48_0004] itr #1 | fitted
2021-04-09 11:58:10.202113 CEST | [multi_agent_per_av_returns_part_bits_rep_2021_04_09_11_52_48_0004] itr #1 | fitting baseline...
2021-04-09 11:58:10.203887 CEST | [multi_agent_per_av_returns_part_bits_rep_2021_04_09_11_52_48_0004] itr #1 | fitted
2021-04-09 11:58:10.207532 CEST | [multi_agent_per_av_returns_part_bits_rep_2021_04_09_11_52_48_0004] itr #1 | fitting baseline...
2021-04-09 11:58:10.208911 CEST | [multi_agent_per_av_returns_part_bits_rep_2021_04_09_11_52_48_0004] itr #1 | fitted
2021-04-09 11:58:10.211588 CEST | [multi_agent_per_av_returns_part_bits_rep_2021_04_09_11_52_48_0004] itr #1 | fitting baseline...
2021-04-09 11:58:10.212721 CEST | [multi_agent_per_av_returns_part_bits_rep_2021_04_09_11_52_48_0004] itr #1 | fitted
2021-04-09 11:58:10.215626 CEST | [multi_agent_per_av_returns_part_bits_rep_2021_04_09_11_52_48_0004] itr #1 | fitting baseline...
2021-04-09 11:58:10.216956 CEST | [multi_agent_per_av_returns_part_bits_rep_2021_04_09_11_52_48_0004] itr #1 | fitted
2021-04-09 11:58:10.219848 CEST | [multi_agent_per_av_returns_part_bits_rep_2021_04_09_11_52_48_0004] itr #1 | fitting baseline...
2021-04-09 11:58:10.221001 CEST | [multi_agent_per_av_returns_part_bits_rep_2021_04_09_11_52_48_0004] itr #1 | fitted
2021-04-09 11:58:10.224086 CEST | [multi_agent_per_av_returns_part_bits_rep_2021_04_09_11_52_48_0004] itr #1 | fitting baseline...
2021-04-09 11:58:10.225340 CEST | [multi_agent_per_av_returns_part_bits_rep_2021_04_09_11_52_48_0004] itr #1 | fitted
2021-04-09 11:58:10.228230 CEST | [multi_agent_per_av_returns_part_bits_rep_2021_04_09_11_52_48_0004] itr #1 | fitting baseline...
2021-04-09 11:58:10.229426 CEST | [multi_agent_per_av_returns_part_bits_rep_2021_04_09_11_52_48_0004] itr #1 | fitted
2021-04-09 11:58:10.232347 CEST | [multi_agent_per_av_returns_part_bits_rep_2021_04_09_11_52_48_0004] itr #1 | fitting baseline...
2021-04-09 11:58:10.233994 CEST | [multi_agent_per_av_returns_part_bits_rep_2021_04_09_11_52_48_0004] itr #1 | fitted
2021-04-09 11:58:10.238273 CEST | [multi_agent_per_av_returns_part_bits_rep_2021_04_09_11_52_48_0004] itr #1 | fitting baseline...
2021-04-09 11:58:10.239940 CEST | [multi_agent_per_av_returns_part_bits_rep_2021_04_09_11_52_48_0004] itr #1 | fitted
2021-04-09 11:58:11.951838 CEST | [multi_agent_per_av_returns_part_bits_rep_2021_04_09_11_52_48_0004] itr #2 | fitting baseline...
2021-04-09 11:58:11.953023 CEST | [multi_agent_per_av_returns_part_bits_rep_2021_04_09_11_52_48_0004] itr #2 | fitted
2021-04-09 11:58:11.955042 CEST | [multi_agent_per_av_returns_part_bits_rep_2021_04_09_11_52_48_0004] itr #2 | fitting baseline...
2021-04-09 11:58:11.955867 CEST | [multi_agent_per_av_returns_part_bits_rep_2021_04_09_11_52_48_0004] itr #2 | fitted
2021-04-09 11:58:11.957988 CEST | [multi_agent_per_av_returns_part_bits_rep_2021_04_09_11_52_48_0004] itr #2 | fitting baseline...
2021-04-09 11:58:11.958862 CEST | [multi_agent_per_av_returns_part_bits_rep_2021_04_09_11_52_48_0004] itr #2 | fitted
2021-04-09 11:58:11.960870 CEST | [multi_agent_per_av_returns_part_bits_rep_2021_04_09_11_52_48_0004] itr #2 | fitting baseline...
2021-04-09 11:58:11.961659 CEST | [multi_agent_per_av_returns_part_bits_rep_2021_04_09_11_52_48_0004] itr #2 | fitted
2021-04-09 11:58:11.963397 CEST | [multi_agent_per_av_returns_part_bits_rep_2021_04_09_11_52_48_0004] itr #2 | fitting baseline...
2021-04-09 11:58:11.964363 CEST | [multi_agent_per_av_returns_part_bits_rep_2021_04_09_11_52_48_0004] itr #2 | fitted
2021-04-09 11:58:11.966834 CEST | [multi_agent_per_av_returns_part_bits_rep_2021_04_09_11_52_48_0004] itr #2 | fitting baseline...
2021-04-09 11:58:11.968051 CEST | [multi_agent_per_av_returns_part_bits_rep_2021_04_09_11_52_48_0004] itr #2 | fitted
2021-04-09 11:58:11.970965 CEST | [multi_agent_per_av_returns_part_bits_rep_2021_04_09_11_52_48_0004] itr #2 | fitting baseline...
2021-04-09 11:58:11.972473 CEST | [multi_agent_per_av_returns_part_bits_rep_2021_04_09_11_52_48_0004] itr #2 | fitted
2021-04-09 11:58:11.974642 CEST | [multi_agent_per_av_returns_part_bits_rep_2021_04_09_11_52_48_0004] itr #2 | fitting baseline...
2021-04-09 11:58:11.975581 CEST | [multi_agent_per_av_returns_part_bits_rep_2021_04_09_11_52_48_0004] itr #2 | fitted
2021-04-09 11:58:11.977542 CEST | [multi_agent_per_av_returns_part_bits_rep_2021_04_09_11_52_48_0004] itr #2 | fitting baseline...
2021-04-09 11:58:11.978457 CEST | [multi_agent_per_av_returns_part_bits_rep_2021_04_09_11_52_48_0004] itr #2 | fitted
2021-04-09 11:58:11.980713 CEST | [multi_agent_per_av_returns_part_bits_rep_2021_04_09_11_52_48_0004] itr #2 | fitting baseline...
2021-04-09 11:58:11.981745 CEST | [multi_agent_per_av_returns_part_bits_rep_2021_04_09_11_52_48_0004] itr #2 | fitted
2021-04-09 11:58:13.746821 CEST | [multi_agent_per_av_returns_part_bits_rep_2021_04_09_11_52_48_0004] itr #3 | fitting baseline...
2021-04-09 11:58:13.747971 CEST | [multi_agent_per_av_returns_part_bits_rep_2021_04_09_11_52_48_0004] itr #3 | fitted
2021-04-09 11:58:13.750527 CEST | [multi_agent_per_av_returns_part_bits_rep_2021_04_09_11_52_48_0004] itr #3 | fitting baseline...
2021-04-09 11:58:13.751589 CEST | [multi_agent_per_av_returns_part_bits_rep_2021_04_09_11_52_48_0004] itr #3 | fitted
2021-04-09 11:58:13.753784 CEST | [multi_agent_per_av_returns_part_bits_rep_2021_04_09_11_52_48_0004] itr #3 | fitting baseline...
2021-04-09 11:58:13.754831 CEST | [multi_agent_per_av_returns_part_bits_rep_2021_04_09_11_52_48_0004] itr #3 | fitted
2021-04-09 11:58:13.757034 CEST | [multi_agent_per_av_returns_part_bits_rep_2021_04_09_11_52_48_0004] itr #3 | fitting baseline...
2021-04-09 11:58:13.758059 CEST | [multi_agent_per_av_returns_part_bits_rep_2021_04_09_11_52_48_0004] itr #3 | fitted
2021-04-09 11:58:13.760870 CEST | [multi_agent_per_av_returns_part_bits_rep_2021_04_09_11_52_48_0004] itr #3 | fitting baseline...
2021-04-09 11:58:13.762077 CEST | [multi_agent_per_av_returns_part_bits_rep_2021_04_09_11_52_48_0004] itr #3 | fitted
2021-04-09 11:58:13.764474 CEST | [multi_agent_per_av_returns_part_bits_rep_2021_04_09_11_52_48_0004] itr #3 | fitting baseline...
2021-04-09 11:58:13.765522 CEST | [multi_agent_per_av_returns_part_bits_rep_2021_04_09_11_52_48_0004] itr #3 | fitted
2021-04-09 11:58:13.767891 CEST | [multi_agent_per_av_returns_part_bits_rep_2021_04_09_11_52_48_0004] itr #3 | fitting baseline...
2021-04-09 11:58:13.768986 CEST | [multi_agent_per_av_returns_part_bits_rep_2021_04_09_11_52_48_0004] itr #3 | fitted
2021-04-09 11:58:13.771917 CEST | [multi_agent_per_av_returns_part_bits_rep_2021_04_09_11_52_48_0004] itr #3 | fitting baseline...
2021-04-09 11:58:13.773453 CEST | [multi_agent_per_av_returns_part_bits_rep_2021_04_09_11_52_48_0004] itr #3 | fitted
2021-04-09 11:58:13.776044 CEST | [multi_agent_per_av_returns_part_bits_rep_2021_04_09_11_52_48_0004] itr #3 | fitting baseline...
2021-04-09 11:58:13.777027 CEST | [multi_agent_per_av_returns_part_bits_rep_2021_04_09_11_52_48_0004] itr #3 | fitted
2021-04-09 11:58:13.779123 CEST | [multi_agent_per_av_returns_part_bits_rep_2021_04_09_11_52_48_0004] itr #3 | fitting baseline...
2021-04-09 11:58:13.780123 CEST | [multi_agent_per_av_returns_part_bits_rep_2021_04_09_11_52_48_0004] itr #3 | fitted
2021-04-09 11:58:15.524311 CEST | [multi_agent_per_av_returns_part_bits_rep_2021_04_09_11_52_48_0004] itr #4 | fitting baseline...
2021-04-09 11:58:15.525435 CEST | [multi_agent_per_av_returns_part_bits_rep_2021_04_09_11_52_48_0004] itr #4 | fitted
2021-04-09 11:58:15.527858 CEST | [multi_agent_per_av_returns_part_bits_rep_2021_04_09_11_52_48_0004] itr #4 | fitting baseline...
2021-04-09 11:58:15.528972 CEST | [multi_agent_per_av_returns_part_bits_rep_2021_04_09_11_52_48_0004] itr #4 | fitted
2021-04-09 11:58:15.531108 CEST | [multi_agent_per_av_returns_part_bits_rep_2021_04_09_11_52_48_0004] itr #4 | fitting baseline...
2021-04-09 11:58:15.532050 CEST | [multi_agent_per_av_returns_part_bits_rep_2021_04_09_11_52_48_0004] itr #4 | fitted
2021-04-09 11:58:15.533802 CEST | [multi_agent_per_av_returns_part_bits_rep_2021_04_09_11_52_48_0004] itr #4 | fitting baseline...
2021-04-09 11:58:15.534582 CEST | [multi_agent_per_av_returns_part_bits_rep_2021_04_09_11_52_48_0004] itr #4 | fitted
2021-04-09 11:58:15.536841 CEST | [multi_agent_per_av_returns_part_bits_rep_2021_04_09_11_52_48_0004] itr #4 | fitting baseline...
2021-04-09 11:58:15.537844 CEST | [multi_agent_per_av_returns_part_bits_rep_2021_04_09_11_52_48_0004] itr #4 | fitted
2021-04-09 11:58:15.539802 CEST | [multi_agent_per_av_returns_part_bits_rep_2021_04_09_11_52_48_0004] itr #4 | fitting baseline...
2021-04-09 11:58:15.540636 CEST | [multi_agent_per_av_returns_part_bits_rep_2021_04_09_11_52_48_0004] itr #4 | fitted
2021-04-09 11:58:15.542302 CEST | [multi_agent_per_av_returns_part_bits_rep_2021_04_09_11_52_48_0004] itr #4 | fitting baseline...
2021-04-09 11:58:15.543053 CEST | [multi_agent_per_av_returns_part_bits_rep_2021_04_09_11_52_48_0004] itr #4 | fitted
2021-04-09 11:58:15.544876 CEST | [multi_agent_per_av_returns_part_bits_rep_2021_04_09_11_52_48_0004] itr #4 | fitting baseline...
2021-04-09 11:58:15.545997 CEST | [multi_agent_per_av_returns_part_bits_rep_2021_04_09_11_52_48_0004] itr #4 | fitted
2021-04-09 11:58:15.548104 CEST | [multi_agent_per_av_returns_part_bits_rep_2021_04_09_11_52_48_0004] itr #4 | fitting baseline...
2021-04-09 11:58:15.548962 CEST | [multi_agent_per_av_returns_part_bits_rep_2021_04_09_11_52_48_0004] itr #4 | fitted
2021-04-09 11:58:15.550899 CEST | [multi_agent_per_av_returns_part_bits_rep_2021_04_09_11_52_48_0004] itr #4 | fitting baseline...
2021-04-09 11:58:15.551760 CEST | [multi_agent_per_av_returns_part_bits_rep_2021_04_09_11_52_48_0004] itr #4 | fitted
2021-04-09 11:58:17.238364 CEST | [multi_agent_per_av_returns_part_bits_rep_2021_04_09_11_52_48_0004] itr #5 | fitting baseline...
2021-04-09 11:58:17.239282 CEST | [multi_agent_per_av_returns_part_bits_rep_2021_04_09_11_52_48_0004] itr #5 | fitted
2021-04-09 11:58:17.241284 CEST | [multi_agent_per_av_returns_part_bits_rep_2021_04_09_11_52_48_0004] itr #5 | fitting baseline...
2021-04-09 11:58:17.242276 CEST | [multi_agent_per_av_returns_part_bits_rep_2021_04_09_11_52_48_0004] itr #5 | fitted
2021-04-09 11:58:17.244585 CEST | [multi_agent_per_av_returns_part_bits_rep_2021_04_09_11_52_48_0004] itr #5 | fitting baseline...
2021-04-09 11:58:17.245693 CEST | [multi_agent_per_av_returns_part_bits_rep_2021_04_09_11_52_48_0004] itr #5 | fitted
2021-04-09 11:58:17.247427 CEST | [multi_agent_per_av_returns_part_bits_rep_2021_04_09_11_52_48_0004] itr #5 | fitting baseline...
2021-04-09 11:58:17.248182 CEST | [multi_agent_per_av_returns_part_bits_rep_2021_04_09_11_52_48_0004] itr #5 | fitted
2021-04-09 11:58:17.249802 CEST | [multi_agent_per_av_returns_part_bits_rep_2021_04_09_11_52_48_0004] itr #5 | fitting baseline...
2021-04-09 11:58:17.250563 CEST | [multi_agent_per_av_returns_part_bits_rep_2021_04_09_11_52_48_0004] itr #5 | fitted
2021-04-09 11:58:17.252120 CEST | [multi_agent_per_av_returns_part_bits_rep_2021_04_09_11_52_48_0004] itr #5 | fitting baseline...
2021-04-09 11:58:17.252910 CEST | [multi_agent_per_av_returns_part_bits_rep_2021_04_09_11_52_48_0004] itr #5 | fitted
2021-04-09 11:58:17.255032 CEST | [multi_agent_per_av_returns_part_bits_rep_2021_04_09_11_52_48_0004] itr #5 | fitting baseline...
2021-04-09 11:58:17.256058 CEST | [multi_agent_per_av_returns_part_bits_rep_2021_04_09_11_52_48_0004] itr #5 | fitted
2021-04-09 11:58:17.257841 CEST | [multi_agent_per_av_returns_part_bits_rep_2021_04_09_11_52_48_0004] itr #5 | fitting baseline...
2021-04-09 11:58:17.258858 CEST | [multi_agent_per_av_returns_part_bits_rep_2021_04_09_11_52_48_0004] itr #5 | fitted
2021-04-09 11:58:17.260773 CEST | [multi_agent_per_av_returns_part_bits_rep_2021_04_09_11_52_48_0004] itr #5 | fitting baseline...
2021-04-09 11:58:17.261707 CEST | [multi_agent_per_av_returns_part_bits_rep_2021_04_09_11_52_48_0004] itr #5 | fitted
2021-04-09 11:58:17.263853 CEST | [multi_agent_per_av_returns_part_bits_rep_2021_04_09_11_52_48_0004] itr #5 | fitting baseline...
2021-04-09 11:58:17.264813 CEST | [multi_agent_per_av_returns_part_bits_rep_2021_04_09_11_52_48_0004] itr #5 | fitted
2021-04-09 11:58:17.302024 CEST | [multi_agent_per_av_returns_part_bits_rep_2021_04_09_11_52_48_0004] itr #5 | saving snapshot...
2021-04-09 11:58:17.308769 CEST | [multi_agent_per_av_returns_part_bits_rep_2021_04_09_11_52_48_0004] itr #5 | saved
2021-04-09 11:58:17.337737 CEST | -----------------------  ---------------
2021-04-09 11:58:17.338079 CEST | Iteration                    0
2021-04-09 11:58:17.338244 CEST | AverageDiscountedReturn     84.0273
2021-04-09 11:58:17.338400 CEST | AverageReturn               90.1758
2021-04-09 11:58:17.338551 CEST | ExplainedVariance            2.59881e-12
2021-04-09 11:58:17.338703 CEST | NumTrajs                    42
2021-04-09 11:58:17.338850 CEST | Entropy                      1.41894
2021-04-09 11:58:17.338996 CEST | Perplexity                   4.13273
2021-04-09 11:58:17.339147 CEST | StdReturn                   76.4512
2021-04-09 11:58:17.339297 CEST | MaxReturn                  299.865
2021-04-09 11:58:17.339449 CEST | MinReturn                    0
2021-04-09 11:58:17.339603 CEST | Iteration                    0
2021-04-09 11:58:17.339751 CEST | AverageDiscountedReturn     86.762
2021-04-09 11:58:17.339901 CEST | AverageReturn               92.5016
2021-04-09 11:58:17.340052 CEST | ExplainedVariance            0.182833
2021-04-09 11:58:17.340201 CEST | NumTrajs                    39
2021-04-09 11:58:17.340348 CEST | Entropy                      1.41894
2021-04-09 11:58:17.340496 CEST | Perplexity                   4.13273
2021-04-09 11:58:17.340644 CEST | StdReturn                   67.7202
2021-04-09 11:58:17.340793 CEST | MaxReturn                  349.921
2021-04-09 11:58:17.340941 CEST | MinReturn                   19.9731
2021-04-09 11:58:17.341091 CEST | Iteration                    0
2021-04-09 11:58:17.341243 CEST | AverageDiscountedReturn     80.8445
2021-04-09 11:58:17.341392 CEST | AverageReturn               85.0583
2021-04-09 11:58:17.341544 CEST | ExplainedVariance            0.261656
2021-04-09 11:58:17.341694 CEST | NumTrajs                    43
2021-04-09 11:58:17.341845 CEST | Entropy                      1.41894
2021-04-09 11:58:17.342018 CEST | Perplexity                   4.13273
2021-04-09 11:58:17.342167 CEST | StdReturn                   48.5576
2021-04-09 11:58:17.342313 CEST | MaxReturn                  199.899
2021-04-09 11:58:17.342463 CEST | MinReturn                   19.9592
2021-04-09 11:58:17.342610 CEST | Iteration                    0
2021-04-09 11:58:17.342759 CEST | AverageDiscountedReturn     82.1664
2021-04-09 11:58:17.342909 CEST | AverageReturn               87.7461
2021-04-09 11:58:17.343058 CEST | ExplainedVariance            0.114188
2021-04-09 11:58:17.343207 CEST | NumTrajs                    41
2021-04-09 11:58:17.343359 CEST | Entropy                      1.41894
2021-04-09 11:58:17.343508 CEST | Perplexity                   4.13273
2021-04-09 11:58:17.343656 CEST | StdReturn                   70.7706
2021-04-09 11:58:17.343805 CEST | MaxReturn                  279.884
2021-04-09 11:58:17.343956 CEST | MinReturn                    9.98478
2021-04-09 11:58:17.344106 CEST | Iteration                    0
2021-04-09 11:58:17.344260 CEST | AverageDiscountedReturn     90.0883
2021-04-09 11:58:17.344430 CEST | AverageReturn               95.7362
2021-04-09 11:58:17.344585 CEST | ExplainedVariance            0.223466
2021-04-09 11:58:17.344735 CEST | NumTrajs                    38
2021-04-09 11:58:17.344887 CEST | Entropy                      1.41894
2021-04-09 11:58:17.345036 CEST | Perplexity                   4.13273
2021-04-09 11:58:17.345184 CEST | StdReturn                   60.3563
2021-04-09 11:58:17.345332 CEST | MaxReturn                  259.875
2021-04-09 11:58:17.345481 CEST | MinReturn                    9.98526
2021-04-09 11:58:17.345642 CEST | Iteration                    0
2021-04-09 11:58:17.345794 CEST | AverageDiscountedReturn     86.0907
2021-04-09 11:58:17.345965 CEST | AverageReturn               91.1915
2021-04-09 11:58:17.346115 CEST | ExplainedVariance            0.175569
2021-04-09 11:58:17.346264 CEST | NumTrajs                    40
2021-04-09 11:58:17.346413 CEST | Entropy                      1.41894
2021-04-09 11:58:17.346563 CEST | Perplexity                   4.13273
2021-04-09 11:58:17.346713 CEST | StdReturn                   57.346
2021-04-09 11:58:17.346866 CEST | MaxReturn                  269.899
2021-04-09 11:58:17.347016 CEST | MinReturn                   19.9703
2021-04-09 11:58:17.347166 CEST | Iteration                    0
2021-04-09 11:58:17.347314 CEST | AverageDiscountedReturn    102.781
2021-04-09 11:58:17.347465 CEST | AverageReturn              111.751
2021-04-09 11:58:17.347614 CEST | ExplainedVariance            0.136701
2021-04-09 11:58:17.347766 CEST | NumTrajs                    33
2021-04-09 11:58:17.347921 CEST | Entropy                      1.41894
2021-04-09 11:58:17.348087 CEST | Perplexity                   4.13273
2021-04-09 11:58:17.348253 CEST | StdReturn                   88.7019
2021-04-09 11:58:17.348404 CEST | MaxReturn                  359.788
2021-04-09 11:58:17.348554 CEST | MinReturn                    9.98046
2021-04-09 11:58:17.348703 CEST | Iteration                    0
2021-04-09 11:58:17.348853 CEST | AverageDiscountedReturn     77.8699
2021-04-09 11:58:17.349002 CEST | AverageReturn               82.6749
2021-04-09 11:58:17.349152 CEST | ExplainedVariance            0.092613
2021-04-09 11:58:17.349301 CEST | NumTrajs                    44
2021-04-09 11:58:17.349450 CEST | Entropy                      1.41894
2021-04-09 11:58:17.349602 CEST | Perplexity                   4.13273
2021-04-09 11:58:17.349752 CEST | StdReturn                   63.9166
2021-04-09 11:58:17.349937 CEST | MaxReturn                  269.857
2021-04-09 11:58:17.350090 CEST | MinReturn                    0
2021-04-09 11:58:17.350241 CEST | Iteration                    0
2021-04-09 11:58:17.350392 CEST | AverageDiscountedReturn     85.6532
2021-04-09 11:58:17.350542 CEST | AverageReturn               90.9443
2021-04-09 11:58:17.350693 CEST | ExplainedVariance            0.314368
2021-04-09 11:58:17.350844 CEST | NumTrajs                    40
2021-04-09 11:58:17.350993 CEST | Entropy                      1.41894
2021-04-09 11:58:17.351142 CEST | Perplexity                   4.13273
2021-04-09 11:58:17.351291 CEST | StdReturn                   60.9181
2021-04-09 11:58:17.351440 CEST | MaxReturn                  239.921
2021-04-09 11:58:17.351589 CEST | MinReturn                    9.98206
2021-04-09 11:58:17.351740 CEST | Iteration                    0
2021-04-09 11:58:17.351890 CEST | AverageDiscountedReturn     86.8212
2021-04-09 11:58:17.352039 CEST | AverageReturn               92.7643
2021-04-09 11:58:17.352190 CEST | ExplainedVariance            0.133064
2021-04-09 11:58:17.352340 CEST | NumTrajs                    39
2021-04-09 11:58:17.352489 CEST | Entropy                      1.41894
2021-04-09 11:58:17.352635 CEST | Perplexity                   4.13273
2021-04-09 11:58:17.352787 CEST | StdReturn                   69.9587
2021-04-09 11:58:17.352935 CEST | MaxReturn                  309.946
2021-04-09 11:58:17.353084 CEST | MinReturn                    9.9826
2021-04-09 11:58:17.353234 CEST | AveragePolicyStd             1
2021-04-09 11:58:17.353395 CEST | AveragePolicyStd             1
2021-04-09 11:58:17.353547 CEST | AveragePolicyStd             1
2021-04-09 11:58:17.353698 CEST | AveragePolicyStd             1
2021-04-09 11:58:17.353846 CEST | AveragePolicyStd             1
2021-04-09 11:58:17.354015 CEST | AveragePolicyStd             1
2021-04-09 11:58:17.354164 CEST | AveragePolicyStd             1
2021-04-09 11:58:17.354314 CEST | AveragePolicyStd             1
2021-04-09 11:58:17.354461 CEST | AveragePolicyStd             1
2021-04-09 11:58:17.354610 CEST | AveragePolicyStd             1
2021-04-09 11:58:17.354759 CEST | Iteration                    1
2021-04-09 11:58:17.354908 CEST | AverageDiscountedReturn    124.647
2021-04-09 11:58:17.355059 CEST | AverageReturn              137.055
2021-04-09 11:58:17.355208 CEST | ExplainedVariance            0.17457
2021-04-09 11:58:17.355361 CEST | NumTrajs                    28
2021-04-09 11:58:17.355510 CEST | Entropy                      1.40974
2021-04-09 11:58:17.355657 CEST | Perplexity                   4.09489
2021-04-09 11:58:17.355805 CEST | StdReturn                   98.3345
2021-04-09 11:58:17.355955 CEST | MaxReturn                  499.75
2021-04-09 11:58:17.356103 CEST | MinReturn                    9.98242
2021-04-09 11:58:17.356252 CEST | Iteration                    1
2021-04-09 11:58:17.356402 CEST | AverageDiscountedReturn    109.596
2021-04-09 11:58:17.356550 CEST | AverageReturn              119.601
2021-04-09 11:58:17.356700 CEST | ExplainedVariance            0.257496
2021-04-09 11:58:17.356846 CEST | NumTrajs                    31
2021-04-09 11:58:17.356994 CEST | Entropy                      1.40974
2021-04-09 11:58:17.357142 CEST | Perplexity                   4.09489
2021-04-09 11:58:17.357289 CEST | StdReturn                   91.7336
2021-04-09 11:58:17.357438 CEST | MaxReturn                  339.879
2021-04-09 11:58:17.357586 CEST | MinReturn                    9.98157
2021-04-09 11:58:17.357740 CEST | Iteration                    1
2021-04-09 11:58:17.357912 CEST | AverageDiscountedReturn     99.838
2021-04-09 11:58:17.358067 CEST | AverageReturn              108.157
2021-04-09 11:58:17.358218 CEST | ExplainedVariance            0.236567
2021-04-09 11:58:17.358369 CEST | NumTrajs                    34
2021-04-09 11:58:17.358519 CEST | Entropy                      1.40974
2021-04-09 11:58:17.358668 CEST | Perplexity                   4.09489
2021-04-09 11:58:17.358816 CEST | StdReturn                   85.1083
2021-04-09 11:58:17.358967 CEST | MaxReturn                  389.896
2021-04-09 11:58:17.359119 CEST | MinReturn                    9.9847
2021-04-09 11:58:17.359269 CEST | Iteration                    1
2021-04-09 11:58:17.359421 CEST | AverageDiscountedReturn    129.681
2021-04-09 11:58:17.359572 CEST | AverageReturn              141.394
2021-04-09 11:58:17.359724 CEST | ExplainedVariance            0.306268
2021-04-09 11:58:17.359875 CEST | NumTrajs                    27
2021-04-09 11:58:17.360027 CEST | Entropy                      1.40974
2021-04-09 11:58:17.360176 CEST | Perplexity                   4.09489
2021-04-09 11:58:17.360326 CEST | StdReturn                   80.0994
2021-04-09 11:58:17.360475 CEST | MaxReturn                  329.85
2021-04-09 11:58:17.360625 CEST | MinReturn                    9.98339
2021-04-09 11:58:17.360775 CEST | Iteration                    1
2021-04-09 11:58:17.360925 CEST | AverageDiscountedReturn    105.082
2021-04-09 11:58:17.361076 CEST | AverageReturn              115.86
2021-04-09 11:58:17.361225 CEST | ExplainedVariance            0.0577383
2021-04-09 11:58:17.361376 CEST | NumTrajs                    32
2021-04-09 11:58:17.361525 CEST | Entropy                      1.40974
2021-04-09 11:58:17.361675 CEST | Perplexity                   4.09489
2021-04-09 11:58:17.361826 CEST | StdReturn                  107.228
2021-04-09 11:58:17.362011 CEST | MaxReturn                  519.868
2021-04-09 11:58:17.362161 CEST | MinReturn                    9.98556
2021-04-09 11:58:17.362311 CEST | Iteration                    1
2021-04-09 11:58:17.362475 CEST | AverageDiscountedReturn    122.126
2021-04-09 11:58:17.362631 CEST | AverageReturn              133.851
2021-04-09 11:58:17.362782 CEST | ExplainedVariance            0.185288
2021-04-09 11:58:17.362936 CEST | NumTrajs                    28
2021-04-09 11:58:17.363088 CEST | Entropy                      1.40974
2021-04-09 11:58:17.363239 CEST | Perplexity                   4.09489
2021-04-09 11:58:17.363391 CEST | StdReturn                   94.2587
2021-04-09 11:58:17.363541 CEST | MaxReturn                  379.88
2021-04-09 11:58:17.363692 CEST | MinReturn                   39.9385
2021-04-09 11:58:17.363840 CEST | Iteration                    1
2021-04-09 11:58:17.363988 CEST | AverageDiscountedReturn     91.1923
2021-04-09 11:58:17.364137 CEST | AverageReturn               98.5789
2021-04-09 11:58:17.364287 CEST | ExplainedVariance            0.175472
2021-04-09 11:58:17.364437 CEST | NumTrajs                    37
2021-04-09 11:58:17.364587 CEST | Entropy                      1.40974
2021-04-09 11:58:17.364736 CEST | Perplexity                   4.09489
2021-04-09 11:58:17.364888 CEST | StdReturn                   84.1186
2021-04-09 11:58:17.365037 CEST | MaxReturn                  369.802
2021-04-09 11:58:17.365190 CEST | MinReturn                    0
2021-04-09 11:58:17.365341 CEST | Iteration                    1
2021-04-09 11:58:17.365490 CEST | AverageDiscountedReturn    101.744
2021-04-09 11:58:17.365639 CEST | AverageReturn              111.104
2021-04-09 11:58:17.365787 CEST | ExplainedVariance            0.278285
2021-04-09 11:58:17.365960 CEST | NumTrajs                    34
2021-04-09 11:58:17.366109 CEST | Entropy                      1.40974
2021-04-09 11:58:17.366256 CEST | Perplexity                   4.09489
2021-04-09 11:58:17.366403 CEST | StdReturn                   94.2958
2021-04-09 11:58:17.366550 CEST | MaxReturn                  379.813
2021-04-09 11:58:17.366698 CEST | MinReturn                    9.98284
2021-04-09 11:58:17.366848 CEST | Iteration                    1
2021-04-09 11:58:17.366997 CEST | AverageDiscountedReturn    109.121
2021-04-09 11:58:17.367143 CEST | AverageReturn              119.598
2021-04-09 11:58:17.367293 CEST | ExplainedVariance           -0.0560397
2021-04-09 11:58:17.367443 CEST | NumTrajs                    31
2021-04-09 11:58:17.367592 CEST | Entropy                      1.40974
2021-04-09 11:58:17.367744 CEST | Perplexity                   4.09489
2021-04-09 11:58:17.367898 CEST | StdReturn                   98.8089
2021-04-09 11:58:17.368048 CEST | MaxReturn                  489.767
2021-04-09 11:58:17.368200 CEST | MinReturn                    0
2021-04-09 11:58:17.368349 CEST | Iteration                    1
2021-04-09 11:58:17.368499 CEST | AverageDiscountedReturn    107.264
2021-04-09 11:58:17.368650 CEST | AverageReturn              116.293
2021-04-09 11:58:17.368803 CEST | ExplainedVariance            0.139209
2021-04-09 11:58:17.368958 CEST | NumTrajs                    33
2021-04-09 11:58:17.369111 CEST | Entropy                      1.40974
2021-04-09 11:58:17.369263 CEST | Perplexity                   4.09489
2021-04-09 11:58:17.369415 CEST | StdReturn                   83.4091
2021-04-09 11:58:17.369565 CEST | MaxReturn                  379.871
2021-04-09 11:58:17.369717 CEST | MinReturn                    9.98394
2021-04-09 11:58:17.369922 CEST | AveragePolicyStd             0.990843
2021-04-09 11:58:17.370176 CEST | AveragePolicyStd             0.990843
2021-04-09 11:58:17.370410 CEST | AveragePolicyStd             0.990843
2021-04-09 11:58:17.370622 CEST | AveragePolicyStd             0.990843
2021-04-09 11:58:17.370824 CEST | AveragePolicyStd             0.990843
2021-04-09 11:58:17.371031 CEST | AveragePolicyStd             0.990843
2021-04-09 11:58:17.371245 CEST | AveragePolicyStd             0.990843
2021-04-09 11:58:17.371443 CEST | AveragePolicyStd             0.990843
2021-04-09 11:58:17.371645 CEST | AveragePolicyStd             0.990843
2021-04-09 11:58:17.371848 CEST | AveragePolicyStd             0.990843
2021-04-09 11:58:17.372070 CEST | Iteration                    2
2021-04-09 11:58:17.372241 CEST | AverageDiscountedReturn    122.317
2021-04-09 11:58:17.372400 CEST | AverageReturn              134.053
2021-04-09 11:58:17.372553 CEST | ExplainedVariance            0.423223
2021-04-09 11:58:17.372707 CEST | NumTrajs                    29
2021-04-09 11:58:17.372860 CEST | Entropy                      1.40136
2021-04-09 11:58:17.373014 CEST | Perplexity                   4.0607
2021-04-09 11:58:17.373169 CEST | StdReturn                   92.8088
2021-04-09 11:58:17.373323 CEST | MaxReturn                  389.899
2021-04-09 11:58:17.373477 CEST | MinReturn                    9.98296
2021-04-09 11:58:17.373631 CEST | Iteration                    2
2021-04-09 11:58:17.373786 CEST | AverageDiscountedReturn    176.372
2021-04-09 11:58:17.373959 CEST | AverageReturn              201.482
2021-04-09 11:58:17.374116 CEST | ExplainedVariance            0.138835
2021-04-09 11:58:17.374271 CEST | NumTrajs                    19
2021-04-09 11:58:17.374426 CEST | Entropy                      1.40136
2021-04-09 11:58:17.374579 CEST | Perplexity                   4.0607
2021-04-09 11:58:17.374736 CEST | StdReturn                  133.453
2021-04-09 11:58:17.374891 CEST | MaxReturn                  619.875
2021-04-09 11:58:17.375048 CEST | MinReturn                    9.98274
2021-04-09 11:58:17.375201 CEST | Iteration                    2
2021-04-09 11:58:17.375354 CEST | AverageDiscountedReturn    147.369
2021-04-09 11:58:17.375506 CEST | AverageReturn              174.244
2021-04-09 11:58:17.375659 CEST | ExplainedVariance            0.215932
2021-04-09 11:58:17.375812 CEST | NumTrajs                    23
2021-04-09 11:58:17.375963 CEST | Entropy                      1.40136
2021-04-09 11:58:17.376115 CEST | Perplexity                   4.0607
2021-04-09 11:58:17.376271 CEST | StdReturn                  184.932
2021-04-09 11:58:17.376425 CEST | MaxReturn                  679.81
2021-04-09 11:58:17.376579 CEST | MinReturn                    9.98147
2021-04-09 11:58:17.376732 CEST | Iteration                    2
2021-04-09 11:58:17.376885 CEST | AverageDiscountedReturn    154.099
2021-04-09 11:58:17.377039 CEST | AverageReturn              172.172
2021-04-09 11:58:17.377191 CEST | ExplainedVariance            0.0785116
2021-04-09 11:58:17.377344 CEST | NumTrajs                    22
2021-04-09 11:58:17.377499 CEST | Entropy                      1.40136
2021-04-09 11:58:17.377650 CEST | Perplexity                   4.0607
2021-04-09 11:58:17.377803 CEST | StdReturn                  107.341
2021-04-09 11:58:17.377977 CEST | MaxReturn                  399.881
2021-04-09 11:58:17.378131 CEST | MinReturn                    9.98721
2021-04-09 11:58:17.378284 CEST | Iteration                    2
2021-04-09 11:58:17.378439 CEST | AverageDiscountedReturn    186.358
2021-04-09 11:58:17.378592 CEST | AverageReturn              211.899
2021-04-09 11:58:17.378774 CEST | ExplainedVariance            0.37748
2021-04-09 11:58:17.378947 CEST | NumTrajs                    20
2021-04-09 11:58:17.379103 CEST | Entropy                      1.40136
2021-04-09 11:58:17.379257 CEST | Perplexity                   4.0607
2021-04-09 11:58:17.379410 CEST | StdReturn                  115.576
2021-04-09 11:58:17.379562 CEST | MaxReturn                  449.836
2021-04-09 11:58:17.379716 CEST | MinReturn                   29.9569
2021-04-09 11:58:17.379869 CEST | Iteration                    2
2021-04-09 11:58:17.380021 CEST | AverageDiscountedReturn    122.95
2021-04-09 11:58:17.380177 CEST | AverageReturn              133.837
2021-04-09 11:58:17.380331 CEST | ExplainedVariance            0.388316
2021-04-09 11:58:17.380484 CEST | NumTrajs                    28
2021-04-09 11:58:17.380637 CEST | Entropy                      1.40136
2021-04-09 11:58:17.380790 CEST | Perplexity                   4.0607
2021-04-09 11:58:17.380943 CEST | StdReturn                   81.7115
2021-04-09 11:58:17.381096 CEST | MaxReturn                  329.895
2021-04-09 11:58:17.381263 CEST | MinReturn                    9.9827
2021-04-09 11:58:17.381418 CEST | Iteration                    2
2021-04-09 11:58:17.381570 CEST | AverageDiscountedReturn    139.102
2021-04-09 11:58:17.381722 CEST | AverageReturn              155.915
2021-04-09 11:58:17.381907 CEST | ExplainedVariance            0.396808
2021-04-09 11:58:17.382065 CEST | NumTrajs                    25
2021-04-09 11:58:17.382219 CEST | Entropy                      1.40136
2021-04-09 11:58:17.382370 CEST | Perplexity                   4.0607
2021-04-09 11:58:17.382522 CEST | StdReturn                  118.048
2021-04-09 11:58:17.382677 CEST | MaxReturn                  379.87
2021-04-09 11:58:17.382829 CEST | MinReturn                    9.97912
2021-04-09 11:58:17.382981 CEST | Iteration                    2
2021-04-09 11:58:17.383136 CEST | AverageDiscountedReturn    158.974
2021-04-09 11:58:17.383290 CEST | AverageReturn              180.86
2021-04-09 11:58:17.383444 CEST | ExplainedVariance           -0.127603
2021-04-09 11:58:17.383598 CEST | NumTrajs                    21
2021-04-09 11:58:17.383754 CEST | Entropy                      1.40136
2021-04-09 11:58:17.383908 CEST | Perplexity                   4.0607
2021-04-09 11:58:17.384062 CEST | StdReturn                  133.49
2021-04-09 11:58:17.384218 CEST | MaxReturn                  519.838
2021-04-09 11:58:17.384374 CEST | MinReturn                    0
2021-04-09 11:58:17.384529 CEST | Iteration                    2
2021-04-09 11:58:17.384684 CEST | AverageDiscountedReturn    155.459
2021-04-09 11:58:17.384840 CEST | AverageReturn              174.903
2021-04-09 11:58:17.384993 CEST | ExplainedVariance            0.494074
2021-04-09 11:58:17.385147 CEST | NumTrajs                    22
2021-04-09 11:58:17.385301 CEST | Entropy                      1.40136
2021-04-09 11:58:17.385453 CEST | Perplexity                   4.0607
2021-04-09 11:58:17.385607 CEST | StdReturn                  117.519
2021-04-09 11:58:17.385762 CEST | MaxReturn                  409.864
2021-04-09 11:58:17.385936 CEST | MinReturn                   19.9732
2021-04-09 11:58:17.386092 CEST | Iteration                    2
2021-04-09 11:58:17.386246 CEST | AverageDiscountedReturn    125.448
2021-04-09 11:58:17.386398 CEST | AverageReturn              136.687
2021-04-09 11:58:17.386553 CEST | ExplainedVariance            0.221527
2021-04-09 11:58:17.386707 CEST | NumTrajs                    28
2021-04-09 11:58:17.386858 CEST | Entropy                      1.40136
2021-04-09 11:58:17.387014 CEST | Perplexity                   4.0607
2021-04-09 11:58:17.387168 CEST | StdReturn                   81.2524
2021-04-09 11:58:17.387323 CEST | MaxReturn                  279.858
2021-04-09 11:58:17.387477 CEST | MinReturn                    0
2021-04-09 11:58:17.387631 CEST | AveragePolicyStd             0.982571
2021-04-09 11:58:17.387786 CEST | AveragePolicyStd             0.982571
2021-04-09 11:58:17.387941 CEST | AveragePolicyStd             0.982571
2021-04-09 11:58:17.388098 CEST | AveragePolicyStd             0.982571
