2021-04-08 12:25:39.346292 CEST | [multi_agent_per_av_part_bits_rep_2021_04_08_11_46_28_0026] Populating workers...
2021-04-08 12:25:39.346595 CEST | [multi_agent_per_av_part_bits_rep_2021_04_08_11_46_28_0026] Populated
2021-04-08 12:25:39.346740 CEST | [multi_agent_per_av_part_bits_rep_2021_04_08_11_46_28_0026] Populating workers...
2021-04-08 12:25:39.346878 CEST | [multi_agent_per_av_part_bits_rep_2021_04_08_11_46_28_0026] Populated
2021-04-08 12:25:39.347014 CEST | [multi_agent_per_av_part_bits_rep_2021_04_08_11_46_28_0026] Populating workers...
2021-04-08 12:25:39.347189 CEST | [multi_agent_per_av_part_bits_rep_2021_04_08_11_46_28_0026] Populated
2021-04-08 12:25:39.347321 CEST | [multi_agent_per_av_part_bits_rep_2021_04_08_11_46_28_0026] Populating workers...
2021-04-08 12:25:39.347460 CEST | [multi_agent_per_av_part_bits_rep_2021_04_08_11_46_28_0026] Populated
2021-04-08 12:25:39.347589 CEST | [multi_agent_per_av_part_bits_rep_2021_04_08_11_46_28_0026] Populating workers...
2021-04-08 12:25:39.347723 CEST | [multi_agent_per_av_part_bits_rep_2021_04_08_11_46_28_0026] Populated
2021-04-08 12:25:39.347867 CEST | [multi_agent_per_av_part_bits_rep_2021_04_08_11_46_28_0026] Populating workers...
2021-04-08 12:25:39.348004 CEST | [multi_agent_per_av_part_bits_rep_2021_04_08_11_46_28_0026] Populated
2021-04-08 12:25:39.348137 CEST | [multi_agent_per_av_part_bits_rep_2021_04_08_11_46_28_0026] Populating workers...
2021-04-08 12:25:39.348269 CEST | [multi_agent_per_av_part_bits_rep_2021_04_08_11_46_28_0026] Populated
2021-04-08 12:25:39.348404 CEST | [multi_agent_per_av_part_bits_rep_2021_04_08_11_46_28_0026] Populating workers...
2021-04-08 12:25:39.348540 CEST | [multi_agent_per_av_part_bits_rep_2021_04_08_11_46_28_0026] Populated
2021-04-08 12:25:39.348669 CEST | [multi_agent_per_av_part_bits_rep_2021_04_08_11_46_28_0026] Populating workers...
2021-04-08 12:25:39.348806 CEST | [multi_agent_per_av_part_bits_rep_2021_04_08_11_46_28_0026] Populated
2021-04-08 12:25:39.348933 CEST | [multi_agent_per_av_part_bits_rep_2021_04_08_11_46_28_0026] Populating workers...
2021-04-08 12:25:39.349072 CEST | [multi_agent_per_av_part_bits_rep_2021_04_08_11_46_28_0026] Populated
2021-04-08 12:25:43.742164 CEST | [multi_agent_per_av_part_bits_rep_2021_04_08_11_46_28_0026] itr #0 | fitting baseline...
2021-04-08 12:25:43.764260 CEST | [multi_agent_per_av_part_bits_rep_2021_04_08_11_46_28_0026] itr #0 | fitted
2021-04-08 12:25:43.804448 CEST | [multi_agent_per_av_part_bits_rep_2021_04_08_11_46_28_0026] itr #0 | fitting baseline...
2021-04-08 12:25:43.806585 CEST | [multi_agent_per_av_part_bits_rep_2021_04_08_11_46_28_0026] itr #0 | fitted
2021-04-08 12:25:43.810374 CEST | [multi_agent_per_av_part_bits_rep_2021_04_08_11_46_28_0026] itr #0 | fitting baseline...
2021-04-08 12:25:43.811920 CEST | [multi_agent_per_av_part_bits_rep_2021_04_08_11_46_28_0026] itr #0 | fitted
2021-04-08 12:25:43.816291 CEST | [multi_agent_per_av_part_bits_rep_2021_04_08_11_46_28_0026] itr #0 | fitting baseline...
2021-04-08 12:25:43.817979 CEST | [multi_agent_per_av_part_bits_rep_2021_04_08_11_46_28_0026] itr #0 | fitted
2021-04-08 12:25:43.822209 CEST | [multi_agent_per_av_part_bits_rep_2021_04_08_11_46_28_0026] itr #0 | fitting baseline...
2021-04-08 12:25:43.823838 CEST | [multi_agent_per_av_part_bits_rep_2021_04_08_11_46_28_0026] itr #0 | fitted
2021-04-08 12:25:43.827654 CEST | [multi_agent_per_av_part_bits_rep_2021_04_08_11_46_28_0026] itr #0 | fitting baseline...
2021-04-08 12:25:43.829095 CEST | [multi_agent_per_av_part_bits_rep_2021_04_08_11_46_28_0026] itr #0 | fitted
2021-04-08 12:25:43.832886 CEST | [multi_agent_per_av_part_bits_rep_2021_04_08_11_46_28_0026] itr #0 | fitting baseline...
2021-04-08 12:25:43.834566 CEST | [multi_agent_per_av_part_bits_rep_2021_04_08_11_46_28_0026] itr #0 | fitted
2021-04-08 12:25:43.838493 CEST | [multi_agent_per_av_part_bits_rep_2021_04_08_11_46_28_0026] itr #0 | fitting baseline...
2021-04-08 12:25:43.839960 CEST | [multi_agent_per_av_part_bits_rep_2021_04_08_11_46_28_0026] itr #0 | fitted
2021-04-08 12:25:43.842979 CEST | [multi_agent_per_av_part_bits_rep_2021_04_08_11_46_28_0026] itr #0 | fitting baseline...
2021-04-08 12:25:43.844270 CEST | [multi_agent_per_av_part_bits_rep_2021_04_08_11_46_28_0026] itr #0 | fitted
2021-04-08 12:25:43.847989 CEST | [multi_agent_per_av_part_bits_rep_2021_04_08_11_46_28_0026] itr #0 | fitting baseline...
2021-04-08 12:25:43.849460 CEST | [multi_agent_per_av_part_bits_rep_2021_04_08_11_46_28_0026] itr #0 | fitted
2021-04-08 12:25:48.573103 CEST | [multi_agent_per_av_part_bits_rep_2021_04_08_11_46_28_0026] itr #1 | fitting baseline...
2021-04-08 12:25:48.574459 CEST | [multi_agent_per_av_part_bits_rep_2021_04_08_11_46_28_0026] itr #1 | fitted
2021-04-08 12:25:48.577354 CEST | [multi_agent_per_av_part_bits_rep_2021_04_08_11_46_28_0026] itr #1 | fitting baseline...
2021-04-08 12:25:48.578500 CEST | [multi_agent_per_av_part_bits_rep_2021_04_08_11_46_28_0026] itr #1 | fitted
2021-04-08 12:25:48.580704 CEST | [multi_agent_per_av_part_bits_rep_2021_04_08_11_46_28_0026] itr #1 | fitting baseline...
2021-04-08 12:25:48.581614 CEST | [multi_agent_per_av_part_bits_rep_2021_04_08_11_46_28_0026] itr #1 | fitted
2021-04-08 12:25:48.583660 CEST | [multi_agent_per_av_part_bits_rep_2021_04_08_11_46_28_0026] itr #1 | fitting baseline...
2021-04-08 12:25:48.584511 CEST | [multi_agent_per_av_part_bits_rep_2021_04_08_11_46_28_0026] itr #1 | fitted
2021-04-08 12:25:48.586963 CEST | [multi_agent_per_av_part_bits_rep_2021_04_08_11_46_28_0026] itr #1 | fitting baseline...
2021-04-08 12:25:48.587997 CEST | [multi_agent_per_av_part_bits_rep_2021_04_08_11_46_28_0026] itr #1 | fitted
2021-04-08 12:25:48.590377 CEST | [multi_agent_per_av_part_bits_rep_2021_04_08_11_46_28_0026] itr #1 | fitting baseline...
2021-04-08 12:25:48.591513 CEST | [multi_agent_per_av_part_bits_rep_2021_04_08_11_46_28_0026] itr #1 | fitted
2021-04-08 12:25:48.594085 CEST | [multi_agent_per_av_part_bits_rep_2021_04_08_11_46_28_0026] itr #1 | fitting baseline...
2021-04-08 12:25:48.595221 CEST | [multi_agent_per_av_part_bits_rep_2021_04_08_11_46_28_0026] itr #1 | fitted
2021-04-08 12:25:48.598317 CEST | [multi_agent_per_av_part_bits_rep_2021_04_08_11_46_28_0026] itr #1 | fitting baseline...
2021-04-08 12:25:48.599770 CEST | [multi_agent_per_av_part_bits_rep_2021_04_08_11_46_28_0026] itr #1 | fitted
2021-04-08 12:25:48.602804 CEST | [multi_agent_per_av_part_bits_rep_2021_04_08_11_46_28_0026] itr #1 | fitting baseline...
2021-04-08 12:25:48.604043 CEST | [multi_agent_per_av_part_bits_rep_2021_04_08_11_46_28_0026] itr #1 | fitted
2021-04-08 12:25:48.606335 CEST | [multi_agent_per_av_part_bits_rep_2021_04_08_11_46_28_0026] itr #1 | fitting baseline...
2021-04-08 12:25:48.607444 CEST | [multi_agent_per_av_part_bits_rep_2021_04_08_11_46_28_0026] itr #1 | fitted
2021-04-08 12:25:50.139382 CEST | [multi_agent_per_av_part_bits_rep_2021_04_08_11_46_28_0026] itr #2 | fitting baseline...
2021-04-08 12:25:50.140439 CEST | [multi_agent_per_av_part_bits_rep_2021_04_08_11_46_28_0026] itr #2 | fitted
2021-04-08 12:25:50.142744 CEST | [multi_agent_per_av_part_bits_rep_2021_04_08_11_46_28_0026] itr #2 | fitting baseline...
2021-04-08 12:25:50.143862 CEST | [multi_agent_per_av_part_bits_rep_2021_04_08_11_46_28_0026] itr #2 | fitted
2021-04-08 12:25:50.145869 CEST | [multi_agent_per_av_part_bits_rep_2021_04_08_11_46_28_0026] itr #2 | fitting baseline...
2021-04-08 12:25:50.146696 CEST | [multi_agent_per_av_part_bits_rep_2021_04_08_11_46_28_0026] itr #2 | fitted
2021-04-08 12:25:50.148837 CEST | [multi_agent_per_av_part_bits_rep_2021_04_08_11_46_28_0026] itr #2 | fitting baseline...
2021-04-08 12:25:50.149727 CEST | [multi_agent_per_av_part_bits_rep_2021_04_08_11_46_28_0026] itr #2 | fitted
2021-04-08 12:25:50.152137 CEST | [multi_agent_per_av_part_bits_rep_2021_04_08_11_46_28_0026] itr #2 | fitting baseline...
2021-04-08 12:25:50.153136 CEST | [multi_agent_per_av_part_bits_rep_2021_04_08_11_46_28_0026] itr #2 | fitted
2021-04-08 12:25:50.155177 CEST | [multi_agent_per_av_part_bits_rep_2021_04_08_11_46_28_0026] itr #2 | fitting baseline...
2021-04-08 12:25:50.156082 CEST | [multi_agent_per_av_part_bits_rep_2021_04_08_11_46_28_0026] itr #2 | fitted
2021-04-08 12:25:50.158141 CEST | [multi_agent_per_av_part_bits_rep_2021_04_08_11_46_28_0026] itr #2 | fitting baseline...
2021-04-08 12:25:50.158977 CEST | [multi_agent_per_av_part_bits_rep_2021_04_08_11_46_28_0026] itr #2 | fitted
2021-04-08 12:25:50.160952 CEST | [multi_agent_per_av_part_bits_rep_2021_04_08_11_46_28_0026] itr #2 | fitting baseline...
2021-04-08 12:25:50.161775 CEST | [multi_agent_per_av_part_bits_rep_2021_04_08_11_46_28_0026] itr #2 | fitted
2021-04-08 12:25:50.163563 CEST | [multi_agent_per_av_part_bits_rep_2021_04_08_11_46_28_0026] itr #2 | fitting baseline...
2021-04-08 12:25:50.164301 CEST | [multi_agent_per_av_part_bits_rep_2021_04_08_11_46_28_0026] itr #2 | fitted
2021-04-08 12:25:50.166234 CEST | [multi_agent_per_av_part_bits_rep_2021_04_08_11_46_28_0026] itr #2 | fitting baseline...
2021-04-08 12:25:50.167158 CEST | [multi_agent_per_av_part_bits_rep_2021_04_08_11_46_28_0026] itr #2 | fitted
2021-04-08 12:25:51.807630 CEST | [multi_agent_per_av_part_bits_rep_2021_04_08_11_46_28_0026] itr #3 | fitting baseline...
2021-04-08 12:25:51.808888 CEST | [multi_agent_per_av_part_bits_rep_2021_04_08_11_46_28_0026] itr #3 | fitted
2021-04-08 12:25:51.810753 CEST | [multi_agent_per_av_part_bits_rep_2021_04_08_11_46_28_0026] itr #3 | fitting baseline...
2021-04-08 12:25:51.811623 CEST | [multi_agent_per_av_part_bits_rep_2021_04_08_11_46_28_0026] itr #3 | fitted
2021-04-08 12:25:51.813948 CEST | [multi_agent_per_av_part_bits_rep_2021_04_08_11_46_28_0026] itr #3 | fitting baseline...
2021-04-08 12:25:51.814892 CEST | [multi_agent_per_av_part_bits_rep_2021_04_08_11_46_28_0026] itr #3 | fitted
2021-04-08 12:25:51.816794 CEST | [multi_agent_per_av_part_bits_rep_2021_04_08_11_46_28_0026] itr #3 | fitting baseline...
2021-04-08 12:25:51.817639 CEST | [multi_agent_per_av_part_bits_rep_2021_04_08_11_46_28_0026] itr #3 | fitted
2021-04-08 12:25:51.819498 CEST | [multi_agent_per_av_part_bits_rep_2021_04_08_11_46_28_0026] itr #3 | fitting baseline...
2021-04-08 12:25:51.820291 CEST | [multi_agent_per_av_part_bits_rep_2021_04_08_11_46_28_0026] itr #3 | fitted
2021-04-08 12:25:51.822110 CEST | [multi_agent_per_av_part_bits_rep_2021_04_08_11_46_28_0026] itr #3 | fitting baseline...
2021-04-08 12:25:51.822947 CEST | [multi_agent_per_av_part_bits_rep_2021_04_08_11_46_28_0026] itr #3 | fitted
2021-04-08 12:25:51.825059 CEST | [multi_agent_per_av_part_bits_rep_2021_04_08_11_46_28_0026] itr #3 | fitting baseline...
2021-04-08 12:25:51.825967 CEST | [multi_agent_per_av_part_bits_rep_2021_04_08_11_46_28_0026] itr #3 | fitted
2021-04-08 12:25:51.827955 CEST | [multi_agent_per_av_part_bits_rep_2021_04_08_11_46_28_0026] itr #3 | fitting baseline...
2021-04-08 12:25:51.828793 CEST | [multi_agent_per_av_part_bits_rep_2021_04_08_11_46_28_0026] itr #3 | fitted
2021-04-08 12:25:51.830341 CEST | [multi_agent_per_av_part_bits_rep_2021_04_08_11_46_28_0026] itr #3 | fitting baseline...
2021-04-08 12:25:51.831035 CEST | [multi_agent_per_av_part_bits_rep_2021_04_08_11_46_28_0026] itr #3 | fitted
2021-04-08 12:25:51.833038 CEST | [multi_agent_per_av_part_bits_rep_2021_04_08_11_46_28_0026] itr #3 | fitting baseline...
2021-04-08 12:25:51.833950 CEST | [multi_agent_per_av_part_bits_rep_2021_04_08_11_46_28_0026] itr #3 | fitted
2021-04-08 12:25:53.537138 CEST | [multi_agent_per_av_part_bits_rep_2021_04_08_11_46_28_0026] itr #4 | fitting baseline...
2021-04-08 12:25:53.537864 CEST | [multi_agent_per_av_part_bits_rep_2021_04_08_11_46_28_0026] itr #4 | fitted
2021-04-08 12:25:53.539252 CEST | [multi_agent_per_av_part_bits_rep_2021_04_08_11_46_28_0026] itr #4 | fitting baseline...
2021-04-08 12:25:53.539957 CEST | [multi_agent_per_av_part_bits_rep_2021_04_08_11_46_28_0026] itr #4 | fitted
2021-04-08 12:25:53.541281 CEST | [multi_agent_per_av_part_bits_rep_2021_04_08_11_46_28_0026] itr #4 | fitting baseline...
2021-04-08 12:25:53.542020 CEST | [multi_agent_per_av_part_bits_rep_2021_04_08_11_46_28_0026] itr #4 | fitted
2021-04-08 12:25:53.544190 CEST | [multi_agent_per_av_part_bits_rep_2021_04_08_11_46_28_0026] itr #4 | fitting baseline...
2021-04-08 12:25:53.545247 CEST | [multi_agent_per_av_part_bits_rep_2021_04_08_11_46_28_0026] itr #4 | fitted
2021-04-08 12:25:53.546933 CEST | [multi_agent_per_av_part_bits_rep_2021_04_08_11_46_28_0026] itr #4 | fitting baseline...
2021-04-08 12:25:53.547675 CEST | [multi_agent_per_av_part_bits_rep_2021_04_08_11_46_28_0026] itr #4 | fitted
2021-04-08 12:25:53.549729 CEST | [multi_agent_per_av_part_bits_rep_2021_04_08_11_46_28_0026] itr #4 | fitting baseline...
2021-04-08 12:25:53.550559 CEST | [multi_agent_per_av_part_bits_rep_2021_04_08_11_46_28_0026] itr #4 | fitted
2021-04-08 12:25:53.551804 CEST | [multi_agent_per_av_part_bits_rep_2021_04_08_11_46_28_0026] itr #4 | fitting baseline...
2021-04-08 12:25:53.552463 CEST | [multi_agent_per_av_part_bits_rep_2021_04_08_11_46_28_0026] itr #4 | fitted
2021-04-08 12:25:53.554357 CEST | [multi_agent_per_av_part_bits_rep_2021_04_08_11_46_28_0026] itr #4 | fitting baseline...
2021-04-08 12:25:53.555192 CEST | [multi_agent_per_av_part_bits_rep_2021_04_08_11_46_28_0026] itr #4 | fitted
2021-04-08 12:25:53.557216 CEST | [multi_agent_per_av_part_bits_rep_2021_04_08_11_46_28_0026] itr #4 | fitting baseline...
2021-04-08 12:25:53.558029 CEST | [multi_agent_per_av_part_bits_rep_2021_04_08_11_46_28_0026] itr #4 | fitted
2021-04-08 12:25:53.559493 CEST | [multi_agent_per_av_part_bits_rep_2021_04_08_11_46_28_0026] itr #4 | fitting baseline...
2021-04-08 12:25:53.560131 CEST | [multi_agent_per_av_part_bits_rep_2021_04_08_11_46_28_0026] itr #4 | fitted
2021-04-08 12:25:55.199277 CEST | [multi_agent_per_av_part_bits_rep_2021_04_08_11_46_28_0026] itr #5 | fitting baseline...
2021-04-08 12:25:55.200125 CEST | [multi_agent_per_av_part_bits_rep_2021_04_08_11_46_28_0026] itr #5 | fitted
2021-04-08 12:25:55.208116 CEST | [multi_agent_per_av_part_bits_rep_2021_04_08_11_46_28_0026] itr #5 | fitting baseline...
2021-04-08 12:25:55.209070 CEST | [multi_agent_per_av_part_bits_rep_2021_04_08_11_46_28_0026] itr #5 | fitted
2021-04-08 12:25:55.212416 CEST | [multi_agent_per_av_part_bits_rep_2021_04_08_11_46_28_0026] itr #5 | fitting baseline...
2021-04-08 12:25:55.213865 CEST | [multi_agent_per_av_part_bits_rep_2021_04_08_11_46_28_0026] itr #5 | fitted
2021-04-08 12:25:55.216979 CEST | [multi_agent_per_av_part_bits_rep_2021_04_08_11_46_28_0026] itr #5 | fitting baseline...
2021-04-08 12:25:55.218503 CEST | [multi_agent_per_av_part_bits_rep_2021_04_08_11_46_28_0026] itr #5 | fitted
2021-04-08 12:25:55.221208 CEST | [multi_agent_per_av_part_bits_rep_2021_04_08_11_46_28_0026] itr #5 | fitting baseline...
2021-04-08 12:25:55.222076 CEST | [multi_agent_per_av_part_bits_rep_2021_04_08_11_46_28_0026] itr #5 | fitted
2021-04-08 12:25:55.223770 CEST | [multi_agent_per_av_part_bits_rep_2021_04_08_11_46_28_0026] itr #5 | fitting baseline...
2021-04-08 12:25:55.224510 CEST | [multi_agent_per_av_part_bits_rep_2021_04_08_11_46_28_0026] itr #5 | fitted
2021-04-08 12:25:55.225889 CEST | [multi_agent_per_av_part_bits_rep_2021_04_08_11_46_28_0026] itr #5 | fitting baseline...
2021-04-08 12:25:55.226510 CEST | [multi_agent_per_av_part_bits_rep_2021_04_08_11_46_28_0026] itr #5 | fitted
2021-04-08 12:25:55.227801 CEST | [multi_agent_per_av_part_bits_rep_2021_04_08_11_46_28_0026] itr #5 | fitting baseline...
2021-04-08 12:25:55.228408 CEST | [multi_agent_per_av_part_bits_rep_2021_04_08_11_46_28_0026] itr #5 | fitted
2021-04-08 12:25:55.229899 CEST | [multi_agent_per_av_part_bits_rep_2021_04_08_11_46_28_0026] itr #5 | fitting baseline...
2021-04-08 12:25:55.230562 CEST | [multi_agent_per_av_part_bits_rep_2021_04_08_11_46_28_0026] itr #5 | fitted
2021-04-08 12:25:55.232092 CEST | [multi_agent_per_av_part_bits_rep_2021_04_08_11_46_28_0026] itr #5 | fitting baseline...
2021-04-08 12:25:55.232782 CEST | [multi_agent_per_av_part_bits_rep_2021_04_08_11_46_28_0026] itr #5 | fitted
2021-04-08 12:25:55.266208 CEST | [multi_agent_per_av_part_bits_rep_2021_04_08_11_46_28_0026] itr #5 | saving snapshot...
2021-04-08 12:25:55.269041 CEST | [multi_agent_per_av_part_bits_rep_2021_04_08_11_46_28_0026] itr #5 | saved
2021-04-08 12:25:55.293351 CEST | -----------------------  ----------------
2021-04-08 12:25:55.293645 CEST | Iteration                     0
2021-04-08 12:25:55.293822 CEST | AverageDiscountedReturn      58.8594
2021-04-08 12:25:55.293983 CEST | AverageReturn                61.5695
2021-04-08 12:25:55.294150 CEST | ExplainedVariance             4.89775e-12
2021-04-08 12:25:55.294315 CEST | NumTrajs                     56
2021-04-08 12:25:55.294474 CEST | Entropy                       1.41894
2021-04-08 12:25:55.294648 CEST | Perplexity                    4.13273
2021-04-08 12:25:55.294805 CEST | StdReturn                    49.7965
2021-04-08 12:25:55.294967 CEST | MaxReturn                   249.938
2021-04-08 12:25:55.295167 CEST | MinReturn                     9.98005
2021-04-08 12:25:55.295325 CEST | Iteration                     0
2021-04-08 12:25:55.295488 CEST | AverageDiscountedReturn      53.6128
2021-04-08 12:25:55.295713 CEST | AverageReturn                56.0281
2021-04-08 12:25:55.295874 CEST | ExplainedVariance             0.152277
2021-04-08 12:25:55.296034 CEST | NumTrajs                     61
2021-04-08 12:25:55.296193 CEST | Entropy                       1.41894
2021-04-08 12:25:55.296353 CEST | Perplexity                    4.13273
2021-04-08 12:25:55.296509 CEST | StdReturn                    49.6075
2021-04-08 12:25:55.296677 CEST | MaxReturn                   279.873
2021-04-08 12:25:55.296837 CEST | MinReturn                     0
2021-04-08 12:25:55.297000 CEST | Iteration                     0
2021-04-08 12:25:55.297159 CEST | AverageDiscountedReturn      76.4484
2021-04-08 12:25:55.297314 CEST | AverageReturn                80.8631
2021-04-08 12:25:55.297478 CEST | ExplainedVariance             0.106943
2021-04-08 12:25:55.297642 CEST | NumTrajs                     44
2021-04-08 12:25:55.297795 CEST | Entropy                       1.41894
2021-04-08 12:25:55.297957 CEST | Perplexity                    4.13273
2021-04-08 12:25:55.298125 CEST | StdReturn                    59.3565
2021-04-08 12:25:55.298291 CEST | MaxReturn                   259.852
2021-04-08 12:25:55.298449 CEST | MinReturn                     9.9804
2021-04-08 12:25:55.298606 CEST | Iteration                     0
2021-04-08 12:25:55.298755 CEST | AverageDiscountedReturn      56.7064
2021-04-08 12:25:55.298917 CEST | AverageReturn                59.4466
2021-04-08 12:25:55.299059 CEST | ExplainedVariance             0.0298787
2021-04-08 12:25:55.299237 CEST | NumTrajs                     58
2021-04-08 12:25:55.299396 CEST | Entropy                       1.41894
2021-04-08 12:25:55.299565 CEST | Perplexity                    4.13273
2021-04-08 12:25:55.299728 CEST | StdReturn                    53.363
2021-04-08 12:25:55.299893 CEST | MaxReturn                   349.863
2021-04-08 12:25:55.300063 CEST | MinReturn                     0
2021-04-08 12:25:55.300220 CEST | Iteration                     0
2021-04-08 12:25:55.300390 CEST | AverageDiscountedReturn      55.7527
2021-04-08 12:25:55.300544 CEST | AverageReturn                58.0976
2021-04-08 12:25:55.300702 CEST | ExplainedVariance             0.033148
2021-04-08 12:25:55.300869 CEST | NumTrajs                     59
2021-04-08 12:25:55.301024 CEST | Entropy                       1.41894
2021-04-08 12:25:55.301186 CEST | Perplexity                    4.13273
2021-04-08 12:25:55.301347 CEST | StdReturn                    45.512
2021-04-08 12:25:55.301512 CEST | MaxReturn                   219.956
2021-04-08 12:25:55.301671 CEST | MinReturn                     0
2021-04-08 12:25:55.301840 CEST | Iteration                     0
2021-04-08 12:25:55.302001 CEST | AverageDiscountedReturn      59.5569
2021-04-08 12:25:55.302165 CEST | AverageReturn                62.4606
2021-04-08 12:25:55.302322 CEST | ExplainedVariance             0.176147
2021-04-08 12:25:55.302491 CEST | NumTrajs                     56
2021-04-08 12:25:55.302652 CEST | Entropy                       1.41894
2021-04-08 12:25:55.302811 CEST | Perplexity                    4.13273
2021-04-08 12:25:55.302981 CEST | StdReturn                    53.1374
2021-04-08 12:25:55.303169 CEST | MaxReturn                   289.897
2021-04-08 12:25:55.303330 CEST | MinReturn                     9.98222
2021-04-08 12:25:55.303499 CEST | Iteration                     0
2021-04-08 12:25:55.303664 CEST | AverageDiscountedReturn      57.1068
2021-04-08 12:25:55.303821 CEST | AverageReturn                59.4462
2021-04-08 12:25:55.303979 CEST | ExplainedVariance             0.112588
2021-04-08 12:25:55.304138 CEST | NumTrajs                     58
2021-04-08 12:25:55.304308 CEST | Entropy                       1.41894
2021-04-08 12:25:55.304467 CEST | Perplexity                    4.13273
2021-04-08 12:25:55.304631 CEST | StdReturn                    43.6692
2021-04-08 12:25:55.304794 CEST | MaxReturn                   199.934
2021-04-08 12:25:55.304958 CEST | MinReturn                     9.98037
2021-04-08 12:25:55.305126 CEST | Iteration                     0
2021-04-08 12:25:55.305297 CEST | AverageDiscountedReturn      64.762
2021-04-08 12:25:55.305455 CEST | AverageReturn                67.8379
2021-04-08 12:25:55.305623 CEST | ExplainedVariance             0.120354
2021-04-08 12:25:55.305782 CEST | NumTrajs                     52
2021-04-08 12:25:55.305943 CEST | Entropy                       1.41894
2021-04-08 12:25:55.306103 CEST | Perplexity                    4.13273
2021-04-08 12:25:55.306271 CEST | StdReturn                    49.9107
2021-04-08 12:25:55.306440 CEST | MaxReturn                   259.881
2021-04-08 12:25:55.306599 CEST | MinReturn                     9.98257
2021-04-08 12:25:55.306766 CEST | Iteration                     0
2021-04-08 12:25:55.306935 CEST | AverageDiscountedReturn      76.8899
2021-04-08 12:25:55.307099 CEST | AverageReturn                81.0843
2021-04-08 12:25:55.307254 CEST | ExplainedVariance             0.161233
2021-04-08 12:25:55.307417 CEST | NumTrajs                     44
2021-04-08 12:25:55.307575 CEST | Entropy                       1.41894
2021-04-08 12:25:55.307729 CEST | Perplexity                    4.13273
2021-04-08 12:25:55.307886 CEST | StdReturn                    54.5853
2021-04-08 12:25:55.308049 CEST | MaxReturn                   219.849
2021-04-08 12:25:55.308212 CEST | MinReturn                     9.98082
2021-04-08 12:25:55.308373 CEST | Iteration                     0
2021-04-08 12:25:55.308527 CEST | AverageDiscountedReturn      60.3399
2021-04-08 12:25:55.308691 CEST | AverageReturn                62.6931
2021-04-08 12:25:55.308843 CEST | ExplainedVariance             0.220448
2021-04-08 12:25:55.308990 CEST | NumTrajs                     55
2021-04-08 12:25:55.309131 CEST | Entropy                       1.41894
2021-04-08 12:25:55.309271 CEST | Perplexity                    4.13273
2021-04-08 12:25:55.309440 CEST | StdReturn                    39.2746
2021-04-08 12:25:55.309597 CEST | MaxReturn                   199.896
2021-04-08 12:25:55.309760 CEST | MinReturn                     0
2021-04-08 12:25:55.309920 CEST | AveragePolicyStd              1
2021-04-08 12:25:55.310082 CEST | AveragePolicyStd              1
2021-04-08 12:25:55.310240 CEST | AveragePolicyStd              1
2021-04-08 12:25:55.310400 CEST | AveragePolicyStd              1
2021-04-08 12:25:55.310569 CEST | AveragePolicyStd              1
2021-04-08 12:25:55.310738 CEST | AveragePolicyStd              1
2021-04-08 12:25:55.310908 CEST | AveragePolicyStd              1
2021-04-08 12:25:55.311071 CEST | AveragePolicyStd              1
2021-04-08 12:25:55.311233 CEST | AveragePolicyStd              1
2021-04-08 12:25:55.311375 CEST | AveragePolicyStd              1
2021-04-08 12:25:55.311516 CEST | Iteration                     1
2021-04-08 12:25:55.311653 CEST | AverageDiscountedReturn      93.4933
2021-04-08 12:25:55.311791 CEST | AverageReturn               101.827
2021-04-08 12:25:55.311940 CEST | ExplainedVariance            -0.223841
2021-04-08 12:25:55.312078 CEST | NumTrajs                     37
2021-04-08 12:25:55.312216 CEST | Entropy                       1.40908
2021-04-08 12:25:55.312372 CEST | Perplexity                    4.09218
2021-04-08 12:25:55.312523 CEST | StdReturn                    92.7982
2021-04-08 12:25:55.312670 CEST | MaxReturn                   329.924
2021-04-08 12:25:55.312808 CEST | MinReturn                     9.98345
2021-04-08 12:25:55.312948 CEST | Iteration                     1
2021-04-08 12:25:55.313087 CEST | AverageDiscountedReturn      83.6462
2021-04-08 12:25:55.313231 CEST | AverageReturn                90.1945
2021-04-08 12:25:55.313376 CEST | ExplainedVariance             0.203053
2021-04-08 12:25:55.313514 CEST | NumTrajs                     40
2021-04-08 12:25:55.313660 CEST | Entropy                       1.40908
2021-04-08 12:25:55.313837 CEST | Perplexity                    4.09218
2021-04-08 12:25:55.313990 CEST | StdReturn                    81.7689
2021-04-08 12:25:55.314133 CEST | MaxReturn                   279.885
2021-04-08 12:25:55.314278 CEST | MinReturn                     0
2021-04-08 12:25:55.314446 CEST | Iteration                     1
2021-04-08 12:25:55.314599 CEST | AverageDiscountedReturn     115.168
2021-04-08 12:25:55.314789 CEST | AverageReturn               128.199
2021-04-08 12:25:55.314979 CEST | ExplainedVariance            -3.64583
2021-04-08 12:25:55.315166 CEST | NumTrajs                     29
2021-04-08 12:25:55.315313 CEST | Entropy                       1.40908
2021-04-08 12:25:55.315461 CEST | Perplexity                    4.09218
2021-04-08 12:25:55.315617 CEST | StdReturn                   116.875
2021-04-08 12:25:55.315765 CEST | MaxReturn                   549.821
2021-04-08 12:25:55.315911 CEST | MinReturn                     9.99013
2021-04-08 12:25:55.316058 CEST | Iteration                     1
2021-04-08 12:25:55.316203 CEST | AverageDiscountedReturn     127.017
2021-04-08 12:25:55.316349 CEST | AverageReturn               138.438
2021-04-08 12:25:55.316496 CEST | ExplainedVariance            -0.0194061
2021-04-08 12:25:55.316645 CEST | NumTrajs                     27
2021-04-08 12:25:55.316791 CEST | Entropy                       1.40908
2021-04-08 12:25:55.316937 CEST | Perplexity                    4.09218
2021-04-08 12:25:55.317082 CEST | StdReturn                    81.3773
2021-04-08 12:25:55.317232 CEST | MaxReturn                   319.857
2021-04-08 12:25:55.317383 CEST | MinReturn                    29.971
2021-04-08 12:25:55.317525 CEST | Iteration                     1
2021-04-08 12:25:55.317674 CEST | AverageDiscountedReturn      96.2158
2021-04-08 12:25:55.317821 CEST | AverageReturn               104.933
2021-04-08 12:25:55.317962 CEST | ExplainedVariance             0.121198
2021-04-08 12:25:55.318101 CEST | NumTrajs                     36
2021-04-08 12:25:55.318249 CEST | Entropy                       1.40908
2021-04-08 12:25:55.318397 CEST | Perplexity                    4.09218
2021-04-08 12:25:55.318543 CEST | StdReturn                    94.8443
2021-04-08 12:25:55.318685 CEST | MaxReturn                   459.815
2021-04-08 12:25:55.318831 CEST | MinReturn                     9.98149
2021-04-08 12:25:55.318984 CEST | Iteration                     1
2021-04-08 12:25:55.319150 CEST | AverageDiscountedReturn     106.186
2021-04-08 12:25:55.319305 CEST | AverageReturn               115.062
2021-04-08 12:25:55.319457 CEST | ExplainedVariance             0.0283237
2021-04-08 12:25:55.319602 CEST | NumTrajs                     33
2021-04-08 12:25:55.319748 CEST | Entropy                       1.40908
2021-04-08 12:25:55.319888 CEST | Perplexity                    4.09218
2021-04-08 12:25:55.320055 CEST | StdReturn                    82.5321
2021-04-08 12:25:55.320234 CEST | MaxReturn                   329.755
2021-04-08 12:25:55.320429 CEST | MinReturn                     9.98087
2021-04-08 12:25:55.320626 CEST | Iteration                     1
2021-04-08 12:25:55.320818 CEST | AverageDiscountedReturn     110.114
2021-04-08 12:25:55.321010 CEST | AverageReturn               118.963
2021-04-08 12:25:55.321210 CEST | ExplainedVariance            -0.681867
2021-04-08 12:25:55.321412 CEST | NumTrajs                     31
2021-04-08 12:25:55.321601 CEST | Entropy                       1.40908
2021-04-08 12:25:55.321784 CEST | Perplexity                    4.09218
2021-04-08 12:25:55.321939 CEST | StdReturn                    76.9732
2021-04-08 12:25:55.322100 CEST | MaxReturn                   359.731
2021-04-08 12:25:55.322265 CEST | MinReturn                    19.9726
2021-04-08 12:25:55.322415 CEST | Iteration                     1
2021-04-08 12:25:55.322587 CEST | AverageDiscountedReturn     120.054
2021-04-08 12:25:55.322739 CEST | AverageReturn               130.917
2021-04-08 12:25:55.322897 CEST | ExplainedVariance            -0.0460988
2021-04-08 12:25:55.323061 CEST | NumTrajs                     30
2021-04-08 12:25:55.323260 CEST | Entropy                       1.40908
2021-04-08 12:25:55.323405 CEST | Perplexity                    4.09218
2021-04-08 12:25:55.323547 CEST | StdReturn                    86.4979
2021-04-08 12:25:55.323690 CEST | MaxReturn                   399.799
2021-04-08 12:25:55.323835 CEST | MinReturn                     0
2021-04-08 12:25:55.323977 CEST | Iteration                     1
2021-04-08 12:25:55.324121 CEST | AverageDiscountedReturn      84.1346
2021-04-08 12:25:55.324264 CEST | AverageReturn                90.4063
2021-04-08 12:25:55.324408 CEST | ExplainedVariance             0.190935
2021-04-08 12:25:55.324551 CEST | NumTrajs                     43
2021-04-08 12:25:55.324693 CEST | Entropy                       1.40908
2021-04-08 12:25:55.324836 CEST | Perplexity                    4.09218
2021-04-08 12:25:55.324978 CEST | StdReturn                    77.8124
2021-04-08 12:25:55.325121 CEST | MaxReturn                   329.839
2021-04-08 12:25:55.325264 CEST | MinReturn                     0
2021-04-08 12:25:55.325407 CEST | Iteration                     1
2021-04-08 12:25:55.325550 CEST | AverageDiscountedReturn     108.192
2021-04-08 12:25:55.325703 CEST | AverageReturn               117.421
2021-04-08 12:25:55.325848 CEST | ExplainedVariance            -0.293279
2021-04-08 12:25:55.325992 CEST | NumTrajs                     32
2021-04-08 12:25:55.326133 CEST | Entropy                       1.40908
2021-04-08 12:25:55.326276 CEST | Perplexity                    4.09218
2021-04-08 12:25:55.326419 CEST | StdReturn                    84.2888
2021-04-08 12:25:55.326563 CEST | MaxReturn                   329.805
2021-04-08 12:25:55.326705 CEST | MinReturn                     0
2021-04-08 12:25:55.326848 CEST | AveragePolicyStd              0.990189
2021-04-08 12:25:55.326990 CEST | AveragePolicyStd              0.990189
2021-04-08 12:25:55.327147 CEST | AveragePolicyStd              0.990189
2021-04-08 12:25:55.327291 CEST | AveragePolicyStd              0.990189
2021-04-08 12:25:55.327435 CEST | AveragePolicyStd              0.990189
2021-04-08 12:25:55.327577 CEST | AveragePolicyStd              0.990189
2021-04-08 12:25:55.327721 CEST | AveragePolicyStd              0.990189
2021-04-08 12:25:55.327864 CEST | AveragePolicyStd              0.990189
2021-04-08 12:25:55.328006 CEST | AveragePolicyStd              0.990189
2021-04-08 12:25:55.328149 CEST | AveragePolicyStd              0.990189
2021-04-08 12:25:55.328292 CEST | Iteration                     2
2021-04-08 12:25:55.328435 CEST | AverageDiscountedReturn     162.705
2021-04-08 12:25:55.328577 CEST | AverageReturn               187.507
2021-04-08 12:25:55.328720 CEST | ExplainedVariance            -0.301256
2021-04-08 12:25:55.328864 CEST | NumTrajs                     21
2021-04-08 12:25:55.329015 CEST | Entropy                       1.39991
2021-04-08 12:25:55.329159 CEST | Perplexity                    4.05483
2021-04-08 12:25:55.329305 CEST | StdReturn                   149.396
2021-04-08 12:25:55.329449 CEST | MaxReturn                   499.85
2021-04-08 12:25:55.329594 CEST | MinReturn                    29.9652
2021-04-08 12:25:55.329738 CEST | Iteration                     2
2021-04-08 12:25:55.329881 CEST | AverageDiscountedReturn     143.937
2021-04-08 12:25:55.330026 CEST | AverageReturn               167.092
2021-04-08 12:25:55.330183 CEST | ExplainedVariance             0.158286
2021-04-08 12:25:55.330329 CEST | NumTrajs                     25
2021-04-08 12:25:55.330474 CEST | Entropy                       1.39991
2021-04-08 12:25:55.330619 CEST | Perplexity                    4.05483
2021-04-08 12:25:55.330764 CEST | StdReturn                   163.557
2021-04-08 12:25:55.330909 CEST | MaxReturn                   669.645
2021-04-08 12:25:55.331054 CEST | MinReturn                     0
2021-04-08 12:25:55.331217 CEST | Iteration                     2
2021-04-08 12:25:55.331361 CEST | AverageDiscountedReturn     157.671
2021-04-08 12:25:55.331506 CEST | AverageReturn               181.324
2021-04-08 12:25:55.331651 CEST | ExplainedVariance            -1.70576
2021-04-08 12:25:55.331793 CEST | NumTrajs                     21
2021-04-08 12:25:55.331938 CEST | Entropy                       1.39991
2021-04-08 12:25:55.332081 CEST | Perplexity                    4.05483
2021-04-08 12:25:55.332224 CEST | StdReturn                   148.816
2021-04-08 12:25:55.332367 CEST | MaxReturn                   559.72
2021-04-08 12:25:55.332510 CEST | MinReturn                    19.9748
2021-04-08 12:25:55.332654 CEST | Iteration                     2
2021-04-08 12:25:55.332798 CEST | AverageDiscountedReturn     139.28
2021-04-08 12:25:55.332942 CEST | AverageReturn               165.117
2021-04-08 12:25:55.333085 CEST | ExplainedVariance            -0.573448
2021-04-08 12:25:55.333228 CEST | NumTrajs                     23
2021-04-08 12:25:55.333372 CEST | Entropy                       1.39991
2021-04-08 12:25:55.333515 CEST | Perplexity                    4.05483
2021-04-08 12:25:55.333659 CEST | StdReturn                   191.421
2021-04-08 12:25:55.333807 CEST | MaxReturn                   879.548
2021-04-08 12:25:55.333955 CEST | MinReturn                     0
2021-04-08 12:25:55.334099 CEST | Iteration                     2
2021-04-08 12:25:55.334243 CEST | AverageDiscountedReturn     117.33
2021-04-08 12:25:55.334387 CEST | AverageReturn               132.579
2021-04-08 12:25:55.334529 CEST | ExplainedVariance             0.130939
2021-04-08 12:25:55.334673 CEST | NumTrajs                     30
2021-04-08 12:25:55.334816 CEST | Entropy                       1.39991
2021-04-08 12:25:55.334963 CEST | Perplexity                    4.05483
2021-04-08 12:25:55.335133 CEST | StdReturn                   133.927
2021-04-08 12:25:55.335281 CEST | MaxReturn                   539.78
2021-04-08 12:25:55.335425 CEST | MinReturn                     9.98267
2021-04-08 12:25:55.335571 CEST | Iteration                     2
2021-04-08 12:25:55.335713 CEST | AverageDiscountedReturn     141.54
2021-04-08 12:25:55.335856 CEST | AverageReturn               164.242
2021-04-08 12:25:55.336001 CEST | ExplainedVariance            -0.0375835
2021-04-08 12:25:55.336143 CEST | NumTrajs                     23
2021-04-08 12:25:55.336287 CEST | Entropy                       1.39991
2021-04-08 12:25:55.336431 CEST | Perplexity                    4.05483
2021-04-08 12:25:55.336575 CEST | StdReturn                   162.859
2021-04-08 12:25:55.336718 CEST | MaxReturn                   629.664
2021-04-08 12:25:55.336861 CEST | MinReturn                     9.982
2021-04-08 12:25:55.337007 CEST | Iteration                     2
2021-04-08 12:25:55.337152 CEST | AverageDiscountedReturn     154.835
2021-04-08 12:25:55.337296 CEST | AverageReturn               175.356
2021-04-08 12:25:55.337439 CEST | ExplainedVariance             0.235559
2021-04-08 12:25:55.337584 CEST | NumTrajs                     22
2021-04-08 12:25:55.337727 CEST | Entropy                       1.39991
2021-04-08 12:25:55.337873 CEST | Perplexity                    4.05483
2021-04-08 12:25:55.338017 CEST | StdReturn                   127.723
2021-04-08 12:25:55.338163 CEST | MaxReturn                   459.763
2021-04-08 12:25:55.338307 CEST | MinReturn                     9.98445
2021-04-08 12:25:55.338452 CEST | Iteration                     2
2021-04-08 12:25:55.338598 CEST | AverageDiscountedReturn     153.234
2021-04-08 12:25:55.338753 CEST | AverageReturn               172.171
2021-04-08 12:25:55.338897 CEST | ExplainedVariance             0.11054
2021-04-08 12:25:55.339042 CEST | NumTrajs                     22
2021-04-08 12:25:55.339200 CEST | Entropy                       1.39991
2021-04-08 12:25:55.339346 CEST | Perplexity                    4.05483
2021-04-08 12:25:55.339491 CEST | StdReturn                   116.286
2021-04-08 12:25:55.339633 CEST | MaxReturn                   419.813
2021-04-08 12:25:55.339778 CEST | MinReturn                     9.98886
2021-04-08 12:25:55.339921 CEST | Iteration                     2
2021-04-08 12:25:55.340064 CEST | AverageDiscountedReturn     160.777
2021-04-08 12:25:55.340209 CEST | AverageReturn               190.867
2021-04-08 12:25:55.340352 CEST | ExplainedVariance            -0.608854
2021-04-08 12:25:55.340495 CEST | NumTrajs                     20
2021-04-08 12:25:55.340638 CEST | Entropy                       1.39991
2021-04-08 12:25:55.340780 CEST | Perplexity                    4.05483
2021-04-08 12:25:55.340923 CEST | StdReturn                   189.267
2021-04-08 12:25:55.341067 CEST | MaxReturn                   739.621
2021-04-08 12:25:55.341210 CEST | MinReturn                     0
2021-04-08 12:25:55.341354 CEST | Iteration                     2
2021-04-08 12:25:55.341497 CEST | AverageDiscountedReturn     140.383
2021-04-08 12:25:55.341639 CEST | AverageReturn               161.888
2021-04-08 12:25:55.341781 CEST | ExplainedVariance            -0.0096503
2021-04-08 12:25:55.341925 CEST | NumTrajs                     25
2021-04-08 12:25:55.342067 CEST | Entropy                       1.39991
2021-04-08 12:25:55.342211 CEST | Perplexity                    4.05483
2021-04-08 12:25:55.342354 CEST | StdReturn                   155.571
2021-04-08 12:25:55.342498 CEST | MaxReturn                   629.864
2021-04-08 12:25:55.342642 CEST | MinReturn                     9.98101
2021-04-08 12:25:55.342784 CEST | AveragePolicyStd              0.98115
2021-04-08 12:25:55.342928 CEST | AveragePolicyStd              0.98115
2021-04-08 12:25:55.343071 CEST | AveragePolicyStd              0.98115
2021-04-08 12:25:55.343240 CEST | AveragePolicyStd              0.98115
2021-04-08 12:25:55.343393 CEST | AveragePolicyStd              0.98115
2021-04-08 12:25:55.343544 CEST | AveragePolicyStd              0.98115
2021-04-08 12:25:55.343696 CEST | AveragePolicyStd              0.98115
2021-04-08 12:25:55.343855 CEST | AveragePolicyStd              0.98115
2021-04-08 12:25:55.344012 CEST | AveragePolicyStd              0.98115
2021-04-08 12:25:55.344185 CEST | AveragePolicyStd              0.98115
2021-04-08 12:25:55.344360 CEST | Iteration                     3
2021-04-08 12:25:55.344527 CEST | AverageDiscountedReturn     129.933
2021-04-08 12:25:55.344697 CEST | AverageReturn               143.748
2021-04-08 12:25:55.344869 CEST | ExplainedVariance            -0.0569544
2021-04-08 12:25:55.345041 CEST | NumTrajs                     26
