2021-04-16 10:22:39.837120 CEST | [test_discounts_2021_04_16_10_06_18_0015] Populating workers...
2021-04-16 10:22:39.837365 CEST | [test_discounts_2021_04_16_10_06_18_0015] Populated
2021-04-16 10:22:39.837483 CEST | [test_discounts_2021_04_16_10_06_18_0015] Populating workers...
2021-04-16 10:22:39.837592 CEST | [test_discounts_2021_04_16_10_06_18_0015] Populated
2021-04-16 10:22:39.837698 CEST | [test_discounts_2021_04_16_10_06_18_0015] Populating workers...
2021-04-16 10:22:39.837802 CEST | [test_discounts_2021_04_16_10_06_18_0015] Populated
2021-04-16 10:22:39.837905 CEST | [test_discounts_2021_04_16_10_06_18_0015] Populating workers...
2021-04-16 10:22:39.838008 CEST | [test_discounts_2021_04_16_10_06_18_0015] Populated
2021-04-16 10:22:39.838113 CEST | [test_discounts_2021_04_16_10_06_18_0015] Populating workers...
2021-04-16 10:22:39.838224 CEST | [test_discounts_2021_04_16_10_06_18_0015] Populated
2021-04-16 10:22:41.981959 CEST | [test_discounts_2021_04_16_10_06_18_0015] itr #0 | fitting baseline...
2021-04-16 10:22:42.005173 CEST | [test_discounts_2021_04_16_10_06_18_0015] itr #0 | fitted
2021-04-16 10:22:42.017616 CEST | [test_discounts_2021_04_16_10_06_18_0015] itr #0 | fitting baseline...
2021-04-16 10:22:42.019485 CEST | [test_discounts_2021_04_16_10_06_18_0015] itr #0 | fitted
2021-04-16 10:22:42.023068 CEST | [test_discounts_2021_04_16_10_06_18_0015] itr #0 | fitting baseline...
2021-04-16 10:22:42.024465 CEST | [test_discounts_2021_04_16_10_06_18_0015] itr #0 | fitted
2021-04-16 10:22:42.028244 CEST | [test_discounts_2021_04_16_10_06_18_0015] itr #0 | fitting baseline...
2021-04-16 10:22:42.029895 CEST | [test_discounts_2021_04_16_10_06_18_0015] itr #0 | fitted
2021-04-16 10:22:42.034362 CEST | [test_discounts_2021_04_16_10_06_18_0015] itr #0 | fitting baseline...
2021-04-16 10:22:42.036037 CEST | [test_discounts_2021_04_16_10_06_18_0015] itr #0 | fitted
2021-04-16 10:22:46.137417 CEST | [test_discounts_2021_04_16_10_06_18_0015] itr #1 | fitting baseline...
2021-04-16 10:22:46.138957 CEST | [test_discounts_2021_04_16_10_06_18_0015] itr #1 | fitted
2021-04-16 10:22:46.143322 CEST | [test_discounts_2021_04_16_10_06_18_0015] itr #1 | fitting baseline...
2021-04-16 10:22:46.144883 CEST | [test_discounts_2021_04_16_10_06_18_0015] itr #1 | fitted
2021-04-16 10:22:46.148742 CEST | [test_discounts_2021_04_16_10_06_18_0015] itr #1 | fitting baseline...
2021-04-16 10:22:46.150304 CEST | [test_discounts_2021_04_16_10_06_18_0015] itr #1 | fitted
2021-04-16 10:22:46.154768 CEST | [test_discounts_2021_04_16_10_06_18_0015] itr #1 | fitting baseline...
2021-04-16 10:22:46.156499 CEST | [test_discounts_2021_04_16_10_06_18_0015] itr #1 | fitted
2021-04-16 10:22:46.160667 CEST | [test_discounts_2021_04_16_10_06_18_0015] itr #1 | fitting baseline...
2021-04-16 10:22:46.162263 CEST | [test_discounts_2021_04_16_10_06_18_0015] itr #1 | fitted
2021-04-16 10:22:46.902682 CEST | [test_discounts_2021_04_16_10_06_18_0015] itr #2 | fitting baseline...
2021-04-16 10:22:46.904170 CEST | [test_discounts_2021_04_16_10_06_18_0015] itr #2 | fitted
2021-04-16 10:22:46.906990 CEST | [test_discounts_2021_04_16_10_06_18_0015] itr #2 | fitting baseline...
2021-04-16 10:22:46.908235 CEST | [test_discounts_2021_04_16_10_06_18_0015] itr #2 | fitted
2021-04-16 10:22:46.911620 CEST | [test_discounts_2021_04_16_10_06_18_0015] itr #2 | fitting baseline...
2021-04-16 10:22:46.913015 CEST | [test_discounts_2021_04_16_10_06_18_0015] itr #2 | fitted
2021-04-16 10:22:46.915993 CEST | [test_discounts_2021_04_16_10_06_18_0015] itr #2 | fitting baseline...
2021-04-16 10:22:46.917327 CEST | [test_discounts_2021_04_16_10_06_18_0015] itr #2 | fitted
2021-04-16 10:22:46.920855 CEST | [test_discounts_2021_04_16_10_06_18_0015] itr #2 | fitting baseline...
2021-04-16 10:22:46.922218 CEST | [test_discounts_2021_04_16_10_06_18_0015] itr #2 | fitted
2021-04-16 10:22:47.686607 CEST | [test_discounts_2021_04_16_10_06_18_0015] itr #3 | fitting baseline...
2021-04-16 10:22:47.687810 CEST | [test_discounts_2021_04_16_10_06_18_0015] itr #3 | fitted
2021-04-16 10:22:47.690683 CEST | [test_discounts_2021_04_16_10_06_18_0015] itr #3 | fitting baseline...
2021-04-16 10:22:47.691893 CEST | [test_discounts_2021_04_16_10_06_18_0015] itr #3 | fitted
2021-04-16 10:22:47.695038 CEST | [test_discounts_2021_04_16_10_06_18_0015] itr #3 | fitting baseline...
2021-04-16 10:22:47.696296 CEST | [test_discounts_2021_04_16_10_06_18_0015] itr #3 | fitted
2021-04-16 10:22:47.699087 CEST | [test_discounts_2021_04_16_10_06_18_0015] itr #3 | fitting baseline...
2021-04-16 10:22:47.700205 CEST | [test_discounts_2021_04_16_10_06_18_0015] itr #3 | fitted
2021-04-16 10:22:47.703260 CEST | [test_discounts_2021_04_16_10_06_18_0015] itr #3 | fitting baseline...
2021-04-16 10:22:47.704595 CEST | [test_discounts_2021_04_16_10_06_18_0015] itr #3 | fitted
2021-04-16 10:22:48.477254 CEST | [test_discounts_2021_04_16_10_06_18_0015] itr #4 | fitting baseline...
2021-04-16 10:22:48.478365 CEST | [test_discounts_2021_04_16_10_06_18_0015] itr #4 | fitted
2021-04-16 10:22:48.481824 CEST | [test_discounts_2021_04_16_10_06_18_0015] itr #4 | fitting baseline...
2021-04-16 10:22:48.483065 CEST | [test_discounts_2021_04_16_10_06_18_0015] itr #4 | fitted
2021-04-16 10:22:48.485580 CEST | [test_discounts_2021_04_16_10_06_18_0015] itr #4 | fitting baseline...
2021-04-16 10:22:48.486586 CEST | [test_discounts_2021_04_16_10_06_18_0015] itr #4 | fitted
2021-04-16 10:22:48.489537 CEST | [test_discounts_2021_04_16_10_06_18_0015] itr #4 | fitting baseline...
2021-04-16 10:22:48.490728 CEST | [test_discounts_2021_04_16_10_06_18_0015] itr #4 | fitted
2021-04-16 10:22:48.493859 CEST | [test_discounts_2021_04_16_10_06_18_0015] itr #4 | fitting baseline...
2021-04-16 10:22:48.495055 CEST | [test_discounts_2021_04_16_10_06_18_0015] itr #4 | fitted
2021-04-16 10:22:49.214241 CEST | [test_discounts_2021_04_16_10_06_18_0015] itr #5 | fitting baseline...
2021-04-16 10:22:49.215330 CEST | [test_discounts_2021_04_16_10_06_18_0015] itr #5 | fitted
2021-04-16 10:22:49.218065 CEST | [test_discounts_2021_04_16_10_06_18_0015] itr #5 | fitting baseline...
2021-04-16 10:22:49.219295 CEST | [test_discounts_2021_04_16_10_06_18_0015] itr #5 | fitted
2021-04-16 10:22:49.224407 CEST | [test_discounts_2021_04_16_10_06_18_0015] itr #5 | fitting baseline...
2021-04-16 10:22:49.227223 CEST | [test_discounts_2021_04_16_10_06_18_0015] itr #5 | fitted
2021-04-16 10:22:49.232806 CEST | [test_discounts_2021_04_16_10_06_18_0015] itr #5 | fitting baseline...
2021-04-16 10:22:49.234744 CEST | [test_discounts_2021_04_16_10_06_18_0015] itr #5 | fitted
2021-04-16 10:22:49.239747 CEST | [test_discounts_2021_04_16_10_06_18_0015] itr #5 | fitting baseline...
2021-04-16 10:22:49.241691 CEST | [test_discounts_2021_04_16_10_06_18_0015] itr #5 | fitted
2021-04-16 10:22:50.049927 CEST | [test_discounts_2021_04_16_10_06_18_0015] itr #6 | fitting baseline...
2021-04-16 10:22:50.050980 CEST | [test_discounts_2021_04_16_10_06_18_0015] itr #6 | fitted
2021-04-16 10:22:50.053506 CEST | [test_discounts_2021_04_16_10_06_18_0015] itr #6 | fitting baseline...
2021-04-16 10:22:50.054662 CEST | [test_discounts_2021_04_16_10_06_18_0015] itr #6 | fitted
2021-04-16 10:22:50.057331 CEST | [test_discounts_2021_04_16_10_06_18_0015] itr #6 | fitting baseline...
2021-04-16 10:22:50.058403 CEST | [test_discounts_2021_04_16_10_06_18_0015] itr #6 | fitted
2021-04-16 10:22:50.060748 CEST | [test_discounts_2021_04_16_10_06_18_0015] itr #6 | fitting baseline...
2021-04-16 10:22:50.061740 CEST | [test_discounts_2021_04_16_10_06_18_0015] itr #6 | fitted
2021-04-16 10:22:50.064474 CEST | [test_discounts_2021_04_16_10_06_18_0015] itr #6 | fitting baseline...
2021-04-16 10:22:50.065668 CEST | [test_discounts_2021_04_16_10_06_18_0015] itr #6 | fitted
2021-04-16 10:22:50.839425 CEST | [test_discounts_2021_04_16_10_06_18_0015] itr #7 | fitting baseline...
2021-04-16 10:22:50.841054 CEST | [test_discounts_2021_04_16_10_06_18_0015] itr #7 | fitted
2021-04-16 10:22:50.844314 CEST | [test_discounts_2021_04_16_10_06_18_0015] itr #7 | fitting baseline...
2021-04-16 10:22:50.845593 CEST | [test_discounts_2021_04_16_10_06_18_0015] itr #7 | fitted
2021-04-16 10:22:50.848729 CEST | [test_discounts_2021_04_16_10_06_18_0015] itr #7 | fitting baseline...
2021-04-16 10:22:50.849939 CEST | [test_discounts_2021_04_16_10_06_18_0015] itr #7 | fitted
2021-04-16 10:22:50.852851 CEST | [test_discounts_2021_04_16_10_06_18_0015] itr #7 | fitting baseline...
2021-04-16 10:22:50.854102 CEST | [test_discounts_2021_04_16_10_06_18_0015] itr #7 | fitted
2021-04-16 10:22:50.857175 CEST | [test_discounts_2021_04_16_10_06_18_0015] itr #7 | fitting baseline...
2021-04-16 10:22:50.858397 CEST | [test_discounts_2021_04_16_10_06_18_0015] itr #7 | fitted
2021-04-16 10:22:51.643341 CEST | [test_discounts_2021_04_16_10_06_18_0015] itr #8 | fitting baseline...
2021-04-16 10:22:51.644429 CEST | [test_discounts_2021_04_16_10_06_18_0015] itr #8 | fitted
2021-04-16 10:22:51.646684 CEST | [test_discounts_2021_04_16_10_06_18_0015] itr #8 | fitting baseline...
2021-04-16 10:22:51.647707 CEST | [test_discounts_2021_04_16_10_06_18_0015] itr #8 | fitted
2021-04-16 10:22:51.649988 CEST | [test_discounts_2021_04_16_10_06_18_0015] itr #8 | fitting baseline...
2021-04-16 10:22:51.650995 CEST | [test_discounts_2021_04_16_10_06_18_0015] itr #8 | fitted
2021-04-16 10:22:51.652998 CEST | [test_discounts_2021_04_16_10_06_18_0015] itr #8 | fitting baseline...
2021-04-16 10:22:51.653866 CEST | [test_discounts_2021_04_16_10_06_18_0015] itr #8 | fitted
2021-04-16 10:22:51.656003 CEST | [test_discounts_2021_04_16_10_06_18_0015] itr #8 | fitting baseline...
2021-04-16 10:22:51.657081 CEST | [test_discounts_2021_04_16_10_06_18_0015] itr #8 | fitted
2021-04-16 10:22:52.463860 CEST | [test_discounts_2021_04_16_10_06_18_0015] itr #9 | fitting baseline...
2021-04-16 10:22:52.464823 CEST | [test_discounts_2021_04_16_10_06_18_0015] itr #9 | fitted
2021-04-16 10:22:52.467235 CEST | [test_discounts_2021_04_16_10_06_18_0015] itr #9 | fitting baseline...
2021-04-16 10:22:52.468253 CEST | [test_discounts_2021_04_16_10_06_18_0015] itr #9 | fitted
2021-04-16 10:22:52.470468 CEST | [test_discounts_2021_04_16_10_06_18_0015] itr #9 | fitting baseline...
2021-04-16 10:22:52.471366 CEST | [test_discounts_2021_04_16_10_06_18_0015] itr #9 | fitted
2021-04-16 10:22:52.473221 CEST | [test_discounts_2021_04_16_10_06_18_0015] itr #9 | fitting baseline...
2021-04-16 10:22:52.474039 CEST | [test_discounts_2021_04_16_10_06_18_0015] itr #9 | fitted
2021-04-16 10:22:52.476434 CEST | [test_discounts_2021_04_16_10_06_18_0015] itr #9 | fitting baseline...
2021-04-16 10:22:52.477394 CEST | [test_discounts_2021_04_16_10_06_18_0015] itr #9 | fitted
2021-04-16 10:22:53.219771 CEST | [test_discounts_2021_04_16_10_06_18_0015] itr #10 | fitting baseline...
2021-04-16 10:22:53.220705 CEST | [test_discounts_2021_04_16_10_06_18_0015] itr #10 | fitted
2021-04-16 10:22:53.222917 CEST | [test_discounts_2021_04_16_10_06_18_0015] itr #10 | fitting baseline...
2021-04-16 10:22:53.223910 CEST | [test_discounts_2021_04_16_10_06_18_0015] itr #10 | fitted
2021-04-16 10:22:53.225900 CEST | [test_discounts_2021_04_16_10_06_18_0015] itr #10 | fitting baseline...
2021-04-16 10:22:53.226795 CEST | [test_discounts_2021_04_16_10_06_18_0015] itr #10 | fitted
2021-04-16 10:22:53.229263 CEST | [test_discounts_2021_04_16_10_06_18_0015] itr #10 | fitting baseline...
2021-04-16 10:22:53.230508 CEST | [test_discounts_2021_04_16_10_06_18_0015] itr #10 | fitted
2021-04-16 10:22:53.232530 CEST | [test_discounts_2021_04_16_10_06_18_0015] itr #10 | fitting baseline...
2021-04-16 10:22:53.233444 CEST | [test_discounts_2021_04_16_10_06_18_0015] itr #10 | fitted
2021-04-16 10:22:53.246178 CEST | [test_discounts_2021_04_16_10_06_18_0015] itr #10 | saving snapshot...
2021-04-16 10:22:53.249818 CEST | [test_discounts_2021_04_16_10_06_18_0015] itr #10 | saved
2021-04-16 10:22:53.267830 CEST | -----------------------  ---------------
2021-04-16 10:22:53.268080 CEST | Iteration                    0
2021-04-16 10:22:53.268211 CEST | AverageDiscountedReturn     26.536
2021-04-16 10:22:53.268333 CEST | AverageReturn               48.6813
2021-04-16 10:22:53.268454 CEST | ExplainedVariance            6.64335e-11
2021-04-16 10:22:53.268587 CEST | NumTrajs                    70
2021-04-16 10:22:53.268707 CEST | Entropy                      1.41894
2021-04-16 10:22:53.268834 CEST | Perplexity                   4.13273
2021-04-16 10:22:53.268961 CEST | StdReturn                   31.6015
2021-04-16 10:22:53.269091 CEST | MaxReturn                  129.946
2021-04-16 10:22:53.269211 CEST | MinReturn                    0
2021-04-16 10:22:53.269339 CEST | Iteration                    0
2021-04-16 10:22:53.269458 CEST | AverageDiscountedReturn     26.6109
2021-04-16 10:22:53.269578 CEST | AverageReturn               50.4111
2021-04-16 10:22:53.269698 CEST | ExplainedVariance            0.485747
2021-04-16 10:22:53.269830 CEST | NumTrajs                    68
2021-04-16 10:22:53.269962 CEST | Entropy                      1.41894
2021-04-16 10:22:53.270093 CEST | Perplexity                   4.13273
2021-04-16 10:22:53.270223 CEST | StdReturn                   34.1769
2021-04-16 10:22:53.270346 CEST | MaxReturn                  139.975
2021-04-16 10:22:53.270482 CEST | MinReturn                    0
2021-04-16 10:22:53.270657 CEST | Iteration                    0
2021-04-16 10:22:53.270832 CEST | AverageDiscountedReturn     28.1592
2021-04-16 10:22:53.271004 CEST | AverageReturn               55.8684
2021-04-16 10:22:53.271176 CEST | ExplainedVariance            0.509352
2021-04-16 10:22:53.271314 CEST | NumTrajs                    61
2021-04-16 10:22:53.271470 CEST | Entropy                      1.41894
2021-04-16 10:22:53.271621 CEST | Perplexity                   4.13273
2021-04-16 10:22:53.271766 CEST | StdReturn                   36.0817
2021-04-16 10:22:53.271909 CEST | MaxReturn                  149.967
2021-04-16 10:22:53.272038 CEST | MinReturn                    9.98177
2021-04-16 10:22:53.272184 CEST | Iteration                    0
2021-04-16 10:22:53.272302 CEST | AverageDiscountedReturn     27.5294
2021-04-16 10:22:53.272419 CEST | AverageReturn               52.6262
2021-04-16 10:22:53.272536 CEST | ExplainedVariance            0.526903
2021-04-16 10:22:53.272655 CEST | NumTrajs                    64
2021-04-16 10:22:53.272786 CEST | Entropy                      1.41894
2021-04-16 10:22:53.272903 CEST | Perplexity                   4.13273
2021-04-16 10:22:53.273037 CEST | StdReturn                   33.496
2021-04-16 10:22:53.273158 CEST | MaxReturn                  169.931
2021-04-16 10:22:53.273276 CEST | MinReturn                    0
2021-04-16 10:22:53.273393 CEST | Iteration                    0
2021-04-16 10:22:53.273512 CEST | AverageDiscountedReturn     26.0904
2021-04-16 10:22:53.273631 CEST | AverageReturn               44.767
2021-04-16 10:22:53.273768 CEST | ExplainedVariance            0.471289
2021-04-16 10:22:53.273899 CEST | NumTrajs                    73
2021-04-16 10:22:53.274039 CEST | Entropy                      1.41894
2021-04-16 10:22:53.274180 CEST | Perplexity                   4.13273
2021-04-16 10:22:53.274311 CEST | StdReturn                   28.4722
2021-04-16 10:22:53.274442 CEST | MaxReturn                  159.914
2021-04-16 10:22:53.274573 CEST | MinReturn                    9.98281
2021-04-16 10:22:53.274705 CEST | AveragePolicyStd             1
2021-04-16 10:22:53.274836 CEST | AveragePolicyStd             1
2021-04-16 10:22:53.274968 CEST | AveragePolicyStd             1
2021-04-16 10:22:53.275099 CEST | AveragePolicyStd             1
2021-04-16 10:22:53.275231 CEST | AveragePolicyStd             1
2021-04-16 10:22:53.275367 CEST | Iteration                    1
2021-04-16 10:22:53.275498 CEST | AverageDiscountedReturn     27.6639
2021-04-16 10:22:53.275629 CEST | AverageReturn               56.0268
2021-04-16 10:22:53.275759 CEST | ExplainedVariance            0.3561
2021-04-16 10:22:53.275888 CEST | NumTrajs                    61
2021-04-16 10:22:53.276021 CEST | Entropy                      1.41857
2021-04-16 10:22:53.276160 CEST | Perplexity                   4.13121
2021-04-16 10:22:53.276279 CEST | StdReturn                   37.7111
2021-04-16 10:22:53.276397 CEST | MaxReturn                  159.931
2021-04-16 10:22:53.276526 CEST | MinReturn                    9.97986
2021-04-16 10:22:53.276659 CEST | Iteration                    1
2021-04-16 10:22:53.276778 CEST | AverageDiscountedReturn     27.7626
2021-04-16 10:22:53.276909 CEST | AverageReturn               56.0283
2021-04-16 10:22:53.277026 CEST | ExplainedVariance            0.468333
2021-04-16 10:22:53.277144 CEST | NumTrajs                    61
2021-04-16 10:22:53.277262 CEST | Entropy                      1.41857
2021-04-16 10:22:53.277379 CEST | Perplexity                   4.13121
2021-04-16 10:22:53.277499 CEST | StdReturn                   38.3203
2021-04-16 10:22:53.277630 CEST | MaxReturn                  179.905
2021-04-16 10:22:53.277759 CEST | MinReturn                    0
2021-04-16 10:22:53.277891 CEST | Iteration                    1
2021-04-16 10:22:53.278024 CEST | AverageDiscountedReturn     27.6096
2021-04-16 10:22:53.278156 CEST | AverageReturn               55.607
2021-04-16 10:22:53.278293 CEST | ExplainedVariance            0.443968
2021-04-16 10:22:53.278425 CEST | NumTrajs                    62
2021-04-16 10:22:53.278556 CEST | Entropy                      1.41857
2021-04-16 10:22:53.278687 CEST | Perplexity                   4.13121
2021-04-16 10:22:53.278821 CEST | StdReturn                   38.7808
2021-04-16 10:22:53.278952 CEST | MaxReturn                  149.96
2021-04-16 10:22:53.279083 CEST | MinReturn                    9.98188
2021-04-16 10:22:53.279215 CEST | Iteration                    1
2021-04-16 10:22:53.279349 CEST | AverageDiscountedReturn     26.3686
2021-04-16 10:22:53.279481 CEST | AverageReturn               48.789
2021-04-16 10:22:53.279612 CEST | ExplainedVariance            0.412045
2021-04-16 10:22:53.279743 CEST | NumTrajs                    68
2021-04-16 10:22:53.279875 CEST | Entropy                      1.41857
2021-04-16 10:22:53.280007 CEST | Perplexity                   4.13121
2021-04-16 10:22:53.280163 CEST | StdReturn                   34.0464
2021-04-16 10:22:53.280283 CEST | MaxReturn                  169.921
2021-04-16 10:22:53.280401 CEST | MinReturn                    0
2021-04-16 10:22:53.280520 CEST | Iteration                    1
2021-04-16 10:22:53.280639 CEST | AverageDiscountedReturn     28.044
2021-04-16 10:22:53.280771 CEST | AverageReturn               59.0989
2021-04-16 10:22:53.280904 CEST | ExplainedVariance            0.436401
2021-04-16 10:22:53.281038 CEST | NumTrajs                    58
2021-04-16 10:22:53.281156 CEST | Entropy                      1.41857
2021-04-16 10:22:53.281275 CEST | Perplexity                   4.13121
2021-04-16 10:22:53.281393 CEST | StdReturn                   44.7504
2021-04-16 10:22:53.281511 CEST | MaxReturn                  259.872
2021-04-16 10:22:53.281645 CEST | MinReturn                    0
2021-04-16 10:22:53.281776 CEST | AveragePolicyStd             0.999631
2021-04-16 10:22:53.281915 CEST | AveragePolicyStd             0.999631
2021-04-16 10:22:53.282047 CEST | AveragePolicyStd             0.999631
2021-04-16 10:22:53.282182 CEST | AveragePolicyStd             0.999631
2021-04-16 10:22:53.282313 CEST | AveragePolicyStd             0.999631
2021-04-16 10:22:53.282448 CEST | Iteration                    2
2021-04-16 10:22:53.282579 CEST | AverageDiscountedReturn     26.8137
2021-04-16 10:22:53.282710 CEST | AverageReturn               58.2681
2021-04-16 10:22:53.282845 CEST | ExplainedVariance            0.432787
2021-04-16 10:22:53.282975 CEST | NumTrajs                    59
2021-04-16 10:22:53.283107 CEST | Entropy                      1.41511
2021-04-16 10:22:53.283237 CEST | Perplexity                   4.11693
2021-04-16 10:22:53.283364 CEST | StdReturn                   45.1243
2021-04-16 10:22:53.283496 CEST | MaxReturn                  219.93
2021-04-16 10:22:53.283632 CEST | MinReturn                    0
2021-04-16 10:22:53.283763 CEST | Iteration                    2
2021-04-16 10:22:53.283894 CEST | AverageDiscountedReturn     31.0908
2021-04-16 10:22:53.284025 CEST | AverageReturn               80.8667
2021-04-16 10:22:53.284170 CEST | ExplainedVariance            0.439392
2021-04-16 10:22:53.284287 CEST | NumTrajs                    44
2021-04-16 10:22:53.284480 CEST | Entropy                      1.41511
2021-04-16 10:22:53.284638 CEST | Perplexity                   4.11693
2021-04-16 10:22:53.284792 CEST | StdReturn                   57.0682
2021-04-16 10:22:53.284955 CEST | MaxReturn                  289.954
2021-04-16 10:22:53.285109 CEST | MinReturn                    0
2021-04-16 10:22:53.285264 CEST | Iteration                    2
2021-04-16 10:22:53.285415 CEST | AverageDiscountedReturn     29.4714
2021-04-16 10:22:53.285569 CEST | AverageReturn               64.9566
2021-04-16 10:22:53.285726 CEST | ExplainedVariance            0.483068
2021-04-16 10:22:53.285880 CEST | NumTrajs                    54
2021-04-16 10:22:53.286034 CEST | Entropy                      1.41511
2021-04-16 10:22:53.286183 CEST | Perplexity                   4.11693
2021-04-16 10:22:53.286335 CEST | StdReturn                   45.2309
2021-04-16 10:22:53.286492 CEST | MaxReturn                  199.925
2021-04-16 10:22:53.286645 CEST | MinReturn                    9.98178
2021-04-16 10:22:53.286803 CEST | Iteration                    2
2021-04-16 10:22:53.286956 CEST | AverageDiscountedReturn     30.6355
2021-04-16 10:22:53.287108 CEST | AverageReturn               73.498
2021-04-16 10:22:53.287258 CEST | ExplainedVariance            0.426441
2021-04-16 10:22:53.287408 CEST | NumTrajs                    48
2021-04-16 10:22:53.287559 CEST | Entropy                      1.41511
2021-04-16 10:22:53.287715 CEST | Perplexity                   4.11693
2021-04-16 10:22:53.287882 CEST | StdReturn                   49.8731
2021-04-16 10:22:53.288033 CEST | MaxReturn                  259.884
2021-04-16 10:22:53.288198 CEST | MinReturn                    9.98771
2021-04-16 10:22:53.288345 CEST | Iteration                    2
2021-04-16 10:22:53.288500 CEST | AverageDiscountedReturn     28.9465
2021-04-16 10:22:53.288657 CEST | AverageReturn               67.6525
2021-04-16 10:22:53.288823 CEST | ExplainedVariance            0.489228
2021-04-16 10:22:53.288979 CEST | NumTrajs                    52
2021-04-16 10:22:53.289132 CEST | Entropy                      1.41511
2021-04-16 10:22:53.289285 CEST | Perplexity                   4.11693
2021-04-16 10:22:53.289436 CEST | StdReturn                   53.749
2021-04-16 10:22:53.289597 CEST | MaxReturn                  229.912
2021-04-16 10:22:53.289755 CEST | MinReturn                    0
2021-04-16 10:22:53.289912 CEST | AveragePolicyStd             0.996176
2021-04-16 10:22:53.290069 CEST | AveragePolicyStd             0.996176
2021-04-16 10:22:53.290228 CEST | AveragePolicyStd             0.996176
2021-04-16 10:22:53.290387 CEST | AveragePolicyStd             0.996176
2021-04-16 10:22:53.290541 CEST | AveragePolicyStd             0.996176
2021-04-16 10:22:53.290695 CEST | Iteration                    3
2021-04-16 10:22:53.290848 CEST | AverageDiscountedReturn     31.8964
2021-04-16 10:22:53.291001 CEST | AverageReturn               86.6184
2021-04-16 10:22:53.291168 CEST | ExplainedVariance            0.445154
2021-04-16 10:22:53.291329 CEST | NumTrajs                    42
2021-04-16 10:22:53.291492 CEST | Entropy                      1.41114
2021-04-16 10:22:53.291646 CEST | Perplexity                   4.10062
2021-04-16 10:22:53.291810 CEST | StdReturn                   64.6292
2021-04-16 10:22:53.291984 CEST | MaxReturn                  299.921
2021-04-16 10:22:53.292198 CEST | MinReturn                    9.98688
2021-04-16 10:22:53.292355 CEST | Iteration                    3
2021-04-16 10:22:53.292511 CEST | AverageDiscountedReturn     30.217
2021-04-16 10:22:53.292660 CEST | AverageReturn               85.4278
2021-04-16 10:22:53.292822 CEST | ExplainedVariance            0.490189
2021-04-16 10:22:53.292988 CEST | NumTrajs                    42
2021-04-16 10:22:53.293155 CEST | Entropy                      1.41114
2021-04-16 10:22:53.293329 CEST | Perplexity                   4.10062
2021-04-16 10:22:53.293563 CEST | StdReturn                   72.5281
2021-04-16 10:22:53.293701 CEST | MaxReturn                  329.937
2021-04-16 10:22:53.293855 CEST | MinReturn                    9.98085
2021-04-16 10:22:53.294010 CEST | Iteration                    3
2021-04-16 10:22:53.294157 CEST | AverageDiscountedReturn     29.8016
2021-04-16 10:22:53.294295 CEST | AverageReturn               71.9957
2021-04-16 10:22:53.294421 CEST | ExplainedVariance            0.418598
2021-04-16 10:22:53.294555 CEST | NumTrajs                    49
2021-04-16 10:22:53.294748 CEST | Entropy                      1.41114
2021-04-16 10:22:53.294884 CEST | Perplexity                   4.10062
2021-04-16 10:22:53.295015 CEST | StdReturn                   50.4416
2021-04-16 10:22:53.295143 CEST | MaxReturn                  239.92
2021-04-16 10:22:53.295267 CEST | MinReturn                    0
2021-04-16 10:22:53.295393 CEST | Iteration                    3
2021-04-16 10:22:53.295516 CEST | AverageDiscountedReturn     30.7589
2021-04-16 10:22:53.295641 CEST | AverageReturn               85.7568
2021-04-16 10:22:53.295770 CEST | ExplainedVariance            0.0535694
2021-04-16 10:22:53.295895 CEST | NumTrajs                    43
2021-04-16 10:22:53.296021 CEST | Entropy                      1.41114
2021-04-16 10:22:53.296173 CEST | Perplexity                   4.10062
2021-04-16 10:22:53.296286 CEST | StdReturn                   70.5156
2021-04-16 10:22:53.296400 CEST | MaxReturn                  369.74
2021-04-16 10:22:53.296511 CEST | MinReturn                    9.98125
2021-04-16 10:22:53.296623 CEST | Iteration                    3
2021-04-16 10:22:53.296734 CEST | AverageDiscountedReturn     30.8888
2021-04-16 10:22:53.296846 CEST | AverageReturn               74.9503
2021-04-16 10:22:53.296959 CEST | ExplainedVariance            0.460284
2021-04-16 10:22:53.297070 CEST | NumTrajs                    48
2021-04-16 10:22:53.297183 CEST | Entropy                      1.41114
2021-04-16 10:22:53.297294 CEST | Perplexity                   4.10062
2021-04-16 10:22:53.297407 CEST | StdReturn                   50.1037
2021-04-16 10:22:53.297520 CEST | MaxReturn                  229.935
2021-04-16 10:22:53.297632 CEST | MinReturn                    9.98353
2021-04-16 10:22:53.297744 CEST | AveragePolicyStd             0.992231
2021-04-16 10:22:53.297860 CEST | AveragePolicyStd             0.992231
2021-04-16 10:22:53.297975 CEST | AveragePolicyStd             0.992231
2021-04-16 10:22:53.298088 CEST | AveragePolicyStd             0.992231
2021-04-16 10:22:53.298202 CEST | AveragePolicyStd             0.992231
2021-04-16 10:22:53.298315 CEST | Iteration                    4
2021-04-16 10:22:53.298430 CEST | AverageDiscountedReturn     33.8181
2021-04-16 10:22:53.298544 CEST | AverageReturn               95.4653
2021-04-16 10:22:53.298657 CEST | ExplainedVariance            0.31038
2021-04-16 10:22:53.298770 CEST | NumTrajs                    38
2021-04-16 10:22:53.298885 CEST | Entropy                      1.40674
2021-04-16 10:22:53.298997 CEST | Perplexity                   4.08261
2021-04-16 10:22:53.299111 CEST | StdReturn                   57.547
2021-04-16 10:22:53.299224 CEST | MaxReturn                  279.878
2021-04-16 10:22:53.299340 CEST | MinReturn                    0
2021-04-16 10:22:53.299454 CEST | Iteration                    4
2021-04-16 10:22:53.299567 CEST | AverageDiscountedReturn     30.6819
2021-04-16 10:22:53.299680 CEST | AverageReturn               84.3608
2021-04-16 10:22:53.299793 CEST | ExplainedVariance            0.452227
2021-04-16 10:22:53.299908 CEST | NumTrajs                    43
2021-04-16 10:22:53.300022 CEST | Entropy                      1.40674
2021-04-16 10:22:53.300156 CEST | Perplexity                   4.08261
2021-04-16 10:22:53.300270 CEST | StdReturn                   61.4837
2021-04-16 10:22:53.300385 CEST | MaxReturn                  269.947
2021-04-16 10:22:53.300498 CEST | MinReturn                    0
2021-04-16 10:22:53.300610 CEST | Iteration                    4
2021-04-16 10:22:53.300739 CEST | AverageDiscountedReturn     33.92
2021-04-16 10:22:53.300855 CEST | AverageReturn               96.7772
2021-04-16 10:22:53.300991 CEST | ExplainedVariance            0.460758
2021-04-16 10:22:53.301124 CEST | NumTrajs                    38
2021-04-16 10:22:53.301248 CEST | Entropy                      1.40674
2021-04-16 10:22:53.301376 CEST | Perplexity                   4.08261
2021-04-16 10:22:53.301507 CEST | StdReturn                   55.9388
2021-04-16 10:22:53.301635 CEST | MaxReturn                  229.915
2021-04-16 10:22:53.301763 CEST | MinReturn                    9.98425
2021-04-16 10:22:53.301888 CEST | Iteration                    4
2021-04-16 10:22:53.302012 CEST | AverageDiscountedReturn     31.5953
2021-04-16 10:22:53.302136 CEST | AverageReturn               80.8367
2021-04-16 10:22:53.302261 CEST | ExplainedVariance            0.460309
2021-04-16 10:22:53.302397 CEST | NumTrajs                    45
2021-04-16 10:22:53.302528 CEST | Entropy                      1.40674
2021-04-16 10:22:53.302658 CEST | Perplexity                   4.08261
2021-04-16 10:22:53.302783 CEST | StdReturn                   59.9376
2021-04-16 10:22:53.302907 CEST | MaxReturn                  259.904
2021-04-16 10:22:53.303035 CEST | MinReturn                    0
2021-04-16 10:22:53.303164 CEST | Iteration                    4
2021-04-16 10:22:53.303289 CEST | AverageDiscountedReturn     32.6207
2021-04-16 10:22:53.303420 CEST | AverageReturn               84.5887
2021-04-16 10:22:53.303549 CEST | ExplainedVariance            0.526015
2021-04-16 10:22:53.303673 CEST | NumTrajs                    43
2021-04-16 10:22:53.303800 CEST | Entropy                      1.40674
2021-04-16 10:22:53.303963 CEST | Perplexity                   4.08261
2021-04-16 10:22:53.304182 CEST | StdReturn                   52.6881
2021-04-16 10:22:53.304369 CEST | MaxReturn                  259.866
2021-04-16 10:22:53.304547 CEST | MinReturn                   19.9623
2021-04-16 10:22:53.304717 CEST | AveragePolicyStd             0.987872
2021-04-16 10:22:53.304851 CEST | AveragePolicyStd             0.987872
2021-04-16 10:22:53.304981 CEST | AveragePolicyStd             0.987872
2021-04-16 10:22:53.305110 CEST | AveragePolicyStd             0.987872
2021-04-16 10:22:53.305244 CEST | AveragePolicyStd             0.987872
2021-04-16 10:22:53.305386 CEST | Iteration                    5
2021-04-16 10:22:53.305519 CEST | AverageDiscountedReturn     34.6276
2021-04-16 10:22:53.305658 CEST | AverageReturn              107.867
2021-04-16 10:22:53.305791 CEST | ExplainedVariance            0.522081
2021-04-16 10:22:53.305927 CEST | NumTrajs                    34
2021-04-16 10:22:53.306055 CEST | Entropy                      1.40186
2021-04-16 10:22:53.306189 CEST | Perplexity                   4.06276
2021-04-16 10:22:53.306323 CEST | StdReturn                   61.9401
2021-04-16 10:22:53.306457 CEST | MaxReturn                  279.872
2021-04-16 10:22:53.306594 CEST | MinReturn                    9.98293
2021-04-16 10:22:53.306729 CEST | Iteration                    5
2021-04-16 10:22:53.306865 CEST | AverageDiscountedReturn     34.1782
2021-04-16 10:22:53.307000 CEST | AverageReturn              101.318
2021-04-16 10:22:53.307134 CEST | ExplainedVariance            0.341312
2021-04-16 10:22:53.307269 CEST | NumTrajs                    36
2021-04-16 10:22:53.307404 CEST | Entropy                      1.40186
2021-04-16 10:22:53.307539 CEST | Perplexity                   4.06276
2021-04-16 10:22:53.307679 CEST | StdReturn                   66.4779
2021-04-16 10:22:53.307816 CEST | MaxReturn                  269.865
2021-04-16 10:22:53.307950 CEST | MinReturn                   19.9662
2021-04-16 10:22:53.308107 CEST | Iteration                    5
2021-04-16 10:22:53.308232 CEST | AverageDiscountedReturn     34.2794
2021-04-16 10:22:53.308353 CEST | AverageReturn              124.603
2021-04-16 10:22:53.308475 CEST | ExplainedVariance            0.374458
2021-04-16 10:22:53.308600 CEST | NumTrajs                    30
2021-04-16 10:22:53.308736 CEST | Entropy                      1.40186
2021-04-16 10:22:53.308875 CEST | Perplexity                   4.06276
2021-04-16 10:22:53.309012 CEST | StdReturn                   80.0862
2021-04-16 10:22:53.309148 CEST | MaxReturn                  329.9
2021-04-16 10:22:53.309287 CEST | MinReturn                    9.98128
2021-04-16 10:22:53.309424 CEST | Iteration                    5
2021-04-16 10:22:53.309560 CEST | AverageDiscountedReturn     33.2616
2021-04-16 10:22:53.309696 CEST | AverageReturn              109.639
2021-04-16 10:22:53.309830 CEST | ExplainedVariance            0.470911
2021-04-16 10:22:53.309966 CEST | NumTrajs                    34
2021-04-16 10:22:53.310100 CEST | Entropy                      1.40186
2021-04-16 10:22:53.310241 CEST | Perplexity                   4.06276
2021-04-16 10:22:53.310377 CEST | StdReturn                   89.0047
2021-04-16 10:22:53.310506 CEST | MaxReturn                  369.865
2021-04-16 10:22:53.310644 CEST | MinReturn                    9.98417
2021-04-16 10:22:53.310779 CEST | Iteration                    5
2021-04-16 10:22:53.310916 CEST | AverageDiscountedReturn     31.8422
2021-04-16 10:22:53.311052 CEST | AverageReturn               85.885
2021-04-16 10:22:53.311194 CEST | ExplainedVariance            0.435579
2021-04-16 10:22:53.311324 CEST | NumTrajs                    42
2021-04-16 10:22:53.311467 CEST | Entropy                      1.40186
2021-04-16 10:22:53.311611 CEST | Perplexity                   4.06276
2021-04-16 10:22:53.311756 CEST | StdReturn                   55.1821
2021-04-16 10:22:53.311893 CEST | MaxReturn                  239.942
2021-04-16 10:22:53.312029 CEST | MinReturn                    9.98107
2021-04-16 10:22:53.312174 CEST | AveragePolicyStd             0.98307
2021-04-16 10:22:53.312298 CEST | AveragePolicyStd             0.98307
2021-04-16 10:22:53.312422 CEST | AveragePolicyStd             0.98307
2021-04-16 10:22:53.312546 CEST | AveragePolicyStd             0.98307
2021-04-16 10:22:53.312668 CEST | AveragePolicyStd             0.98307
2021-04-16 10:22:53.312791 CEST | Iteration                    6
2021-04-16 10:22:53.312927 CEST | AverageDiscountedReturn     33.4384
2021-04-16 10:22:53.313062 CEST | AverageReturn              112.655
2021-04-16 10:22:53.313202 CEST | ExplainedVariance            0.512323
2021-04-16 10:22:53.313340 CEST | NumTrajs                    33
2021-04-16 10:22:53.313476 CEST | Entropy                      1.39739
2021-04-16 10:22:53.313612 CEST | Perplexity                   4.04462
2021-04-16 10:22:53.313747 CEST | StdReturn                   78.7245
2021-04-16 10:22:53.313879 CEST | MaxReturn                  339.86
2021-04-16 10:22:53.314015 CEST | MinReturn                    0
2021-04-16 10:22:53.314149 CEST | Iteration                    6
2021-04-16 10:22:53.314285 CEST | AverageDiscountedReturn     33.3087
2021-04-16 10:22:53.314414 CEST | AverageReturn              101.33
2021-04-16 10:22:53.314549 CEST | ExplainedVariance            0.624181
2021-04-16 10:22:53.314684 CEST | NumTrajs                    36
2021-04-16 10:22:53.314820 CEST | Entropy                      1.39739
2021-04-16 10:22:53.314956 CEST | Perplexity                   4.04462
2021-04-16 10:22:53.315090 CEST | StdReturn                   74.8113
2021-04-16 10:22:53.315232 CEST | MaxReturn                  379.793
2021-04-16 10:22:53.315366 CEST | MinReturn                    9.97941
2021-04-16 10:22:53.315502 CEST | Iteration                    6
2021-04-16 10:22:53.315635 CEST | AverageDiscountedReturn     35.3084
2021-04-16 10:22:53.315771 CEST | AverageReturn               98.8426
2021-04-16 10:22:53.315905 CEST | ExplainedVariance            0.484017
2021-04-16 10:22:53.316070 CEST | NumTrajs                    37
2021-04-16 10:22:53.316200 CEST | Entropy                      1.39739
2021-04-16 10:22:53.316322 CEST | Perplexity                   4.04462
2021-04-16 10:22:53.316444 CEST | StdReturn                   44.5048
2021-04-16 10:22:53.316583 CEST | MaxReturn                  199.894
2021-04-16 10:22:53.316728 CEST | MinReturn                   19.9679
2021-04-16 10:22:53.316851 CEST | Iteration                    6
2021-04-16 10:22:53.316987 CEST | AverageDiscountedReturn     35.2186
2021-04-16 10:22:53.317125 CEST | AverageReturn              117.503
2021-04-16 10:22:53.317259 CEST | ExplainedVariance            0.259935
2021-04-16 10:22:53.317401 CEST | NumTrajs                    33
2021-04-16 10:22:53.317536 CEST | Entropy                      1.39739
2021-04-16 10:22:53.317688 CEST | Perplexity                   4.04462
2021-04-16 10:22:53.317843 CEST | StdReturn                   83.9695
2021-04-16 10:22:53.317979 CEST | MaxReturn                  349.882
2021-04-16 10:22:53.318116 CEST | MinReturn                   19.9819
2021-04-16 10:22:53.318252 CEST | Iteration                    6
2021-04-16 10:22:53.318388 CEST | AverageDiscountedReturn     32.6412
2021-04-16 10:22:53.318524 CEST | AverageReturn               97.3037
2021-04-16 10:22:53.318653 CEST | ExplainedVariance            0.475813
2021-04-16 10:22:53.318785 CEST | NumTrajs                    38
2021-04-16 10:22:53.318919 CEST | Entropy                      1.39739
2021-04-16 10:22:53.319058 CEST | Perplexity                   4.04462
2021-04-16 10:22:53.319196 CEST | StdReturn                   63.7921
2021-04-16 10:22:53.319333 CEST | MaxReturn                  249.932
2021-04-16 10:22:53.319468 CEST | MinReturn                    0
2021-04-16 10:22:53.319605 CEST | AveragePolicyStd             0.978681
2021-04-16 10:22:53.319740 CEST | AveragePolicyStd             0.978681
2021-04-16 10:22:53.319877 CEST | AveragePolicyStd             0.978681
2021-04-16 10:22:53.320014 CEST | AveragePolicyStd             0.978681
2021-04-16 10:22:53.320163 CEST | AveragePolicyStd             0.978681
2021-04-16 10:22:53.320286 CEST | Iteration                    7
2021-04-16 10:22:53.320409 CEST | AverageDiscountedReturn     33.4174
2021-04-16 10:22:53.320535 CEST | AverageReturn               96.7675
2021-04-16 10:22:53.320659 CEST | ExplainedVariance            0.519894
2021-04-16 10:22:53.320796 CEST | NumTrajs                    38
2021-04-16 10:22:53.320933 CEST | Entropy                      1.39241
2021-04-16 10:22:53.321068 CEST | Perplexity                   4.02452
2021-04-16 10:22:53.321205 CEST | StdReturn                   58.4237
2021-04-16 10:22:53.321341 CEST | MaxReturn                  259.898
2021-04-16 10:22:53.321480 CEST | MinReturn                    0
2021-04-16 10:22:53.321617 CEST | Iteration                    7
2021-04-16 10:22:53.321754 CEST | AverageDiscountedReturn     35.3282
2021-04-16 10:22:53.321894 CEST | AverageReturn              143.621
2021-04-16 10:22:53.322036 CEST | ExplainedVariance            0.562703
2021-04-16 10:22:53.322176 CEST | NumTrajs                    27
2021-04-16 10:22:53.322313 CEST | Entropy                      1.39241
2021-04-16 10:22:53.322457 CEST | Perplexity                   4.02452
2021-04-16 10:22:53.322594 CEST | StdReturn                   84.9207
2021-04-16 10:22:53.322731 CEST | MaxReturn                  309.899
