2021-04-09 10:24:29.287126 CEST | [multi_agent_per_av_returns_part_bits_rep_2021_04_09_10_16_24_0006] Populating workers...
2021-04-09 10:24:29.287398 CEST | [multi_agent_per_av_returns_part_bits_rep_2021_04_09_10_16_24_0006] Populated
2021-04-09 10:24:29.287534 CEST | [multi_agent_per_av_returns_part_bits_rep_2021_04_09_10_16_24_0006] Populating workers...
2021-04-09 10:24:29.287662 CEST | [multi_agent_per_av_returns_part_bits_rep_2021_04_09_10_16_24_0006] Populated
2021-04-09 10:24:29.287791 CEST | [multi_agent_per_av_returns_part_bits_rep_2021_04_09_10_16_24_0006] Populating workers...
2021-04-09 10:24:29.287914 CEST | [multi_agent_per_av_returns_part_bits_rep_2021_04_09_10_16_24_0006] Populated
2021-04-09 10:24:29.288035 CEST | [multi_agent_per_av_returns_part_bits_rep_2021_04_09_10_16_24_0006] Populating workers...
2021-04-09 10:24:29.288156 CEST | [multi_agent_per_av_returns_part_bits_rep_2021_04_09_10_16_24_0006] Populated
2021-04-09 10:24:29.288279 CEST | [multi_agent_per_av_returns_part_bits_rep_2021_04_09_10_16_24_0006] Populating workers...
2021-04-09 10:24:29.288402 CEST | [multi_agent_per_av_returns_part_bits_rep_2021_04_09_10_16_24_0006] Populated
2021-04-09 10:24:29.288525 CEST | [multi_agent_per_av_returns_part_bits_rep_2021_04_09_10_16_24_0006] Populating workers...
2021-04-09 10:24:29.288643 CEST | [multi_agent_per_av_returns_part_bits_rep_2021_04_09_10_16_24_0006] Populated
2021-04-09 10:24:29.288764 CEST | [multi_agent_per_av_returns_part_bits_rep_2021_04_09_10_16_24_0006] Populating workers...
2021-04-09 10:24:29.288881 CEST | [multi_agent_per_av_returns_part_bits_rep_2021_04_09_10_16_24_0006] Populated
2021-04-09 10:24:29.289002 CEST | [multi_agent_per_av_returns_part_bits_rep_2021_04_09_10_16_24_0006] Populating workers...
2021-04-09 10:24:29.289121 CEST | [multi_agent_per_av_returns_part_bits_rep_2021_04_09_10_16_24_0006] Populated
2021-04-09 10:24:29.289242 CEST | [multi_agent_per_av_returns_part_bits_rep_2021_04_09_10_16_24_0006] Populating workers...
2021-04-09 10:24:29.289361 CEST | [multi_agent_per_av_returns_part_bits_rep_2021_04_09_10_16_24_0006] Populated
2021-04-09 10:24:29.289480 CEST | [multi_agent_per_av_returns_part_bits_rep_2021_04_09_10_16_24_0006] Populating workers...
2021-04-09 10:24:29.289598 CEST | [multi_agent_per_av_returns_part_bits_rep_2021_04_09_10_16_24_0006] Populated
2021-04-09 10:24:33.639156 CEST | [multi_agent_per_av_returns_part_bits_rep_2021_04_09_10_16_24_0006] itr #0 | fitting baseline...
2021-04-09 10:24:33.663013 CEST | [multi_agent_per_av_returns_part_bits_rep_2021_04_09_10_16_24_0006] itr #0 | fitted
2021-04-09 10:24:33.700337 CEST | [multi_agent_per_av_returns_part_bits_rep_2021_04_09_10_16_24_0006] itr #0 | fitting baseline...
2021-04-09 10:24:33.703974 CEST | [multi_agent_per_av_returns_part_bits_rep_2021_04_09_10_16_24_0006] itr #0 | fitted
2021-04-09 10:24:33.709738 CEST | [multi_agent_per_av_returns_part_bits_rep_2021_04_09_10_16_24_0006] itr #0 | fitting baseline...
2021-04-09 10:24:33.711344 CEST | [multi_agent_per_av_returns_part_bits_rep_2021_04_09_10_16_24_0006] itr #0 | fitted
2021-04-09 10:24:33.715695 CEST | [multi_agent_per_av_returns_part_bits_rep_2021_04_09_10_16_24_0006] itr #0 | fitting baseline...
2021-04-09 10:24:33.717511 CEST | [multi_agent_per_av_returns_part_bits_rep_2021_04_09_10_16_24_0006] itr #0 | fitted
2021-04-09 10:24:33.721658 CEST | [multi_agent_per_av_returns_part_bits_rep_2021_04_09_10_16_24_0006] itr #0 | fitting baseline...
2021-04-09 10:24:33.723414 CEST | [multi_agent_per_av_returns_part_bits_rep_2021_04_09_10_16_24_0006] itr #0 | fitted
2021-04-09 10:24:33.727454 CEST | [multi_agent_per_av_returns_part_bits_rep_2021_04_09_10_16_24_0006] itr #0 | fitting baseline...
2021-04-09 10:24:33.729015 CEST | [multi_agent_per_av_returns_part_bits_rep_2021_04_09_10_16_24_0006] itr #0 | fitted
2021-04-09 10:24:33.733227 CEST | [multi_agent_per_av_returns_part_bits_rep_2021_04_09_10_16_24_0006] itr #0 | fitting baseline...
2021-04-09 10:24:33.734935 CEST | [multi_agent_per_av_returns_part_bits_rep_2021_04_09_10_16_24_0006] itr #0 | fitted
2021-04-09 10:24:33.738908 CEST | [multi_agent_per_av_returns_part_bits_rep_2021_04_09_10_16_24_0006] itr #0 | fitting baseline...
2021-04-09 10:24:33.740446 CEST | [multi_agent_per_av_returns_part_bits_rep_2021_04_09_10_16_24_0006] itr #0 | fitted
2021-04-09 10:24:33.744684 CEST | [multi_agent_per_av_returns_part_bits_rep_2021_04_09_10_16_24_0006] itr #0 | fitting baseline...
2021-04-09 10:24:33.746451 CEST | [multi_agent_per_av_returns_part_bits_rep_2021_04_09_10_16_24_0006] itr #0 | fitted
2021-04-09 10:24:33.751245 CEST | [multi_agent_per_av_returns_part_bits_rep_2021_04_09_10_16_24_0006] itr #0 | fitting baseline...
2021-04-09 10:24:33.753088 CEST | [multi_agent_per_av_returns_part_bits_rep_2021_04_09_10_16_24_0006] itr #0 | fitted
2021-04-09 10:24:38.457417 CEST | [multi_agent_per_av_returns_part_bits_rep_2021_04_09_10_16_24_0006] itr #1 | fitting baseline...
2021-04-09 10:24:38.459031 CEST | [multi_agent_per_av_returns_part_bits_rep_2021_04_09_10_16_24_0006] itr #1 | fitted
2021-04-09 10:24:38.462395 CEST | [multi_agent_per_av_returns_part_bits_rep_2021_04_09_10_16_24_0006] itr #1 | fitting baseline...
2021-04-09 10:24:38.463820 CEST | [multi_agent_per_av_returns_part_bits_rep_2021_04_09_10_16_24_0006] itr #1 | fitted
2021-04-09 10:24:38.467497 CEST | [multi_agent_per_av_returns_part_bits_rep_2021_04_09_10_16_24_0006] itr #1 | fitting baseline...
2021-04-09 10:24:38.468918 CEST | [multi_agent_per_av_returns_part_bits_rep_2021_04_09_10_16_24_0006] itr #1 | fitted
2021-04-09 10:24:38.472065 CEST | [multi_agent_per_av_returns_part_bits_rep_2021_04_09_10_16_24_0006] itr #1 | fitting baseline...
2021-04-09 10:24:38.473357 CEST | [multi_agent_per_av_returns_part_bits_rep_2021_04_09_10_16_24_0006] itr #1 | fitted
2021-04-09 10:24:38.476583 CEST | [multi_agent_per_av_returns_part_bits_rep_2021_04_09_10_16_24_0006] itr #1 | fitting baseline...
2021-04-09 10:24:38.477881 CEST | [multi_agent_per_av_returns_part_bits_rep_2021_04_09_10_16_24_0006] itr #1 | fitted
2021-04-09 10:24:38.480661 CEST | [multi_agent_per_av_returns_part_bits_rep_2021_04_09_10_16_24_0006] itr #1 | fitting baseline...
2021-04-09 10:24:38.481851 CEST | [multi_agent_per_av_returns_part_bits_rep_2021_04_09_10_16_24_0006] itr #1 | fitted
2021-04-09 10:24:38.484588 CEST | [multi_agent_per_av_returns_part_bits_rep_2021_04_09_10_16_24_0006] itr #1 | fitting baseline...
2021-04-09 10:24:38.485702 CEST | [multi_agent_per_av_returns_part_bits_rep_2021_04_09_10_16_24_0006] itr #1 | fitted
2021-04-09 10:24:38.488645 CEST | [multi_agent_per_av_returns_part_bits_rep_2021_04_09_10_16_24_0006] itr #1 | fitting baseline...
2021-04-09 10:24:38.489848 CEST | [multi_agent_per_av_returns_part_bits_rep_2021_04_09_10_16_24_0006] itr #1 | fitted
2021-04-09 10:24:38.493210 CEST | [multi_agent_per_av_returns_part_bits_rep_2021_04_09_10_16_24_0006] itr #1 | fitting baseline...
2021-04-09 10:24:38.494749 CEST | [multi_agent_per_av_returns_part_bits_rep_2021_04_09_10_16_24_0006] itr #1 | fitted
2021-04-09 10:24:38.497392 CEST | [multi_agent_per_av_returns_part_bits_rep_2021_04_09_10_16_24_0006] itr #1 | fitting baseline...
2021-04-09 10:24:38.498549 CEST | [multi_agent_per_av_returns_part_bits_rep_2021_04_09_10_16_24_0006] itr #1 | fitted
2021-04-09 10:24:39.981466 CEST | [multi_agent_per_av_returns_part_bits_rep_2021_04_09_10_16_24_0006] itr #2 | fitting baseline...
2021-04-09 10:24:39.982578 CEST | [multi_agent_per_av_returns_part_bits_rep_2021_04_09_10_16_24_0006] itr #2 | fitted
2021-04-09 10:24:39.984968 CEST | [multi_agent_per_av_returns_part_bits_rep_2021_04_09_10_16_24_0006] itr #2 | fitting baseline...
2021-04-09 10:24:39.986089 CEST | [multi_agent_per_av_returns_part_bits_rep_2021_04_09_10_16_24_0006] itr #2 | fitted
2021-04-09 10:24:39.988328 CEST | [multi_agent_per_av_returns_part_bits_rep_2021_04_09_10_16_24_0006] itr #2 | fitting baseline...
2021-04-09 10:24:39.989432 CEST | [multi_agent_per_av_returns_part_bits_rep_2021_04_09_10_16_24_0006] itr #2 | fitted
2021-04-09 10:24:39.991879 CEST | [multi_agent_per_av_returns_part_bits_rep_2021_04_09_10_16_24_0006] itr #2 | fitting baseline...
2021-04-09 10:24:39.993002 CEST | [multi_agent_per_av_returns_part_bits_rep_2021_04_09_10_16_24_0006] itr #2 | fitted
2021-04-09 10:24:39.996244 CEST | [multi_agent_per_av_returns_part_bits_rep_2021_04_09_10_16_24_0006] itr #2 | fitting baseline...
2021-04-09 10:24:39.997628 CEST | [multi_agent_per_av_returns_part_bits_rep_2021_04_09_10_16_24_0006] itr #2 | fitted
2021-04-09 10:24:40.000418 CEST | [multi_agent_per_av_returns_part_bits_rep_2021_04_09_10_16_24_0006] itr #2 | fitting baseline...
2021-04-09 10:24:40.001501 CEST | [multi_agent_per_av_returns_part_bits_rep_2021_04_09_10_16_24_0006] itr #2 | fitted
2021-04-09 10:24:40.004311 CEST | [multi_agent_per_av_returns_part_bits_rep_2021_04_09_10_16_24_0006] itr #2 | fitting baseline...
2021-04-09 10:24:40.005421 CEST | [multi_agent_per_av_returns_part_bits_rep_2021_04_09_10_16_24_0006] itr #2 | fitted
2021-04-09 10:24:40.007873 CEST | [multi_agent_per_av_returns_part_bits_rep_2021_04_09_10_16_24_0006] itr #2 | fitting baseline...
2021-04-09 10:24:40.008887 CEST | [multi_agent_per_av_returns_part_bits_rep_2021_04_09_10_16_24_0006] itr #2 | fitted
2021-04-09 10:24:40.011676 CEST | [multi_agent_per_av_returns_part_bits_rep_2021_04_09_10_16_24_0006] itr #2 | fitting baseline...
2021-04-09 10:24:40.012867 CEST | [multi_agent_per_av_returns_part_bits_rep_2021_04_09_10_16_24_0006] itr #2 | fitted
2021-04-09 10:24:40.014821 CEST | [multi_agent_per_av_returns_part_bits_rep_2021_04_09_10_16_24_0006] itr #2 | fitting baseline...
2021-04-09 10:24:40.015598 CEST | [multi_agent_per_av_returns_part_bits_rep_2021_04_09_10_16_24_0006] itr #2 | fitted
2021-04-09 10:24:41.486943 CEST | [multi_agent_per_av_returns_part_bits_rep_2021_04_09_10_16_24_0006] itr #3 | fitting baseline...
2021-04-09 10:24:41.488459 CEST | [multi_agent_per_av_returns_part_bits_rep_2021_04_09_10_16_24_0006] itr #3 | fitted
2021-04-09 10:24:41.491914 CEST | [multi_agent_per_av_returns_part_bits_rep_2021_04_09_10_16_24_0006] itr #3 | fitting baseline...
2021-04-09 10:24:41.493244 CEST | [multi_agent_per_av_returns_part_bits_rep_2021_04_09_10_16_24_0006] itr #3 | fitted
2021-04-09 10:24:41.495888 CEST | [multi_agent_per_av_returns_part_bits_rep_2021_04_09_10_16_24_0006] itr #3 | fitting baseline...
2021-04-09 10:24:41.497084 CEST | [multi_agent_per_av_returns_part_bits_rep_2021_04_09_10_16_24_0006] itr #3 | fitted
2021-04-09 10:24:41.500073 CEST | [multi_agent_per_av_returns_part_bits_rep_2021_04_09_10_16_24_0006] itr #3 | fitting baseline...
2021-04-09 10:24:41.501222 CEST | [multi_agent_per_av_returns_part_bits_rep_2021_04_09_10_16_24_0006] itr #3 | fitted
2021-04-09 10:24:41.503677 CEST | [multi_agent_per_av_returns_part_bits_rep_2021_04_09_10_16_24_0006] itr #3 | fitting baseline...
2021-04-09 10:24:41.504682 CEST | [multi_agent_per_av_returns_part_bits_rep_2021_04_09_10_16_24_0006] itr #3 | fitted
2021-04-09 10:24:41.507151 CEST | [multi_agent_per_av_returns_part_bits_rep_2021_04_09_10_16_24_0006] itr #3 | fitting baseline...
2021-04-09 10:24:41.508149 CEST | [multi_agent_per_av_returns_part_bits_rep_2021_04_09_10_16_24_0006] itr #3 | fitted
2021-04-09 10:24:41.510847 CEST | [multi_agent_per_av_returns_part_bits_rep_2021_04_09_10_16_24_0006] itr #3 | fitting baseline...
2021-04-09 10:24:41.511954 CEST | [multi_agent_per_av_returns_part_bits_rep_2021_04_09_10_16_24_0006] itr #3 | fitted
2021-04-09 10:24:41.513925 CEST | [multi_agent_per_av_returns_part_bits_rep_2021_04_09_10_16_24_0006] itr #3 | fitting baseline...
2021-04-09 10:24:41.514756 CEST | [multi_agent_per_av_returns_part_bits_rep_2021_04_09_10_16_24_0006] itr #3 | fitted
2021-04-09 10:24:41.516821 CEST | [multi_agent_per_av_returns_part_bits_rep_2021_04_09_10_16_24_0006] itr #3 | fitting baseline...
2021-04-09 10:24:41.517743 CEST | [multi_agent_per_av_returns_part_bits_rep_2021_04_09_10_16_24_0006] itr #3 | fitted
2021-04-09 10:24:41.520069 CEST | [multi_agent_per_av_returns_part_bits_rep_2021_04_09_10_16_24_0006] itr #3 | fitting baseline...
2021-04-09 10:24:41.521173 CEST | [multi_agent_per_av_returns_part_bits_rep_2021_04_09_10_16_24_0006] itr #3 | fitted
2021-04-09 10:24:43.029284 CEST | [multi_agent_per_av_returns_part_bits_rep_2021_04_09_10_16_24_0006] itr #4 | fitting baseline...
2021-04-09 10:24:43.030573 CEST | [multi_agent_per_av_returns_part_bits_rep_2021_04_09_10_16_24_0006] itr #4 | fitted
2021-04-09 10:24:43.032830 CEST | [multi_agent_per_av_returns_part_bits_rep_2021_04_09_10_16_24_0006] itr #4 | fitting baseline...
2021-04-09 10:24:43.033753 CEST | [multi_agent_per_av_returns_part_bits_rep_2021_04_09_10_16_24_0006] itr #4 | fitted
2021-04-09 10:24:43.035958 CEST | [multi_agent_per_av_returns_part_bits_rep_2021_04_09_10_16_24_0006] itr #4 | fitting baseline...
2021-04-09 10:24:43.036865 CEST | [multi_agent_per_av_returns_part_bits_rep_2021_04_09_10_16_24_0006] itr #4 | fitted
2021-04-09 10:24:43.039041 CEST | [multi_agent_per_av_returns_part_bits_rep_2021_04_09_10_16_24_0006] itr #4 | fitting baseline...
2021-04-09 10:24:43.039912 CEST | [multi_agent_per_av_returns_part_bits_rep_2021_04_09_10_16_24_0006] itr #4 | fitted
2021-04-09 10:24:43.042232 CEST | [multi_agent_per_av_returns_part_bits_rep_2021_04_09_10_16_24_0006] itr #4 | fitting baseline...
2021-04-09 10:24:43.043188 CEST | [multi_agent_per_av_returns_part_bits_rep_2021_04_09_10_16_24_0006] itr #4 | fitted
2021-04-09 10:24:43.045219 CEST | [multi_agent_per_av_returns_part_bits_rep_2021_04_09_10_16_24_0006] itr #4 | fitting baseline...
2021-04-09 10:24:43.046079 CEST | [multi_agent_per_av_returns_part_bits_rep_2021_04_09_10_16_24_0006] itr #4 | fitted
2021-04-09 10:24:43.048241 CEST | [multi_agent_per_av_returns_part_bits_rep_2021_04_09_10_16_24_0006] itr #4 | fitting baseline...
2021-04-09 10:24:43.049105 CEST | [multi_agent_per_av_returns_part_bits_rep_2021_04_09_10_16_24_0006] itr #4 | fitted
2021-04-09 10:24:43.051268 CEST | [multi_agent_per_av_returns_part_bits_rep_2021_04_09_10_16_24_0006] itr #4 | fitting baseline...
2021-04-09 10:24:43.052202 CEST | [multi_agent_per_av_returns_part_bits_rep_2021_04_09_10_16_24_0006] itr #4 | fitted
2021-04-09 10:24:43.054562 CEST | [multi_agent_per_av_returns_part_bits_rep_2021_04_09_10_16_24_0006] itr #4 | fitting baseline...
2021-04-09 10:24:43.055586 CEST | [multi_agent_per_av_returns_part_bits_rep_2021_04_09_10_16_24_0006] itr #4 | fitted
2021-04-09 10:24:43.057896 CEST | [multi_agent_per_av_returns_part_bits_rep_2021_04_09_10_16_24_0006] itr #4 | fitting baseline...
2021-04-09 10:24:43.058749 CEST | [multi_agent_per_av_returns_part_bits_rep_2021_04_09_10_16_24_0006] itr #4 | fitted
2021-04-09 10:24:44.625212 CEST | [multi_agent_per_av_returns_part_bits_rep_2021_04_09_10_16_24_0006] itr #5 | fitting baseline...
2021-04-09 10:24:44.626201 CEST | [multi_agent_per_av_returns_part_bits_rep_2021_04_09_10_16_24_0006] itr #5 | fitted
2021-04-09 10:24:44.628074 CEST | [multi_agent_per_av_returns_part_bits_rep_2021_04_09_10_16_24_0006] itr #5 | fitting baseline...
2021-04-09 10:24:44.628853 CEST | [multi_agent_per_av_returns_part_bits_rep_2021_04_09_10_16_24_0006] itr #5 | fitted
2021-04-09 10:24:44.631000 CEST | [multi_agent_per_av_returns_part_bits_rep_2021_04_09_10_16_24_0006] itr #5 | fitting baseline...
2021-04-09 10:24:44.631874 CEST | [multi_agent_per_av_returns_part_bits_rep_2021_04_09_10_16_24_0006] itr #5 | fitted
2021-04-09 10:24:44.633828 CEST | [multi_agent_per_av_returns_part_bits_rep_2021_04_09_10_16_24_0006] itr #5 | fitting baseline...
2021-04-09 10:24:44.634715 CEST | [multi_agent_per_av_returns_part_bits_rep_2021_04_09_10_16_24_0006] itr #5 | fitted
2021-04-09 10:24:44.636584 CEST | [multi_agent_per_av_returns_part_bits_rep_2021_04_09_10_16_24_0006] itr #5 | fitting baseline...
2021-04-09 10:24:44.637444 CEST | [multi_agent_per_av_returns_part_bits_rep_2021_04_09_10_16_24_0006] itr #5 | fitted
2021-04-09 10:24:44.639528 CEST | [multi_agent_per_av_returns_part_bits_rep_2021_04_09_10_16_24_0006] itr #5 | fitting baseline...
2021-04-09 10:24:44.640392 CEST | [multi_agent_per_av_returns_part_bits_rep_2021_04_09_10_16_24_0006] itr #5 | fitted
2021-04-09 10:24:44.642104 CEST | [multi_agent_per_av_returns_part_bits_rep_2021_04_09_10_16_24_0006] itr #5 | fitting baseline...
2021-04-09 10:24:44.642844 CEST | [multi_agent_per_av_returns_part_bits_rep_2021_04_09_10_16_24_0006] itr #5 | fitted
2021-04-09 10:24:44.645021 CEST | [multi_agent_per_av_returns_part_bits_rep_2021_04_09_10_16_24_0006] itr #5 | fitting baseline...
2021-04-09 10:24:44.646017 CEST | [multi_agent_per_av_returns_part_bits_rep_2021_04_09_10_16_24_0006] itr #5 | fitted
2021-04-09 10:24:44.647904 CEST | [multi_agent_per_av_returns_part_bits_rep_2021_04_09_10_16_24_0006] itr #5 | fitting baseline...
2021-04-09 10:24:44.648850 CEST | [multi_agent_per_av_returns_part_bits_rep_2021_04_09_10_16_24_0006] itr #5 | fitted
2021-04-09 10:24:44.650781 CEST | [multi_agent_per_av_returns_part_bits_rep_2021_04_09_10_16_24_0006] itr #5 | fitting baseline...
2021-04-09 10:24:44.651581 CEST | [multi_agent_per_av_returns_part_bits_rep_2021_04_09_10_16_24_0006] itr #5 | fitted
2021-04-09 10:24:46.174239 CEST | [multi_agent_per_av_returns_part_bits_rep_2021_04_09_10_16_24_0006] itr #6 | fitting baseline...
2021-04-09 10:24:46.175057 CEST | [multi_agent_per_av_returns_part_bits_rep_2021_04_09_10_16_24_0006] itr #6 | fitted
2021-04-09 10:24:46.176940 CEST | [multi_agent_per_av_returns_part_bits_rep_2021_04_09_10_16_24_0006] itr #6 | fitting baseline...
2021-04-09 10:24:46.177749 CEST | [multi_agent_per_av_returns_part_bits_rep_2021_04_09_10_16_24_0006] itr #6 | fitted
2021-04-09 10:24:46.179321 CEST | [multi_agent_per_av_returns_part_bits_rep_2021_04_09_10_16_24_0006] itr #6 | fitting baseline...
2021-04-09 10:24:46.180056 CEST | [multi_agent_per_av_returns_part_bits_rep_2021_04_09_10_16_24_0006] itr #6 | fitted
2021-04-09 10:24:46.181268 CEST | [multi_agent_per_av_returns_part_bits_rep_2021_04_09_10_16_24_0006] itr #6 | fitting baseline...
2021-04-09 10:24:46.181813 CEST | [multi_agent_per_av_returns_part_bits_rep_2021_04_09_10_16_24_0006] itr #6 | fitted
2021-04-09 10:24:46.183241 CEST | [multi_agent_per_av_returns_part_bits_rep_2021_04_09_10_16_24_0006] itr #6 | fitting baseline...
2021-04-09 10:24:46.183839 CEST | [multi_agent_per_av_returns_part_bits_rep_2021_04_09_10_16_24_0006] itr #6 | fitted
2021-04-09 10:24:46.185116 CEST | [multi_agent_per_av_returns_part_bits_rep_2021_04_09_10_16_24_0006] itr #6 | fitting baseline...
2021-04-09 10:24:46.185680 CEST | [multi_agent_per_av_returns_part_bits_rep_2021_04_09_10_16_24_0006] itr #6 | fitted
2021-04-09 10:24:46.187371 CEST | [multi_agent_per_av_returns_part_bits_rep_2021_04_09_10_16_24_0006] itr #6 | fitting baseline...
2021-04-09 10:24:46.188107 CEST | [multi_agent_per_av_returns_part_bits_rep_2021_04_09_10_16_24_0006] itr #6 | fitted
2021-04-09 10:24:46.189549 CEST | [multi_agent_per_av_returns_part_bits_rep_2021_04_09_10_16_24_0006] itr #6 | fitting baseline...
2021-04-09 10:24:46.190233 CEST | [multi_agent_per_av_returns_part_bits_rep_2021_04_09_10_16_24_0006] itr #6 | fitted
2021-04-09 10:24:46.191858 CEST | [multi_agent_per_av_returns_part_bits_rep_2021_04_09_10_16_24_0006] itr #6 | fitting baseline...
2021-04-09 10:24:46.192549 CEST | [multi_agent_per_av_returns_part_bits_rep_2021_04_09_10_16_24_0006] itr #6 | fitted
2021-04-09 10:24:46.194195 CEST | [multi_agent_per_av_returns_part_bits_rep_2021_04_09_10_16_24_0006] itr #6 | fitting baseline...
2021-04-09 10:24:46.194894 CEST | [multi_agent_per_av_returns_part_bits_rep_2021_04_09_10_16_24_0006] itr #6 | fitted
2021-04-09 10:24:47.711299 CEST | [multi_agent_per_av_returns_part_bits_rep_2021_04_09_10_16_24_0006] itr #7 | fitting baseline...
2021-04-09 10:24:47.711992 CEST | [multi_agent_per_av_returns_part_bits_rep_2021_04_09_10_16_24_0006] itr #7 | fitted
2021-04-09 10:24:47.713205 CEST | [multi_agent_per_av_returns_part_bits_rep_2021_04_09_10_16_24_0006] itr #7 | fitting baseline...
2021-04-09 10:24:47.713749 CEST | [multi_agent_per_av_returns_part_bits_rep_2021_04_09_10_16_24_0006] itr #7 | fitted
2021-04-09 10:24:47.715075 CEST | [multi_agent_per_av_returns_part_bits_rep_2021_04_09_10_16_24_0006] itr #7 | fitting baseline...
2021-04-09 10:24:47.715709 CEST | [multi_agent_per_av_returns_part_bits_rep_2021_04_09_10_16_24_0006] itr #7 | fitted
2021-04-09 10:24:47.717152 CEST | [multi_agent_per_av_returns_part_bits_rep_2021_04_09_10_16_24_0006] itr #7 | fitting baseline...
2021-04-09 10:24:47.717766 CEST | [multi_agent_per_av_returns_part_bits_rep_2021_04_09_10_16_24_0006] itr #7 | fitted
2021-04-09 10:24:47.718982 CEST | [multi_agent_per_av_returns_part_bits_rep_2021_04_09_10_16_24_0006] itr #7 | fitting baseline...
2021-04-09 10:24:47.719615 CEST | [multi_agent_per_av_returns_part_bits_rep_2021_04_09_10_16_24_0006] itr #7 | fitted
2021-04-09 10:24:47.720757 CEST | [multi_agent_per_av_returns_part_bits_rep_2021_04_09_10_16_24_0006] itr #7 | fitting baseline...
2021-04-09 10:24:47.721314 CEST | [multi_agent_per_av_returns_part_bits_rep_2021_04_09_10_16_24_0006] itr #7 | fitted
2021-04-09 10:24:47.722539 CEST | [multi_agent_per_av_returns_part_bits_rep_2021_04_09_10_16_24_0006] itr #7 | fitting baseline...
2021-04-09 10:24:47.723101 CEST | [multi_agent_per_av_returns_part_bits_rep_2021_04_09_10_16_24_0006] itr #7 | fitted
2021-04-09 10:24:47.724294 CEST | [multi_agent_per_av_returns_part_bits_rep_2021_04_09_10_16_24_0006] itr #7 | fitting baseline...
2021-04-09 10:24:47.724939 CEST | [multi_agent_per_av_returns_part_bits_rep_2021_04_09_10_16_24_0006] itr #7 | fitted
2021-04-09 10:24:47.726130 CEST | [multi_agent_per_av_returns_part_bits_rep_2021_04_09_10_16_24_0006] itr #7 | fitting baseline...
2021-04-09 10:24:47.726675 CEST | [multi_agent_per_av_returns_part_bits_rep_2021_04_09_10_16_24_0006] itr #7 | fitted
2021-04-09 10:24:47.728023 CEST | [multi_agent_per_av_returns_part_bits_rep_2021_04_09_10_16_24_0006] itr #7 | fitting baseline...
2021-04-09 10:24:47.728786 CEST | [multi_agent_per_av_returns_part_bits_rep_2021_04_09_10_16_24_0006] itr #7 | fitted
2021-04-09 10:24:49.295102 CEST | [multi_agent_per_av_returns_part_bits_rep_2021_04_09_10_16_24_0006] itr #8 | fitting baseline...
2021-04-09 10:24:49.295760 CEST | [multi_agent_per_av_returns_part_bits_rep_2021_04_09_10_16_24_0006] itr #8 | fitted
2021-04-09 10:24:49.296985 CEST | [multi_agent_per_av_returns_part_bits_rep_2021_04_09_10_16_24_0006] itr #8 | fitting baseline...
2021-04-09 10:24:49.297555 CEST | [multi_agent_per_av_returns_part_bits_rep_2021_04_09_10_16_24_0006] itr #8 | fitted
2021-04-09 10:24:49.298628 CEST | [multi_agent_per_av_returns_part_bits_rep_2021_04_09_10_16_24_0006] itr #8 | fitting baseline...
2021-04-09 10:24:49.299151 CEST | [multi_agent_per_av_returns_part_bits_rep_2021_04_09_10_16_24_0006] itr #8 | fitted
2021-04-09 10:24:49.300259 CEST | [multi_agent_per_av_returns_part_bits_rep_2021_04_09_10_16_24_0006] itr #8 | fitting baseline...
2021-04-09 10:24:49.300790 CEST | [multi_agent_per_av_returns_part_bits_rep_2021_04_09_10_16_24_0006] itr #8 | fitted
2021-04-09 10:24:49.302036 CEST | [multi_agent_per_av_returns_part_bits_rep_2021_04_09_10_16_24_0006] itr #8 | fitting baseline...
2021-04-09 10:24:49.302697 CEST | [multi_agent_per_av_returns_part_bits_rep_2021_04_09_10_16_24_0006] itr #8 | fitted
2021-04-09 10:24:49.303902 CEST | [multi_agent_per_av_returns_part_bits_rep_2021_04_09_10_16_24_0006] itr #8 | fitting baseline...
2021-04-09 10:24:49.304457 CEST | [multi_agent_per_av_returns_part_bits_rep_2021_04_09_10_16_24_0006] itr #8 | fitted
2021-04-09 10:24:49.305579 CEST | [multi_agent_per_av_returns_part_bits_rep_2021_04_09_10_16_24_0006] itr #8 | fitting baseline...
2021-04-09 10:24:49.306154 CEST | [multi_agent_per_av_returns_part_bits_rep_2021_04_09_10_16_24_0006] itr #8 | fitted
2021-04-09 10:24:49.307387 CEST | [multi_agent_per_av_returns_part_bits_rep_2021_04_09_10_16_24_0006] itr #8 | fitting baseline...
2021-04-09 10:24:49.308086 CEST | [multi_agent_per_av_returns_part_bits_rep_2021_04_09_10_16_24_0006] itr #8 | fitted
2021-04-09 10:24:49.309782 CEST | [multi_agent_per_av_returns_part_bits_rep_2021_04_09_10_16_24_0006] itr #8 | fitting baseline...
2021-04-09 10:24:49.310616 CEST | [multi_agent_per_av_returns_part_bits_rep_2021_04_09_10_16_24_0006] itr #8 | fitted
2021-04-09 10:24:49.311682 CEST | [multi_agent_per_av_returns_part_bits_rep_2021_04_09_10_16_24_0006] itr #8 | fitting baseline...
2021-04-09 10:24:49.312278 CEST | [multi_agent_per_av_returns_part_bits_rep_2021_04_09_10_16_24_0006] itr #8 | fitted
2021-04-09 10:24:50.773127 CEST | [multi_agent_per_av_returns_part_bits_rep_2021_04_09_10_16_24_0006] itr #9 | fitting baseline...
2021-04-09 10:24:50.773817 CEST | [multi_agent_per_av_returns_part_bits_rep_2021_04_09_10_16_24_0006] itr #9 | fitted
2021-04-09 10:24:50.774984 CEST | [multi_agent_per_av_returns_part_bits_rep_2021_04_09_10_16_24_0006] itr #9 | fitting baseline...
2021-04-09 10:24:50.775525 CEST | [multi_agent_per_av_returns_part_bits_rep_2021_04_09_10_16_24_0006] itr #9 | fitted
2021-04-09 10:24:50.776808 CEST | [multi_agent_per_av_returns_part_bits_rep_2021_04_09_10_16_24_0006] itr #9 | fitting baseline...
2021-04-09 10:24:50.777462 CEST | [multi_agent_per_av_returns_part_bits_rep_2021_04_09_10_16_24_0006] itr #9 | fitted
2021-04-09 10:24:50.778647 CEST | [multi_agent_per_av_returns_part_bits_rep_2021_04_09_10_16_24_0006] itr #9 | fitting baseline...
2021-04-09 10:24:50.779219 CEST | [multi_agent_per_av_returns_part_bits_rep_2021_04_09_10_16_24_0006] itr #9 | fitted
2021-04-09 10:24:50.780372 CEST | [multi_agent_per_av_returns_part_bits_rep_2021_04_09_10_16_24_0006] itr #9 | fitting baseline...
2021-04-09 10:24:50.780942 CEST | [multi_agent_per_av_returns_part_bits_rep_2021_04_09_10_16_24_0006] itr #9 | fitted
2021-04-09 10:24:50.781984 CEST | [multi_agent_per_av_returns_part_bits_rep_2021_04_09_10_16_24_0006] itr #9 | fitting baseline...
2021-04-09 10:24:50.782480 CEST | [multi_agent_per_av_returns_part_bits_rep_2021_04_09_10_16_24_0006] itr #9 | fitted
2021-04-09 10:24:50.783486 CEST | [multi_agent_per_av_returns_part_bits_rep_2021_04_09_10_16_24_0006] itr #9 | fitting baseline...
2021-04-09 10:24:50.784009 CEST | [multi_agent_per_av_returns_part_bits_rep_2021_04_09_10_16_24_0006] itr #9 | fitted
2021-04-09 10:24:50.785028 CEST | [multi_agent_per_av_returns_part_bits_rep_2021_04_09_10_16_24_0006] itr #9 | fitting baseline...
2021-04-09 10:24:50.785517 CEST | [multi_agent_per_av_returns_part_bits_rep_2021_04_09_10_16_24_0006] itr #9 | fitted
2021-04-09 10:24:50.786569 CEST | [multi_agent_per_av_returns_part_bits_rep_2021_04_09_10_16_24_0006] itr #9 | fitting baseline...
2021-04-09 10:24:50.787133 CEST | [multi_agent_per_av_returns_part_bits_rep_2021_04_09_10_16_24_0006] itr #9 | fitted
2021-04-09 10:24:50.788384 CEST | [multi_agent_per_av_returns_part_bits_rep_2021_04_09_10_16_24_0006] itr #9 | fitting baseline...
2021-04-09 10:24:50.789094 CEST | [multi_agent_per_av_returns_part_bits_rep_2021_04_09_10_16_24_0006] itr #9 | fitted
2021-04-09 10:24:52.408475 CEST | [multi_agent_per_av_returns_part_bits_rep_2021_04_09_10_16_24_0006] itr #10 | fitting baseline...
2021-04-09 10:24:52.409039 CEST | [multi_agent_per_av_returns_part_bits_rep_2021_04_09_10_16_24_0006] itr #10 | fitted
2021-04-09 10:24:52.410164 CEST | [multi_agent_per_av_returns_part_bits_rep_2021_04_09_10_16_24_0006] itr #10 | fitting baseline...
2021-04-09 10:24:52.410683 CEST | [multi_agent_per_av_returns_part_bits_rep_2021_04_09_10_16_24_0006] itr #10 | fitted
2021-04-09 10:24:52.411728 CEST | [multi_agent_per_av_returns_part_bits_rep_2021_04_09_10_16_24_0006] itr #10 | fitting baseline...
2021-04-09 10:24:52.412198 CEST | [multi_agent_per_av_returns_part_bits_rep_2021_04_09_10_16_24_0006] itr #10 | fitted
2021-04-09 10:24:52.413126 CEST | [multi_agent_per_av_returns_part_bits_rep_2021_04_09_10_16_24_0006] itr #10 | fitting baseline...
2021-04-09 10:24:52.413567 CEST | [multi_agent_per_av_returns_part_bits_rep_2021_04_09_10_16_24_0006] itr #10 | fitted
2021-04-09 10:24:52.414451 CEST | [multi_agent_per_av_returns_part_bits_rep_2021_04_09_10_16_24_0006] itr #10 | fitting baseline...
2021-04-09 10:24:52.414864 CEST | [multi_agent_per_av_returns_part_bits_rep_2021_04_09_10_16_24_0006] itr #10 | fitted
2021-04-09 10:24:52.415915 CEST | [multi_agent_per_av_returns_part_bits_rep_2021_04_09_10_16_24_0006] itr #10 | fitting baseline...
2021-04-09 10:24:52.416490 CEST | [multi_agent_per_av_returns_part_bits_rep_2021_04_09_10_16_24_0006] itr #10 | fitted
2021-04-09 10:24:52.417493 CEST | [multi_agent_per_av_returns_part_bits_rep_2021_04_09_10_16_24_0006] itr #10 | fitting baseline...
2021-04-09 10:24:52.418010 CEST | [multi_agent_per_av_returns_part_bits_rep_2021_04_09_10_16_24_0006] itr #10 | fitted
2021-04-09 10:24:52.418966 CEST | [multi_agent_per_av_returns_part_bits_rep_2021_04_09_10_16_24_0006] itr #10 | fitting baseline...
2021-04-09 10:24:52.419413 CEST | [multi_agent_per_av_returns_part_bits_rep_2021_04_09_10_16_24_0006] itr #10 | fitted
2021-04-09 10:24:52.420289 CEST | [multi_agent_per_av_returns_part_bits_rep_2021_04_09_10_16_24_0006] itr #10 | fitting baseline...
2021-04-09 10:24:52.420696 CEST | [multi_agent_per_av_returns_part_bits_rep_2021_04_09_10_16_24_0006] itr #10 | fitted
2021-04-09 10:24:52.421654 CEST | [multi_agent_per_av_returns_part_bits_rep_2021_04_09_10_16_24_0006] itr #10 | fitting baseline...
2021-04-09 10:24:52.422123 CEST | [multi_agent_per_av_returns_part_bits_rep_2021_04_09_10_16_24_0006] itr #10 | fitted
2021-04-09 10:24:52.453345 CEST | [multi_agent_per_av_returns_part_bits_rep_2021_04_09_10_16_24_0006] itr #10 | saving snapshot...
2021-04-09 10:24:52.459279 CEST | [multi_agent_per_av_returns_part_bits_rep_2021_04_09_10_16_24_0006] itr #10 | saved
2021-04-09 10:24:52.504072 CEST | -----------------------  ---------------
2021-04-09 10:24:52.504356 CEST | Iteration                    0
2021-04-09 10:24:52.504508 CEST | AverageDiscountedReturn     50.8161
2021-04-09 10:24:52.504653 CEST | AverageReturn               52.4302
2021-04-09 10:24:52.504795 CEST | ExplainedVariance            1.12802e-11
2021-04-09 10:24:52.504938 CEST | NumTrajs                    65
2021-04-09 10:24:52.505079 CEST | Entropy                      1.41894
2021-04-09 10:24:52.505218 CEST | Perplexity                   4.13273
2021-04-09 10:24:52.505358 CEST | StdReturn                   32.9009
2021-04-09 10:24:52.505498 CEST | MaxReturn                  139.96
2021-04-09 10:24:52.505638 CEST | MinReturn                    9.98349
2021-04-09 10:24:52.505777 CEST | Iteration                    0
2021-04-09 10:24:52.505957 CEST | AverageDiscountedReturn     45.0391
2021-04-09 10:24:52.506096 CEST | AverageReturn               46.3073
2021-04-09 10:24:52.506234 CEST | ExplainedVariance            0.245606
2021-04-09 10:24:52.506375 CEST | NumTrajs                    71
2021-04-09 10:24:52.506512 CEST | Entropy                      1.41894
2021-04-09 10:24:52.506651 CEST | Perplexity                   4.13273
2021-04-09 10:24:52.506789 CEST | StdReturn                   30.2079
2021-04-09 10:24:52.506926 CEST | MaxReturn                  139.95
2021-04-09 10:24:52.507063 CEST | MinReturn                    9.98205
2021-04-09 10:24:52.507202 CEST | Iteration                    0
2021-04-09 10:24:52.507339 CEST | AverageDiscountedReturn     50.0633
2021-04-09 10:24:52.507476 CEST | AverageReturn               51.8142
2021-04-09 10:24:52.507614 CEST | ExplainedVariance            0.163092
2021-04-09 10:24:52.507754 CEST | NumTrajs                    65
2021-04-09 10:24:52.507892 CEST | Entropy                      1.41894
2021-04-09 10:24:52.508030 CEST | Perplexity                   4.13273
2021-04-09 10:24:52.508168 CEST | StdReturn                   38.009
2021-04-09 10:24:52.508308 CEST | MaxReturn                  179.94
2021-04-09 10:24:52.508445 CEST | MinReturn                    0
2021-04-09 10:24:52.508584 CEST | Iteration                    0
2021-04-09 10:24:52.508723 CEST | AverageDiscountedReturn     45.1771
2021-04-09 10:24:52.508861 CEST | AverageReturn               46.3104
2021-04-09 10:24:52.509002 CEST | ExplainedVariance            0.338807
2021-04-09 10:24:52.509137 CEST | NumTrajs                    71
2021-04-09 10:24:52.509275 CEST | Entropy                      1.41894
2021-04-09 10:24:52.509412 CEST | Perplexity                   4.13273
2021-04-09 10:24:52.509549 CEST | StdReturn                   25.0128
2021-04-09 10:24:52.509688 CEST | MaxReturn                  129.978
2021-04-09 10:24:52.509840 CEST | MinReturn                    9.98156
2021-04-09 10:24:52.509999 CEST | Iteration                    0
2021-04-09 10:24:52.510137 CEST | AverageDiscountedReturn     50.3615
2021-04-09 10:24:52.510276 CEST | AverageReturn               52.088
2021-04-09 10:24:52.510416 CEST | ExplainedVariance            0.256554
2021-04-09 10:24:52.510553 CEST | NumTrajs                    66
2021-04-09 10:24:52.510694 CEST | Entropy                      1.41894
2021-04-09 10:24:52.510831 CEST | Perplexity                   4.13273
2021-04-09 10:24:52.510973 CEST | StdReturn                   36.8097
2021-04-09 10:24:52.511109 CEST | MaxReturn                  159.916
2021-04-09 10:24:52.511246 CEST | MinReturn                    0
2021-04-09 10:24:52.511382 CEST | Iteration                    0
2021-04-09 10:24:52.511518 CEST | AverageDiscountedReturn     47.9445
2021-04-09 10:24:52.511657 CEST | AverageReturn               49.5279
2021-04-09 10:24:52.511794 CEST | ExplainedVariance            0.188255
2021-04-09 10:24:52.511932 CEST | NumTrajs                    68
2021-04-09 10:24:52.512069 CEST | Entropy                      1.41894
2021-04-09 10:24:52.512205 CEST | Perplexity                   4.13273
2021-04-09 10:24:52.512341 CEST | StdReturn                   35.976
2021-04-09 10:24:52.512478 CEST | MaxReturn                  159.916
2021-04-09 10:24:52.512614 CEST | MinReturn                    0
2021-04-09 10:24:52.512751 CEST | Iteration                    0
2021-04-09 10:24:52.512888 CEST | AverageDiscountedReturn     44.6776
2021-04-09 10:24:52.513026 CEST | AverageReturn               45.9423
2021-04-09 10:24:52.513170 CEST | ExplainedVariance            0.195546
2021-04-09 10:24:52.513309 CEST | NumTrajs                    72
2021-04-09 10:24:52.513447 CEST | Entropy                      1.41894
2021-04-09 10:24:52.513585 CEST | Perplexity                   4.13273
2021-04-09 10:24:52.513721 CEST | StdReturn                   30.6142
2021-04-09 10:24:52.513869 CEST | MaxReturn                  149.848
2021-04-09 10:24:52.514012 CEST | MinReturn                    0
2021-04-09 10:24:52.514149 CEST | Iteration                    0
2021-04-09 10:24:52.514288 CEST | AverageDiscountedReturn     49.12
2021-04-09 10:24:52.514425 CEST | AverageReturn               50.8761
2021-04-09 10:24:52.514563 CEST | ExplainedVariance            0.158975
2021-04-09 10:24:52.514700 CEST | NumTrajs                    66
2021-04-09 10:24:52.514838 CEST | Entropy                      1.41894
2021-04-09 10:24:52.514975 CEST | Perplexity                   4.13273
2021-04-09 10:24:52.515115 CEST | StdReturn                   39.2872
2021-04-09 10:24:52.515253 CEST | MaxReturn                  189.932
2021-04-09 10:24:52.515393 CEST | MinReturn                    0
2021-04-09 10:24:52.515531 CEST | Iteration                    0
2021-04-09 10:24:52.515669 CEST | AverageDiscountedReturn     53.611
2021-04-09 10:24:52.515807 CEST | AverageReturn               55.8666
2021-04-09 10:24:52.515946 CEST | ExplainedVariance            0.0547372
2021-04-09 10:24:52.516084 CEST | NumTrajs                    61
2021-04-09 10:24:52.516222 CEST | Entropy                      1.41894
2021-04-09 10:24:52.516361 CEST | Perplexity                   4.13273
2021-04-09 10:24:52.516499 CEST | StdReturn                   46.12
2021-04-09 10:24:52.516638 CEST | MaxReturn                  239.792
2021-04-09 10:24:52.516777 CEST | MinReturn                    9.97968
2021-04-09 10:24:52.516917 CEST | Iteration                    0
2021-04-09 10:24:52.517058 CEST | AverageDiscountedReturn     48.3347
2021-04-09 10:24:52.517198 CEST | AverageReturn               49.9681
2021-04-09 10:24:52.517338 CEST | ExplainedVariance            0.115329
2021-04-09 10:24:52.517478 CEST | NumTrajs                    67
2021-04-09 10:24:52.517617 CEST | Entropy                      1.41894
2021-04-09 10:24:52.517756 CEST | Perplexity                   4.13273
2021-04-09 10:24:52.517928 CEST | StdReturn                   36.9598
2021-04-09 10:24:52.518071 CEST | MaxReturn                  199.934
2021-04-09 10:24:52.518223 CEST | MinReturn                    0
2021-04-09 10:24:52.518364 CEST | AveragePolicyStd             1
2021-04-09 10:24:52.518504 CEST | AveragePolicyStd             1
2021-04-09 10:24:52.518643 CEST | AveragePolicyStd             1
2021-04-09 10:24:52.518782 CEST | AveragePolicyStd             1
2021-04-09 10:24:52.518920 CEST | AveragePolicyStd             1
2021-04-09 10:24:52.519060 CEST | AveragePolicyStd             1
2021-04-09 10:24:52.519199 CEST | AveragePolicyStd             1
2021-04-09 10:24:52.519339 CEST | AveragePolicyStd             1
2021-04-09 10:24:52.519479 CEST | AveragePolicyStd             1
2021-04-09 10:24:52.519619 CEST | AveragePolicyStd             1
2021-04-09 10:24:52.519758 CEST | Iteration                    1
2021-04-09 10:24:52.519898 CEST | AverageDiscountedReturn     59.7712
2021-04-09 10:24:52.520039 CEST | AverageReturn               62.4616
2021-04-09 10:24:52.520177 CEST | ExplainedVariance            0.219158
2021-04-09 10:24:52.520316 CEST | NumTrajs                    56
2021-04-09 10:24:52.520454 CEST | Entropy                      1.40958
2021-04-09 10:24:52.520594 CEST | Perplexity                   4.09423
2021-04-09 10:24:52.520736 CEST | StdReturn                   48.1416
2021-04-09 10:24:52.520875 CEST | MaxReturn                  259.949
2021-04-09 10:24:52.521014 CEST | MinReturn                    9.97989
2021-04-09 10:24:52.521153 CEST | Iteration                    1
2021-04-09 10:24:52.521294 CEST | AverageDiscountedReturn     68.957
2021-04-09 10:24:52.521435 CEST | AverageReturn               73.2843
2021-04-09 10:24:52.521576 CEST | ExplainedVariance           -2.23928
2021-04-09 10:24:52.521716 CEST | NumTrajs                    48
2021-04-09 10:24:52.521857 CEST | Entropy                      1.40958
2021-04-09 10:24:52.522021 CEST | Perplexity                   4.09423
2021-04-09 10:24:52.522161 CEST | StdReturn                   67.5211
2021-04-09 10:24:52.522303 CEST | MaxReturn                  309.878
2021-04-09 10:24:52.522443 CEST | MinReturn                    0
2021-04-09 10:24:52.522583 CEST | Iteration                    1
2021-04-09 10:24:52.522723 CEST | AverageDiscountedReturn     67.7599
2021-04-09 10:24:52.522866 CEST | AverageReturn               70.953
2021-04-09 10:24:52.523006 CEST | ExplainedVariance           -0.0257006
2021-04-09 10:24:52.523146 CEST | NumTrajs                    50
2021-04-09 10:24:52.523286 CEST | Entropy                      1.40958
2021-04-09 10:24:52.523426 CEST | Perplexity                   4.09423
2021-04-09 10:24:52.523567 CEST | StdReturn                   47.9923
2021-04-09 10:24:52.523707 CEST | MaxReturn                  209.898
2021-04-09 10:24:52.523845 CEST | MinReturn                    9.98048
2021-04-09 10:24:52.523988 CEST | Iteration                    1
2021-04-09 10:24:52.524128 CEST | AverageDiscountedReturn     74.0151
2021-04-09 10:24:52.524272 CEST | AverageReturn               77.5605
2021-04-09 10:24:52.524412 CEST | ExplainedVariance            0.214598
