2021-04-14 18:07:43.038911 CEST | [test_transfer_params_not_quant_2021_04_14_18_07_39_0001] Populating workers...
2021-04-14 18:07:43.039349 CEST | [test_transfer_params_not_quant_2021_04_14_18_07_39_0001] Populated
2021-04-14 18:07:43.039607 CEST | [test_transfer_params_not_quant_2021_04_14_18_07_39_0001] Populating workers...
2021-04-14 18:07:43.039849 CEST | [test_transfer_params_not_quant_2021_04_14_18_07_39_0001] Populated
2021-04-14 18:07:43.040086 CEST | [test_transfer_params_not_quant_2021_04_14_18_07_39_0001] Populating workers...
2021-04-14 18:07:43.040383 CEST | [test_transfer_params_not_quant_2021_04_14_18_07_39_0001] Populated
2021-04-14 18:07:43.040612 CEST | [test_transfer_params_not_quant_2021_04_14_18_07_39_0001] Populating workers...
2021-04-14 18:07:43.040838 CEST | [test_transfer_params_not_quant_2021_04_14_18_07_39_0001] Populated
2021-04-14 18:07:43.041067 CEST | [test_transfer_params_not_quant_2021_04_14_18_07_39_0001] Populating workers...
2021-04-14 18:07:43.041292 CEST | [test_transfer_params_not_quant_2021_04_14_18_07_39_0001] Populated
2021-04-14 18:07:43.041514 CEST | [test_transfer_params_not_quant_2021_04_14_18_07_39_0001] Populating workers...
2021-04-14 18:07:43.041740 CEST | [test_transfer_params_not_quant_2021_04_14_18_07_39_0001] Populated
2021-04-14 18:07:43.041903 CEST | [test_transfer_params_not_quant_2021_04_14_18_07_39_0001] Populating workers...
2021-04-14 18:07:43.042029 CEST | [test_transfer_params_not_quant_2021_04_14_18_07_39_0001] Populated
2021-04-14 18:07:43.042154 CEST | [test_transfer_params_not_quant_2021_04_14_18_07_39_0001] Populating workers...
2021-04-14 18:07:43.042279 CEST | [test_transfer_params_not_quant_2021_04_14_18_07_39_0001] Populated
2021-04-14 18:07:43.042400 CEST | [test_transfer_params_not_quant_2021_04_14_18_07_39_0001] Populating workers...
2021-04-14 18:07:43.042521 CEST | [test_transfer_params_not_quant_2021_04_14_18_07_39_0001] Populated
2021-04-14 18:07:43.042629 CEST | [test_transfer_params_not_quant_2021_04_14_18_07_39_0001] Populating workers...
2021-04-14 18:07:43.042722 CEST | [test_transfer_params_not_quant_2021_04_14_18_07_39_0001] Populated
2021-04-14 18:07:47.073337 CEST | [test_transfer_params_not_quant_2021_04_14_18_07_39_0001] itr #0 | fitting baseline...
2021-04-14 18:07:47.097379 CEST | [test_transfer_params_not_quant_2021_04_14_18_07_39_0001] itr #0 | fitted
2021-04-14 18:07:47.108857 CEST | [test_transfer_params_not_quant_2021_04_14_18_07_39_0001] itr #0 | fitting baseline...
2021-04-14 18:07:47.111240 CEST | [test_transfer_params_not_quant_2021_04_14_18_07_39_0001] itr #0 | fitted
2021-04-14 18:07:47.114814 CEST | [test_transfer_params_not_quant_2021_04_14_18_07_39_0001] itr #0 | fitting baseline...
2021-04-14 18:07:47.116795 CEST | [test_transfer_params_not_quant_2021_04_14_18_07_39_0001] itr #0 | fitted
2021-04-14 18:07:47.121159 CEST | [test_transfer_params_not_quant_2021_04_14_18_07_39_0001] itr #0 | fitting baseline...
2021-04-14 18:07:47.123089 CEST | [test_transfer_params_not_quant_2021_04_14_18_07_39_0001] itr #0 | fitted
2021-04-14 18:07:47.127412 CEST | [test_transfer_params_not_quant_2021_04_14_18_07_39_0001] itr #0 | fitting baseline...
2021-04-14 18:07:47.129114 CEST | [test_transfer_params_not_quant_2021_04_14_18_07_39_0001] itr #0 | fitted
2021-04-14 18:07:47.133297 CEST | [test_transfer_params_not_quant_2021_04_14_18_07_39_0001] itr #0 | fitting baseline...
2021-04-14 18:07:47.134929 CEST | [test_transfer_params_not_quant_2021_04_14_18_07_39_0001] itr #0 | fitted
2021-04-14 18:07:47.138801 CEST | [test_transfer_params_not_quant_2021_04_14_18_07_39_0001] itr #0 | fitting baseline...
2021-04-14 18:07:47.140392 CEST | [test_transfer_params_not_quant_2021_04_14_18_07_39_0001] itr #0 | fitted
2021-04-14 18:07:47.144534 CEST | [test_transfer_params_not_quant_2021_04_14_18_07_39_0001] itr #0 | fitting baseline...
2021-04-14 18:07:47.146118 CEST | [test_transfer_params_not_quant_2021_04_14_18_07_39_0001] itr #0 | fitted
2021-04-14 18:07:47.150789 CEST | [test_transfer_params_not_quant_2021_04_14_18_07_39_0001] itr #0 | fitting baseline...
2021-04-14 18:07:47.152591 CEST | [test_transfer_params_not_quant_2021_04_14_18_07_39_0001] itr #0 | fitted
2021-04-14 18:07:47.157484 CEST | [test_transfer_params_not_quant_2021_04_14_18_07_39_0001] itr #0 | fitting baseline...
2021-04-14 18:07:47.161111 CEST | [test_transfer_params_not_quant_2021_04_14_18_07_39_0001] itr #0 | fitted
2021-04-14 18:07:51.560703 CEST | [test_transfer_params_not_quant_2021_04_14_18_07_39_0001] itr #1 | fitting baseline...
2021-04-14 18:07:51.561978 CEST | [test_transfer_params_not_quant_2021_04_14_18_07_39_0001] itr #1 | fitted
2021-04-14 18:07:51.564300 CEST | [test_transfer_params_not_quant_2021_04_14_18_07_39_0001] itr #1 | fitting baseline...
2021-04-14 18:07:51.565250 CEST | [test_transfer_params_not_quant_2021_04_14_18_07_39_0001] itr #1 | fitted
2021-04-14 18:07:51.568427 CEST | [test_transfer_params_not_quant_2021_04_14_18_07_39_0001] itr #1 | fitting baseline...
2021-04-14 18:07:51.569688 CEST | [test_transfer_params_not_quant_2021_04_14_18_07_39_0001] itr #1 | fitted
2021-04-14 18:07:51.572759 CEST | [test_transfer_params_not_quant_2021_04_14_18_07_39_0001] itr #1 | fitting baseline...
2021-04-14 18:07:51.574039 CEST | [test_transfer_params_not_quant_2021_04_14_18_07_39_0001] itr #1 | fitted
2021-04-14 18:07:51.577030 CEST | [test_transfer_params_not_quant_2021_04_14_18_07_39_0001] itr #1 | fitting baseline...
2021-04-14 18:07:51.578224 CEST | [test_transfer_params_not_quant_2021_04_14_18_07_39_0001] itr #1 | fitted
2021-04-14 18:07:51.581147 CEST | [test_transfer_params_not_quant_2021_04_14_18_07_39_0001] itr #1 | fitting baseline...
2021-04-14 18:07:51.582412 CEST | [test_transfer_params_not_quant_2021_04_14_18_07_39_0001] itr #1 | fitted
2021-04-14 18:07:51.585691 CEST | [test_transfer_params_not_quant_2021_04_14_18_07_39_0001] itr #1 | fitting baseline...
2021-04-14 18:07:51.587000 CEST | [test_transfer_params_not_quant_2021_04_14_18_07_39_0001] itr #1 | fitted
2021-04-14 18:07:51.590066 CEST | [test_transfer_params_not_quant_2021_04_14_18_07_39_0001] itr #1 | fitting baseline...
2021-04-14 18:07:51.591257 CEST | [test_transfer_params_not_quant_2021_04_14_18_07_39_0001] itr #1 | fitted
2021-04-14 18:07:51.594619 CEST | [test_transfer_params_not_quant_2021_04_14_18_07_39_0001] itr #1 | fitting baseline...
2021-04-14 18:07:51.595995 CEST | [test_transfer_params_not_quant_2021_04_14_18_07_39_0001] itr #1 | fitted
2021-04-14 18:07:51.599014 CEST | [test_transfer_params_not_quant_2021_04_14_18_07_39_0001] itr #1 | fitting baseline...
2021-04-14 18:07:51.600180 CEST | [test_transfer_params_not_quant_2021_04_14_18_07_39_0001] itr #1 | fitted
2021-04-14 18:07:52.940673 CEST | [test_transfer_params_not_quant_2021_04_14_18_07_39_0001] itr #2 | fitting baseline...
2021-04-14 18:07:52.941883 CEST | [test_transfer_params_not_quant_2021_04_14_18_07_39_0001] itr #2 | fitted
2021-04-14 18:07:52.944507 CEST | [test_transfer_params_not_quant_2021_04_14_18_07_39_0001] itr #2 | fitting baseline...
2021-04-14 18:07:52.945668 CEST | [test_transfer_params_not_quant_2021_04_14_18_07_39_0001] itr #2 | fitted
2021-04-14 18:07:52.948679 CEST | [test_transfer_params_not_quant_2021_04_14_18_07_39_0001] itr #2 | fitting baseline...
2021-04-14 18:07:52.949840 CEST | [test_transfer_params_not_quant_2021_04_14_18_07_39_0001] itr #2 | fitted
2021-04-14 18:07:52.952365 CEST | [test_transfer_params_not_quant_2021_04_14_18_07_39_0001] itr #2 | fitting baseline...
2021-04-14 18:07:52.953391 CEST | [test_transfer_params_not_quant_2021_04_14_18_07_39_0001] itr #2 | fitted
2021-04-14 18:07:52.955973 CEST | [test_transfer_params_not_quant_2021_04_14_18_07_39_0001] itr #2 | fitting baseline...
2021-04-14 18:07:52.957027 CEST | [test_transfer_params_not_quant_2021_04_14_18_07_39_0001] itr #2 | fitted
2021-04-14 18:07:52.959300 CEST | [test_transfer_params_not_quant_2021_04_14_18_07_39_0001] itr #2 | fitting baseline...
2021-04-14 18:07:52.960285 CEST | [test_transfer_params_not_quant_2021_04_14_18_07_39_0001] itr #2 | fitted
2021-04-14 18:07:52.962923 CEST | [test_transfer_params_not_quant_2021_04_14_18_07_39_0001] itr #2 | fitting baseline...
2021-04-14 18:07:52.963985 CEST | [test_transfer_params_not_quant_2021_04_14_18_07_39_0001] itr #2 | fitted
2021-04-14 18:07:52.966915 CEST | [test_transfer_params_not_quant_2021_04_14_18_07_39_0001] itr #2 | fitting baseline...
2021-04-14 18:07:52.968073 CEST | [test_transfer_params_not_quant_2021_04_14_18_07_39_0001] itr #2 | fitted
2021-04-14 18:07:52.970568 CEST | [test_transfer_params_not_quant_2021_04_14_18_07_39_0001] itr #2 | fitting baseline...
2021-04-14 18:07:52.971568 CEST | [test_transfer_params_not_quant_2021_04_14_18_07_39_0001] itr #2 | fitted
2021-04-14 18:07:52.973751 CEST | [test_transfer_params_not_quant_2021_04_14_18_07_39_0001] itr #2 | fitting baseline...
2021-04-14 18:07:52.974698 CEST | [test_transfer_params_not_quant_2021_04_14_18_07_39_0001] itr #2 | fitted
2021-04-14 18:07:54.332699 CEST | [test_transfer_params_not_quant_2021_04_14_18_07_39_0001] itr #3 | fitting baseline...
2021-04-14 18:07:54.333692 CEST | [test_transfer_params_not_quant_2021_04_14_18_07_39_0001] itr #3 | fitted
2021-04-14 18:07:54.335635 CEST | [test_transfer_params_not_quant_2021_04_14_18_07_39_0001] itr #3 | fitting baseline...
2021-04-14 18:07:54.336544 CEST | [test_transfer_params_not_quant_2021_04_14_18_07_39_0001] itr #3 | fitted
2021-04-14 18:07:54.338776 CEST | [test_transfer_params_not_quant_2021_04_14_18_07_39_0001] itr #3 | fitting baseline...
2021-04-14 18:07:54.339766 CEST | [test_transfer_params_not_quant_2021_04_14_18_07_39_0001] itr #3 | fitted
2021-04-14 18:07:54.341903 CEST | [test_transfer_params_not_quant_2021_04_14_18_07_39_0001] itr #3 | fitting baseline...
2021-04-14 18:07:54.342769 CEST | [test_transfer_params_not_quant_2021_04_14_18_07_39_0001] itr #3 | fitted
2021-04-14 18:07:54.345177 CEST | [test_transfer_params_not_quant_2021_04_14_18_07_39_0001] itr #3 | fitting baseline...
2021-04-14 18:07:54.346288 CEST | [test_transfer_params_not_quant_2021_04_14_18_07_39_0001] itr #3 | fitted
2021-04-14 18:07:54.348802 CEST | [test_transfer_params_not_quant_2021_04_14_18_07_39_0001] itr #3 | fitting baseline...
2021-04-14 18:07:54.349783 CEST | [test_transfer_params_not_quant_2021_04_14_18_07_39_0001] itr #3 | fitted
2021-04-14 18:07:54.351698 CEST | [test_transfer_params_not_quant_2021_04_14_18_07_39_0001] itr #3 | fitting baseline...
2021-04-14 18:07:54.352544 CEST | [test_transfer_params_not_quant_2021_04_14_18_07_39_0001] itr #3 | fitted
2021-04-14 18:07:54.354971 CEST | [test_transfer_params_not_quant_2021_04_14_18_07_39_0001] itr #3 | fitting baseline...
2021-04-14 18:07:54.355946 CEST | [test_transfer_params_not_quant_2021_04_14_18_07_39_0001] itr #3 | fitted
2021-04-14 18:07:54.357640 CEST | [test_transfer_params_not_quant_2021_04_14_18_07_39_0001] itr #3 | fitting baseline...
2021-04-14 18:07:54.358365 CEST | [test_transfer_params_not_quant_2021_04_14_18_07_39_0001] itr #3 | fitted
2021-04-14 18:07:54.360663 CEST | [test_transfer_params_not_quant_2021_04_14_18_07_39_0001] itr #3 | fitting baseline...
2021-04-14 18:07:54.361589 CEST | [test_transfer_params_not_quant_2021_04_14_18_07_39_0001] itr #3 | fitted
2021-04-14 18:07:55.751777 CEST | [test_transfer_params_not_quant_2021_04_14_18_07_39_0001] itr #4 | fitting baseline...
2021-04-14 18:07:55.752930 CEST | [test_transfer_params_not_quant_2021_04_14_18_07_39_0001] itr #4 | fitted
2021-04-14 18:07:55.755066 CEST | [test_transfer_params_not_quant_2021_04_14_18_07_39_0001] itr #4 | fitting baseline...
2021-04-14 18:07:55.755923 CEST | [test_transfer_params_not_quant_2021_04_14_18_07_39_0001] itr #4 | fitted
2021-04-14 18:07:55.757823 CEST | [test_transfer_params_not_quant_2021_04_14_18_07_39_0001] itr #4 | fitting baseline...
2021-04-14 18:07:55.758624 CEST | [test_transfer_params_not_quant_2021_04_14_18_07_39_0001] itr #4 | fitted
2021-04-14 18:07:55.760585 CEST | [test_transfer_params_not_quant_2021_04_14_18_07_39_0001] itr #4 | fitting baseline...
2021-04-14 18:07:55.761389 CEST | [test_transfer_params_not_quant_2021_04_14_18_07_39_0001] itr #4 | fitted
2021-04-14 18:07:55.763385 CEST | [test_transfer_params_not_quant_2021_04_14_18_07_39_0001] itr #4 | fitting baseline...
2021-04-14 18:07:55.764303 CEST | [test_transfer_params_not_quant_2021_04_14_18_07_39_0001] itr #4 | fitted
2021-04-14 18:07:55.766675 CEST | [test_transfer_params_not_quant_2021_04_14_18_07_39_0001] itr #4 | fitting baseline...
2021-04-14 18:07:55.767706 CEST | [test_transfer_params_not_quant_2021_04_14_18_07_39_0001] itr #4 | fitted
2021-04-14 18:07:55.769846 CEST | [test_transfer_params_not_quant_2021_04_14_18_07_39_0001] itr #4 | fitting baseline...
2021-04-14 18:07:55.770692 CEST | [test_transfer_params_not_quant_2021_04_14_18_07_39_0001] itr #4 | fitted
2021-04-14 18:07:55.772723 CEST | [test_transfer_params_not_quant_2021_04_14_18_07_39_0001] itr #4 | fitting baseline...
2021-04-14 18:07:55.773606 CEST | [test_transfer_params_not_quant_2021_04_14_18_07_39_0001] itr #4 | fitted
2021-04-14 18:07:55.775376 CEST | [test_transfer_params_not_quant_2021_04_14_18_07_39_0001] itr #4 | fitting baseline...
2021-04-14 18:07:55.776128 CEST | [test_transfer_params_not_quant_2021_04_14_18_07_39_0001] itr #4 | fitted
2021-04-14 18:07:55.778502 CEST | [test_transfer_params_not_quant_2021_04_14_18_07_39_0001] itr #4 | fitting baseline...
2021-04-14 18:07:55.779546 CEST | [test_transfer_params_not_quant_2021_04_14_18_07_39_0001] itr #4 | fitted
2021-04-14 18:07:57.120302 CEST | [test_transfer_params_not_quant_2021_04_14_18_07_39_0001] itr #5 | fitting baseline...
2021-04-14 18:07:57.121084 CEST | [test_transfer_params_not_quant_2021_04_14_18_07_39_0001] itr #5 | fitted
2021-04-14 18:07:57.174997 CEST | [test_transfer_params_not_quant_2021_04_14_18_07_39_0001] itr #5 | fitting baseline...
2021-04-14 18:07:57.176915 CEST | [test_transfer_params_not_quant_2021_04_14_18_07_39_0001] itr #5 | fitted
2021-04-14 18:07:57.180848 CEST | [test_transfer_params_not_quant_2021_04_14_18_07_39_0001] itr #5 | fitting baseline...
2021-04-14 18:07:57.181864 CEST | [test_transfer_params_not_quant_2021_04_14_18_07_39_0001] itr #5 | fitted
2021-04-14 18:07:57.183913 CEST | [test_transfer_params_not_quant_2021_04_14_18_07_39_0001] itr #5 | fitting baseline...
2021-04-14 18:07:57.184812 CEST | [test_transfer_params_not_quant_2021_04_14_18_07_39_0001] itr #5 | fitted
2021-04-14 18:07:57.186710 CEST | [test_transfer_params_not_quant_2021_04_14_18_07_39_0001] itr #5 | fitting baseline...
2021-04-14 18:07:57.187751 CEST | [test_transfer_params_not_quant_2021_04_14_18_07_39_0001] itr #5 | fitted
2021-04-14 18:07:57.189842 CEST | [test_transfer_params_not_quant_2021_04_14_18_07_39_0001] itr #5 | fitting baseline...
2021-04-14 18:07:57.190750 CEST | [test_transfer_params_not_quant_2021_04_14_18_07_39_0001] itr #5 | fitted
2021-04-14 18:07:57.192790 CEST | [test_transfer_params_not_quant_2021_04_14_18_07_39_0001] itr #5 | fitting baseline...
2021-04-14 18:07:57.193819 CEST | [test_transfer_params_not_quant_2021_04_14_18_07_39_0001] itr #5 | fitted
2021-04-14 18:07:57.195910 CEST | [test_transfer_params_not_quant_2021_04_14_18_07_39_0001] itr #5 | fitting baseline...
2021-04-14 18:07:57.196826 CEST | [test_transfer_params_not_quant_2021_04_14_18_07_39_0001] itr #5 | fitted
2021-04-14 18:07:57.198839 CEST | [test_transfer_params_not_quant_2021_04_14_18_07_39_0001] itr #5 | fitting baseline...
2021-04-14 18:07:57.199750 CEST | [test_transfer_params_not_quant_2021_04_14_18_07_39_0001] itr #5 | fitted
2021-04-14 18:07:57.201693 CEST | [test_transfer_params_not_quant_2021_04_14_18_07_39_0001] itr #5 | fitting baseline...
2021-04-14 18:07:57.202718 CEST | [test_transfer_params_not_quant_2021_04_14_18_07_39_0001] itr #5 | fitted
2021-04-14 18:07:57.234294 CEST | [test_transfer_params_not_quant_2021_04_14_18_07_39_0001] itr #5 | saving snapshot...
2021-04-14 18:07:57.240746 CEST | [test_transfer_params_not_quant_2021_04_14_18_07_39_0001] itr #5 | saved
2021-04-14 18:07:57.269850 CEST | -----------------------  ----------------
2021-04-14 18:07:57.270300 CEST | Iteration                     0
2021-04-14 18:07:57.270629 CEST | AverageDiscountedReturn      59.137
2021-04-14 18:07:57.270945 CEST | AverageReturn                61.5679
2021-04-14 18:07:57.271277 CEST | ExplainedVariance             7.20757e-12
2021-04-14 18:07:57.271584 CEST | NumTrajs                     56
2021-04-14 18:07:57.271915 CEST | Entropy                       1.41894
2021-04-14 18:07:57.272286 CEST | Perplexity                    4.13273
2021-04-14 18:07:57.272584 CEST | StdReturn                    42.9842
2021-04-14 18:07:57.272858 CEST | MaxReturn                   199.917
2021-04-14 18:07:57.273125 CEST | MinReturn                     9.98065
2021-04-14 18:07:57.273393 CEST | Iteration                     0
2021-04-14 18:07:57.273661 CEST | AverageDiscountedReturn      55.4101
2021-04-14 18:07:57.273930 CEST | AverageReturn                57.7989
2021-04-14 18:07:57.274200 CEST | ExplainedVariance             0.198685
2021-04-14 18:07:57.274469 CEST | NumTrajs                     60
2021-04-14 18:07:57.274741 CEST | Entropy                       1.41894
2021-04-14 18:07:57.275012 CEST | Perplexity                    4.13273
2021-04-14 18:07:57.275292 CEST | StdReturn                    46.9275
2021-04-14 18:07:57.275628 CEST | MaxReturn                   259.902
2021-04-14 18:07:57.275963 CEST | MinReturn                     0
2021-04-14 18:07:57.276398 CEST | Iteration                     0
2021-04-14 18:07:57.276685 CEST | AverageDiscountedReturn      55.0695
2021-04-14 18:07:57.276933 CEST | AverageReturn                57.4607
2021-04-14 18:07:57.277080 CEST | ExplainedVariance             0.222672
2021-04-14 18:07:57.277207 CEST | NumTrajs                     60
2021-04-14 18:07:57.277362 CEST | Entropy                       1.41894
2021-04-14 18:07:57.277502 CEST | Perplexity                    4.13273
2021-04-14 18:07:57.277643 CEST | StdReturn                    47.4008
2021-04-14 18:07:57.277783 CEST | MaxReturn                   269.882
2021-04-14 18:07:57.277923 CEST | MinReturn                     0
2021-04-14 18:07:57.278064 CEST | Iteration                     0
2021-04-14 18:07:57.278205 CEST | AverageDiscountedReturn      51.9788
2021-04-14 18:07:57.278344 CEST | AverageReturn                54.248
2021-04-14 18:07:57.278490 CEST | ExplainedVariance             0.281637
2021-04-14 18:07:57.278630 CEST | NumTrajs                     63
2021-04-14 18:07:57.278769 CEST | Entropy                       1.41894
2021-04-14 18:07:57.278909 CEST | Perplexity                    4.13273
2021-04-14 18:07:57.279048 CEST | StdReturn                    48.3122
2021-04-14 18:07:57.279188 CEST | MaxReturn                   239.934
2021-04-14 18:07:57.279327 CEST | MinReturn                     9.97975
2021-04-14 18:07:57.279468 CEST | Iteration                     0
2021-04-14 18:07:57.279607 CEST | AverageDiscountedReturn      53.451
2021-04-14 18:07:57.279747 CEST | AverageReturn                55.7014
2021-04-14 18:07:57.279895 CEST | ExplainedVariance            -0.861531
2021-04-14 18:07:57.280039 CEST | NumTrajs                     61
2021-04-14 18:07:57.280183 CEST | Entropy                       1.41894
2021-04-14 18:07:57.280344 CEST | Perplexity                    4.13273
2021-04-14 18:07:57.280490 CEST | StdReturn                    46.5162
2021-04-14 18:07:57.280641 CEST | MaxReturn                   279.933
2021-04-14 18:07:57.280780 CEST | MinReturn                     9.97986
2021-04-14 18:07:57.280918 CEST | Iteration                     0
2021-04-14 18:07:57.281058 CEST | AverageDiscountedReturn      55.9472
2021-04-14 18:07:57.281209 CEST | AverageReturn                58.2672
2021-04-14 18:07:57.281351 CEST | ExplainedVariance             0.0102056
2021-04-14 18:07:57.281497 CEST | NumTrajs                     59
2021-04-14 18:07:57.281640 CEST | Entropy                       1.41894
2021-04-14 18:07:57.281781 CEST | Perplexity                    4.13273
2021-04-14 18:07:57.281942 CEST | StdReturn                    44.8188
2021-04-14 18:07:57.282085 CEST | MaxReturn                   239.86
2021-04-14 18:07:57.282225 CEST | MinReturn                     0
2021-04-14 18:07:57.282366 CEST | Iteration                     0
2021-04-14 18:07:57.282506 CEST | AverageDiscountedReturn      57.2438
2021-04-14 18:07:57.282659 CEST | AverageReturn                59.4535
2021-04-14 18:07:57.282802 CEST | ExplainedVariance             0.0339505
2021-04-14 18:07:57.282944 CEST | NumTrajs                     59
2021-04-14 18:07:57.283080 CEST | Entropy                       1.41894
2021-04-14 18:07:57.283218 CEST | Perplexity                    4.13273
2021-04-14 18:07:57.283357 CEST | StdReturn                    40.2946
2021-04-14 18:07:57.283497 CEST | MaxReturn                   229.82
2021-04-14 18:07:57.283635 CEST | MinReturn                     9.97931
2021-04-14 18:07:57.283774 CEST | Iteration                     0
2021-04-14 18:07:57.283916 CEST | AverageDiscountedReturn      52.8426
2021-04-14 18:07:57.284060 CEST | AverageReturn                54.964
2021-04-14 18:07:57.284199 CEST | ExplainedVariance             0.239316
2021-04-14 18:07:57.284375 CEST | NumTrajs                     62
2021-04-14 18:07:57.284514 CEST | Entropy                       1.41894
2021-04-14 18:07:57.284652 CEST | Perplexity                    4.13273
2021-04-14 18:07:57.284791 CEST | StdReturn                    43.748
2021-04-14 18:07:57.284930 CEST | MaxReturn                   179.944
2021-04-14 18:07:57.285068 CEST | MinReturn                     0
2021-04-14 18:07:57.285207 CEST | Iteration                     0
2021-04-14 18:07:57.285356 CEST | AverageDiscountedReturn      58.3626
2021-04-14 18:07:57.285496 CEST | AverageReturn                61.1877
2021-04-14 18:07:57.285634 CEST | ExplainedVariance             0.185185
2021-04-14 18:07:57.285776 CEST | NumTrajs                     57
2021-04-14 18:07:57.285915 CEST | Entropy                       1.41894
2021-04-14 18:07:57.286054 CEST | Perplexity                    4.13273
2021-04-14 18:07:57.286193 CEST | StdReturn                    52.5985
2021-04-14 18:07:57.286337 CEST | MaxReturn                   269.871
2021-04-14 18:07:57.286475 CEST | MinReturn                     0
2021-04-14 18:07:57.286612 CEST | Iteration                     0
2021-04-14 18:07:57.286751 CEST | AverageDiscountedReturn      55.5069
2021-04-14 18:07:57.286890 CEST | AverageReturn                57.7611
2021-04-14 18:07:57.287031 CEST | ExplainedVariance             0.0741016
2021-04-14 18:07:57.287169 CEST | NumTrajs                     59
2021-04-14 18:07:57.287308 CEST | Entropy                       1.41894
2021-04-14 18:07:57.287447 CEST | Perplexity                    4.13273
2021-04-14 18:07:57.287586 CEST | StdReturn                    43.7489
2021-04-14 18:07:57.287726 CEST | MaxReturn                   199.959
2021-04-14 18:07:57.287864 CEST | MinReturn                     0
2021-04-14 18:07:57.288003 CEST | AveragePolicyStd              1
2021-04-14 18:07:57.288144 CEST | AveragePolicyStd              1
2021-04-14 18:07:57.288305 CEST | AveragePolicyStd              1
2021-04-14 18:07:57.288445 CEST | AveragePolicyStd              1
2021-04-14 18:07:57.288584 CEST | AveragePolicyStd              1
2021-04-14 18:07:57.288725 CEST | AveragePolicyStd              1
2021-04-14 18:07:57.288917 CEST | AveragePolicyStd              1
2021-04-14 18:07:57.289046 CEST | AveragePolicyStd              1
2021-04-14 18:07:57.289175 CEST | AveragePolicyStd              1
2021-04-14 18:07:57.289303 CEST | AveragePolicyStd              1
2021-04-14 18:07:57.289430 CEST | Iteration                     1
2021-04-14 18:07:57.289557 CEST | AverageDiscountedReturn      82.8333
2021-04-14 18:07:57.289685 CEST | AverageReturn                87.5631
2021-04-14 18:07:57.289813 CEST | ExplainedVariance             0.177951
2021-04-14 18:07:57.289940 CEST | NumTrajs                     42
2021-04-14 18:07:57.290066 CEST | Entropy                       1.41056
2021-04-14 18:07:57.290193 CEST | Perplexity                    4.09826
2021-04-14 18:07:57.290327 CEST | StdReturn                    55.735
2021-04-14 18:07:57.290453 CEST | MaxReturn                   269.866
2021-04-14 18:07:57.290580 CEST | MinReturn                     9.98179
2021-04-14 18:07:57.290707 CEST | Iteration                     1
2021-04-14 18:07:57.290843 CEST | AverageDiscountedReturn     104.64
2021-04-14 18:07:57.290970 CEST | AverageReturn               115.25
2021-04-14 18:07:57.291101 CEST | ExplainedVariance             0.167308
2021-04-14 18:07:57.291231 CEST | NumTrajs                     32
2021-04-14 18:07:57.291357 CEST | Entropy                       1.41056
2021-04-14 18:07:57.291486 CEST | Perplexity                    4.09826
2021-04-14 18:07:57.291623 CEST | StdReturn                   105.739
2021-04-14 18:07:57.291758 CEST | MaxReturn                   499.789
2021-04-14 18:07:57.291885 CEST | MinReturn                     0
2021-04-14 18:07:57.292039 CEST | Iteration                     1
2021-04-14 18:07:57.292169 CEST | AverageDiscountedReturn      65.8519
2021-04-14 18:07:57.292314 CEST | AverageReturn                69.1674
2021-04-14 18:07:57.292440 CEST | ExplainedVariance             0.14942
2021-04-14 18:07:57.292574 CEST | NumTrajs                     51
2021-04-14 18:07:57.292700 CEST | Entropy                       1.41056
2021-04-14 18:07:57.292829 CEST | Perplexity                    4.09826
2021-04-14 18:07:57.292957 CEST | StdReturn                    53.4084
2021-04-14 18:07:57.293084 CEST | MaxReturn                   279.901
2021-04-14 18:07:57.293212 CEST | MinReturn                     0
2021-04-14 18:07:57.293338 CEST | Iteration                     1
2021-04-14 18:07:57.293465 CEST | AverageDiscountedReturn      67.3002
2021-04-14 18:07:57.293592 CEST | AverageReturn                70.3522
2021-04-14 18:07:57.293718 CEST | ExplainedVariance             0.226717
2021-04-14 18:07:57.293849 CEST | NumTrajs                     50
2021-04-14 18:07:57.293975 CEST | Entropy                       1.41056
2021-04-14 18:07:57.294106 CEST | Perplexity                    4.09826
2021-04-14 18:07:57.294234 CEST | StdReturn                    45.4534
2021-04-14 18:07:57.294360 CEST | MaxReturn                   189.901
2021-04-14 18:07:57.294487 CEST | MinReturn                     0
2021-04-14 18:07:57.294613 CEST | Iteration                     1
2021-04-14 18:07:57.294740 CEST | AverageDiscountedReturn      69.2419
2021-04-14 18:07:57.294869 CEST | AverageReturn                73.7031
2021-04-14 18:07:57.294995 CEST | ExplainedVariance             0.228694
2021-04-14 18:07:57.295123 CEST | NumTrajs                     48
2021-04-14 18:07:57.295250 CEST | Entropy                       1.41056
2021-04-14 18:07:57.295378 CEST | Perplexity                    4.09826
2021-04-14 18:07:57.295507 CEST | StdReturn                    68.8553
2021-04-14 18:07:57.295634 CEST | MaxReturn                   309.882
2021-04-14 18:07:57.295761 CEST | MinReturn                     0
2021-04-14 18:07:57.295890 CEST | Iteration                     1
2021-04-14 18:07:57.296018 CEST | AverageDiscountedReturn      77.813
2021-04-14 18:07:57.296144 CEST | AverageReturn                83.0571
2021-04-14 18:07:57.296308 CEST | ExplainedVariance             0.0969821
2021-04-14 18:07:57.296435 CEST | NumTrajs                     45
2021-04-14 18:07:57.296560 CEST | Entropy                       1.41056
2021-04-14 18:07:57.296686 CEST | Perplexity                    4.09826
2021-04-14 18:07:57.296812 CEST | StdReturn                    71.209
2021-04-14 18:07:57.296946 CEST | MaxReturn                   309.91
2021-04-14 18:07:57.297074 CEST | MinReturn                     9.98229
2021-04-14 18:07:57.297204 CEST | Iteration                     1
2021-04-14 18:07:57.297331 CEST | AverageDiscountedReturn      74.7788
2021-04-14 18:07:57.297459 CEST | AverageReturn                79.2861
2021-04-14 18:07:57.297585 CEST | ExplainedVariance             0.192911
2021-04-14 18:07:57.297710 CEST | NumTrajs                     45
2021-04-14 18:07:57.297837 CEST | Entropy                       1.41056
2021-04-14 18:07:57.297964 CEST | Perplexity                    4.09826
2021-04-14 18:07:57.298089 CEST | StdReturn                    63.6288
2021-04-14 18:07:57.298217 CEST | MaxReturn                   329.921
2021-04-14 18:07:57.298353 CEST | MinReturn                     0
2021-04-14 18:07:57.298484 CEST | Iteration                     1
2021-04-14 18:07:57.298610 CEST | AverageDiscountedReturn      70.5489
2021-04-14 18:07:57.298736 CEST | AverageReturn                73.9101
2021-04-14 18:07:57.298869 CEST | ExplainedVariance             0.205692
2021-04-14 18:07:57.298995 CEST | NumTrajs                     48
2021-04-14 18:07:57.299120 CEST | Entropy                       1.41056
2021-04-14 18:07:57.299246 CEST | Perplexity                    4.09826
2021-04-14 18:07:57.299371 CEST | StdReturn                    47.2716
2021-04-14 18:07:57.299499 CEST | MaxReturn                   169.93
2021-04-14 18:07:57.299625 CEST | MinReturn                     9.98247
2021-04-14 18:07:57.299750 CEST | Iteration                     1
2021-04-14 18:07:57.299876 CEST | AverageDiscountedReturn      61.7437
2021-04-14 18:07:57.300001 CEST | AverageReturn                64.3193
2021-04-14 18:07:57.300128 CEST | ExplainedVariance             0.354962
2021-04-14 18:07:57.300284 CEST | NumTrajs                     55
2021-04-14 18:07:57.300414 CEST | Entropy                       1.41056
2021-04-14 18:07:57.300537 CEST | Perplexity                    4.09826
2021-04-14 18:07:57.300662 CEST | StdReturn                    42.6564
2021-04-14 18:07:57.300786 CEST | MaxReturn                   169.947
2021-04-14 18:07:57.300917 CEST | MinReturn                     0
2021-04-14 18:07:57.301043 CEST | Iteration                     1
2021-04-14 18:07:57.301214 CEST | AverageDiscountedReturn      73.1833
2021-04-14 18:07:57.301380 CEST | AverageReturn                76.9732
2021-04-14 18:07:57.301541 CEST | ExplainedVariance             0.305074
2021-04-14 18:07:57.301702 CEST | NumTrajs                     47
2021-04-14 18:07:57.301891 CEST | Entropy                       1.41056
2021-04-14 18:07:57.302070 CEST | Perplexity                    4.09826
2021-04-14 18:07:57.302226 CEST | StdReturn                    52.454
2021-04-14 18:07:57.302389 CEST | MaxReturn                   269.946
2021-04-14 18:07:57.302550 CEST | MinReturn                     9.9806
2021-04-14 18:07:57.302710 CEST | AveragePolicyStd              0.991658
2021-04-14 18:07:57.302871 CEST | AveragePolicyStd              0.991658
2021-04-14 18:07:57.303029 CEST | AveragePolicyStd              0.991658
2021-04-14 18:07:57.303188 CEST | AveragePolicyStd              0.991658
2021-04-14 18:07:57.303349 CEST | AveragePolicyStd              0.991658
2021-04-14 18:07:57.303508 CEST | AveragePolicyStd              0.991658
2021-04-14 18:07:57.303663 CEST | AveragePolicyStd              0.991658
2021-04-14 18:07:57.303826 CEST | AveragePolicyStd              0.991658
2021-04-14 18:07:57.303983 CEST | AveragePolicyStd              0.991658
2021-04-14 18:07:57.304138 CEST | AveragePolicyStd              0.991658
2021-04-14 18:07:57.304315 CEST | Iteration                     2
2021-04-14 18:07:57.304469 CEST | AverageDiscountedReturn      78.1477
2021-04-14 18:07:57.304645 CEST | AverageReturn                83.1976
2021-04-14 18:07:57.304806 CEST | ExplainedVariance             0.302829
2021-04-14 18:07:57.304965 CEST | NumTrajs                     43
2021-04-14 18:07:57.305125 CEST | Entropy                       1.4013
2021-04-14 18:07:57.305285 CEST | Perplexity                    4.06049
2021-04-14 18:07:57.305476 CEST | StdReturn                    67.6185
2021-04-14 18:07:57.305635 CEST | MaxReturn                   299.89
2021-04-14 18:07:57.305792 CEST | MinReturn                     0
2021-04-14 18:07:57.305956 CEST | Iteration                     2
2021-04-14 18:07:57.306115 CEST | AverageDiscountedReturn      95.3848
2021-04-14 18:07:57.306275 CEST | AverageReturn               102.442
2021-04-14 18:07:57.306434 CEST | ExplainedVariance             0.258706
2021-04-14 18:07:57.306594 CEST | NumTrajs                     36
2021-04-14 18:07:57.306758 CEST | Entropy                       1.4013
2021-04-14 18:07:57.306918 CEST | Perplexity                    4.06049
2021-04-14 18:07:57.307095 CEST | StdReturn                    74.4557
2021-04-14 18:07:57.307245 CEST | MaxReturn                   299.922
2021-04-14 18:07:57.307403 CEST | MinReturn                     9.98661
2021-04-14 18:07:57.307561 CEST | Iteration                     2
2021-04-14 18:07:57.307722 CEST | AverageDiscountedReturn      83.9597
2021-04-14 18:07:57.307881 CEST | AverageReturn                89.2091
2021-04-14 18:07:57.308040 CEST | ExplainedVariance             0.273212
2021-04-14 18:07:57.308199 CEST | NumTrajs                     41
2021-04-14 18:07:57.308395 CEST | Entropy                       1.4013
2021-04-14 18:07:57.308556 CEST | Perplexity                    4.06049
2021-04-14 18:07:57.308715 CEST | StdReturn                    62.8091
2021-04-14 18:07:57.308876 CEST | MaxReturn                   269.927
2021-04-14 18:07:57.309037 CEST | MinReturn                     0
2021-04-14 18:07:57.309196 CEST | Iteration                     2
2021-04-14 18:07:57.309380 CEST | AverageDiscountedReturn      95.6877
2021-04-14 18:07:57.309516 CEST | AverageReturn               102.909
2021-04-14 18:07:57.309648 CEST | ExplainedVariance             0.0707987
2021-04-14 18:07:57.309783 CEST | NumTrajs                     37
2021-04-14 18:07:57.309916 CEST | Entropy                       1.4013
2021-04-14 18:07:57.310050 CEST | Perplexity                    4.06049
2021-04-14 18:07:57.310188 CEST | StdReturn                    76.0921
2021-04-14 18:07:57.310348 CEST | MaxReturn                   309.896
2021-04-14 18:07:57.310488 CEST | MinReturn                     9.98588
2021-04-14 18:07:57.310627 CEST | Iteration                     2
2021-04-14 18:07:57.310768 CEST | AverageDiscountedReturn      89.6103
2021-04-14 18:07:57.310910 CEST | AverageReturn                96.6059
2021-04-14 18:07:57.311048 CEST | ExplainedVariance             0.234885
2021-04-14 18:07:57.311207 CEST | NumTrajs                     39
2021-04-14 18:07:57.311347 CEST | Entropy                       1.4013
2021-04-14 18:07:57.311487 CEST | Perplexity                    4.06049
2021-04-14 18:07:57.311625 CEST | StdReturn                    81.2225
2021-04-14 18:07:57.311765 CEST | MaxReturn                   349.889
2021-04-14 18:07:57.311903 CEST | MinReturn                     9.97927
2021-04-14 18:07:57.312041 CEST | Iteration                     2
2021-04-14 18:07:57.312194 CEST | AverageDiscountedReturn     104.287
2021-04-14 18:07:57.312339 CEST | AverageReturn               112.057
2021-04-14 18:07:57.312464 CEST | ExplainedVariance             0.31722
2021-04-14 18:07:57.312593 CEST | NumTrajs                     33
2021-04-14 18:07:57.312725 CEST | Entropy                       1.4013
2021-04-14 18:07:57.312864 CEST | Perplexity                    4.06049
2021-04-14 18:07:57.313002 CEST | StdReturn                    71.2362
2021-04-14 18:07:57.313140 CEST | MaxReturn                   339.901
2021-04-14 18:07:57.313281 CEST | MinReturn                    19.9754
2021-04-14 18:07:57.313421 CEST | Iteration                     2
2021-04-14 18:07:57.313560 CEST | AverageDiscountedReturn      82.7923
2021-04-14 18:07:57.313700 CEST | AverageReturn                90.1931
2021-04-14 18:07:57.313840 CEST | ExplainedVariance             0.118554
2021-04-14 18:07:57.313981 CEST | NumTrajs                     40
2021-04-14 18:07:57.314119 CEST | Entropy                       1.4013
2021-04-14 18:07:57.314261 CEST | Perplexity                    4.06049
2021-04-14 18:07:57.314400 CEST | StdReturn                    95.0075
2021-04-14 18:07:57.314539 CEST | MaxReturn                   519.811
2021-04-14 18:07:57.314677 CEST | MinReturn                     0
2021-04-14 18:07:57.314816 CEST | Iteration                     2
2021-04-14 18:07:57.314955 CEST | AverageDiscountedReturn      72.018
2021-04-14 18:07:57.315093 CEST | AverageReturn                76.1113
2021-04-14 18:07:57.315231 CEST | ExplainedVariance             0.0936696
2021-04-14 18:07:57.315370 CEST | NumTrajs                     47
2021-04-14 18:07:57.315512 CEST | Entropy                       1.4013
2021-04-14 18:07:57.315662 CEST | Perplexity                    4.06049
2021-04-14 18:07:57.315806 CEST | StdReturn                    59.3831
2021-04-14 18:07:57.315945 CEST | MaxReturn                   259.835
2021-04-14 18:07:57.316083 CEST | MinReturn                     9.97928
2021-04-14 18:07:57.316230 CEST | Iteration                     2
2021-04-14 18:07:57.316373 CEST | AverageDiscountedReturn      92.4777
2021-04-14 18:07:57.316513 CEST | AverageReturn                98.8856
2021-04-14 18:07:57.316649 CEST | ExplainedVariance             0.205092
2021-04-14 18:07:57.316790 CEST | NumTrajs                     38
2021-04-14 18:07:57.316928 CEST | Entropy                       1.4013
2021-04-14 18:07:57.317065 CEST | Perplexity                    4.06049
2021-04-14 18:07:57.317205 CEST | StdReturn                    68.9528
2021-04-14 18:07:57.317342 CEST | MaxReturn                   319.909
2021-04-14 18:07:57.317478 CEST | MinReturn                     0
2021-04-14 18:07:57.317614 CEST | Iteration                     2
2021-04-14 18:07:57.317753 CEST | AverageDiscountedReturn     108.286
2021-04-14 18:07:57.317889 CEST | AverageReturn               119.616
2021-04-14 18:07:57.318023 CEST | ExplainedVariance            -0.106642
2021-04-14 18:07:57.318159 CEST | NumTrajs                     31
2021-04-14 18:07:57.318295 CEST | Entropy                       1.4013
2021-04-14 18:07:57.318432 CEST | Perplexity                    4.06049
2021-04-14 18:07:57.318569 CEST | StdReturn                   108.221
2021-04-14 18:07:57.318708 CEST | MaxReturn                   429.875
2021-04-14 18:07:57.318847 CEST | MinReturn                     9.98379
2021-04-14 18:07:57.318985 CEST | AveragePolicyStd              0.982519
2021-04-14 18:07:57.319123 CEST | AveragePolicyStd              0.982519
2021-04-14 18:07:57.319260 CEST | AveragePolicyStd              0.982519
2021-04-14 18:07:57.319398 CEST | AveragePolicyStd              0.982519
2021-04-14 18:07:57.319535 CEST | AveragePolicyStd              0.982519
2021-04-14 18:07:57.319673 CEST | AveragePolicyStd              0.982519
2021-04-14 18:07:57.319809 CEST | AveragePolicyStd              0.982519
2021-04-14 18:07:57.319945 CEST | AveragePolicyStd              0.982519
2021-04-14 18:07:57.320084 CEST | AveragePolicyStd              0.982519
2021-04-14 18:07:57.320246 CEST | AveragePolicyStd              0.982519
2021-04-14 18:07:57.320387 CEST | Iteration                     3
2021-04-14 18:07:57.320524 CEST | AverageDiscountedReturn     109.746
2021-04-14 18:07:57.320662 CEST | AverageReturn               119.274
2021-04-14 18:07:57.320803 CEST | ExplainedVariance             0.177667
2021-04-14 18:07:57.320938 CEST | NumTrajs                     31
2021-04-14 18:07:57.321072 CEST | Entropy                       1.39198
2021-04-14 18:07:57.321208 CEST | Perplexity                    4.02281
2021-04-14 18:07:57.321346 CEST | StdReturn                    85.9911
2021-04-14 18:07:57.321482 CEST | MaxReturn                   399.849
