2021-04-08 15:58:04.982269 CEST | [multi_agent_per_av_returns_part_bits_quant_2021_04_08_15_53_34_0004] Populating workers...
2021-04-08 15:58:04.982546 CEST | [multi_agent_per_av_returns_part_bits_quant_2021_04_08_15_53_34_0004] Populated
2021-04-08 15:58:04.982739 CEST | [multi_agent_per_av_returns_part_bits_quant_2021_04_08_15_53_34_0004] Populating workers...
2021-04-08 15:58:04.982919 CEST | [multi_agent_per_av_returns_part_bits_quant_2021_04_08_15_53_34_0004] Populated
2021-04-08 15:58:04.983055 CEST | [multi_agent_per_av_returns_part_bits_quant_2021_04_08_15_53_34_0004] Populating workers...
2021-04-08 15:58:04.983186 CEST | [multi_agent_per_av_returns_part_bits_quant_2021_04_08_15_53_34_0004] Populated
2021-04-08 15:58:04.983299 CEST | [multi_agent_per_av_returns_part_bits_quant_2021_04_08_15_53_34_0004] Populating workers...
2021-04-08 15:58:04.983411 CEST | [multi_agent_per_av_returns_part_bits_quant_2021_04_08_15_53_34_0004] Populated
2021-04-08 15:58:04.983522 CEST | [multi_agent_per_av_returns_part_bits_quant_2021_04_08_15_53_34_0004] Populating workers...
2021-04-08 15:58:04.983637 CEST | [multi_agent_per_av_returns_part_bits_quant_2021_04_08_15_53_34_0004] Populated
2021-04-08 15:58:04.983746 CEST | [multi_agent_per_av_returns_part_bits_quant_2021_04_08_15_53_34_0004] Populating workers...
2021-04-08 15:58:04.983895 CEST | [multi_agent_per_av_returns_part_bits_quant_2021_04_08_15_53_34_0004] Populated
2021-04-08 15:58:04.984007 CEST | [multi_agent_per_av_returns_part_bits_quant_2021_04_08_15_53_34_0004] Populating workers...
2021-04-08 15:58:04.984117 CEST | [multi_agent_per_av_returns_part_bits_quant_2021_04_08_15_53_34_0004] Populated
2021-04-08 15:58:04.984225 CEST | [multi_agent_per_av_returns_part_bits_quant_2021_04_08_15_53_34_0004] Populating workers...
2021-04-08 15:58:04.984338 CEST | [multi_agent_per_av_returns_part_bits_quant_2021_04_08_15_53_34_0004] Populated
2021-04-08 15:58:04.984445 CEST | [multi_agent_per_av_returns_part_bits_quant_2021_04_08_15_53_34_0004] Populating workers...
2021-04-08 15:58:04.984555 CEST | [multi_agent_per_av_returns_part_bits_quant_2021_04_08_15_53_34_0004] Populated
2021-04-08 15:58:04.984669 CEST | [multi_agent_per_av_returns_part_bits_quant_2021_04_08_15_53_34_0004] Populating workers...
2021-04-08 15:58:04.984777 CEST | [multi_agent_per_av_returns_part_bits_quant_2021_04_08_15_53_34_0004] Populated
2021-04-08 15:58:09.514238 CEST | [multi_agent_per_av_returns_part_bits_quant_2021_04_08_15_53_34_0004] itr #0 | fitting baseline...
2021-04-08 15:58:09.536241 CEST | [multi_agent_per_av_returns_part_bits_quant_2021_04_08_15_53_34_0004] itr #0 | fitted
2021-04-08 15:58:09.548382 CEST | [multi_agent_per_av_returns_part_bits_quant_2021_04_08_15_53_34_0004] itr #0 | fitting baseline...
2021-04-08 15:58:09.551830 CEST | [multi_agent_per_av_returns_part_bits_quant_2021_04_08_15_53_34_0004] itr #0 | fitted
2021-04-08 15:58:09.559340 CEST | [multi_agent_per_av_returns_part_bits_quant_2021_04_08_15_53_34_0004] itr #0 | fitting baseline...
2021-04-08 15:58:09.562374 CEST | [multi_agent_per_av_returns_part_bits_quant_2021_04_08_15_53_34_0004] itr #0 | fitted
2021-04-08 15:58:09.568722 CEST | [multi_agent_per_av_returns_part_bits_quant_2021_04_08_15_53_34_0004] itr #0 | fitting baseline...
2021-04-08 15:58:09.570942 CEST | [multi_agent_per_av_returns_part_bits_quant_2021_04_08_15_53_34_0004] itr #0 | fitted
2021-04-08 15:58:09.577085 CEST | [multi_agent_per_av_returns_part_bits_quant_2021_04_08_15_53_34_0004] itr #0 | fitting baseline...
2021-04-08 15:58:09.579353 CEST | [multi_agent_per_av_returns_part_bits_quant_2021_04_08_15_53_34_0004] itr #0 | fitted
2021-04-08 15:58:09.584831 CEST | [multi_agent_per_av_returns_part_bits_quant_2021_04_08_15_53_34_0004] itr #0 | fitting baseline...
2021-04-08 15:58:09.587010 CEST | [multi_agent_per_av_returns_part_bits_quant_2021_04_08_15_53_34_0004] itr #0 | fitted
2021-04-08 15:58:09.592510 CEST | [multi_agent_per_av_returns_part_bits_quant_2021_04_08_15_53_34_0004] itr #0 | fitting baseline...
2021-04-08 15:58:09.594465 CEST | [multi_agent_per_av_returns_part_bits_quant_2021_04_08_15_53_34_0004] itr #0 | fitted
2021-04-08 15:58:09.599970 CEST | [multi_agent_per_av_returns_part_bits_quant_2021_04_08_15_53_34_0004] itr #0 | fitting baseline...
2021-04-08 15:58:09.601849 CEST | [multi_agent_per_av_returns_part_bits_quant_2021_04_08_15_53_34_0004] itr #0 | fitted
2021-04-08 15:58:09.606843 CEST | [multi_agent_per_av_returns_part_bits_quant_2021_04_08_15_53_34_0004] itr #0 | fitting baseline...
2021-04-08 15:58:09.608897 CEST | [multi_agent_per_av_returns_part_bits_quant_2021_04_08_15_53_34_0004] itr #0 | fitted
2021-04-08 15:58:09.614381 CEST | [multi_agent_per_av_returns_part_bits_quant_2021_04_08_15_53_34_0004] itr #0 | fitting baseline...
2021-04-08 15:58:09.616854 CEST | [multi_agent_per_av_returns_part_bits_quant_2021_04_08_15_53_34_0004] itr #0 | fitted
2021-04-08 15:58:14.387911 CEST | [multi_agent_per_av_returns_part_bits_quant_2021_04_08_15_53_34_0004] itr #1 | fitting baseline...
2021-04-08 15:58:14.390282 CEST | [multi_agent_per_av_returns_part_bits_quant_2021_04_08_15_53_34_0004] itr #1 | fitted
2021-04-08 15:58:14.396191 CEST | [multi_agent_per_av_returns_part_bits_quant_2021_04_08_15_53_34_0004] itr #1 | fitting baseline...
2021-04-08 15:58:14.398177 CEST | [multi_agent_per_av_returns_part_bits_quant_2021_04_08_15_53_34_0004] itr #1 | fitted
2021-04-08 15:58:14.402137 CEST | [multi_agent_per_av_returns_part_bits_quant_2021_04_08_15_53_34_0004] itr #1 | fitting baseline...
2021-04-08 15:58:14.403654 CEST | [multi_agent_per_av_returns_part_bits_quant_2021_04_08_15_53_34_0004] itr #1 | fitted
2021-04-08 15:58:14.407958 CEST | [multi_agent_per_av_returns_part_bits_quant_2021_04_08_15_53_34_0004] itr #1 | fitting baseline...
2021-04-08 15:58:14.409573 CEST | [multi_agent_per_av_returns_part_bits_quant_2021_04_08_15_53_34_0004] itr #1 | fitted
2021-04-08 15:58:14.413519 CEST | [multi_agent_per_av_returns_part_bits_quant_2021_04_08_15_53_34_0004] itr #1 | fitting baseline...
2021-04-08 15:58:14.415110 CEST | [multi_agent_per_av_returns_part_bits_quant_2021_04_08_15_53_34_0004] itr #1 | fitted
2021-04-08 15:58:14.419621 CEST | [multi_agent_per_av_returns_part_bits_quant_2021_04_08_15_53_34_0004] itr #1 | fitting baseline...
2021-04-08 15:58:14.421695 CEST | [multi_agent_per_av_returns_part_bits_quant_2021_04_08_15_53_34_0004] itr #1 | fitted
2021-04-08 15:58:14.426332 CEST | [multi_agent_per_av_returns_part_bits_quant_2021_04_08_15_53_34_0004] itr #1 | fitting baseline...
2021-04-08 15:58:14.427876 CEST | [multi_agent_per_av_returns_part_bits_quant_2021_04_08_15_53_34_0004] itr #1 | fitted
2021-04-08 15:58:14.431777 CEST | [multi_agent_per_av_returns_part_bits_quant_2021_04_08_15_53_34_0004] itr #1 | fitting baseline...
2021-04-08 15:58:14.433476 CEST | [multi_agent_per_av_returns_part_bits_quant_2021_04_08_15_53_34_0004] itr #1 | fitted
2021-04-08 15:58:14.438447 CEST | [multi_agent_per_av_returns_part_bits_quant_2021_04_08_15_53_34_0004] itr #1 | fitting baseline...
2021-04-08 15:58:14.440391 CEST | [multi_agent_per_av_returns_part_bits_quant_2021_04_08_15_53_34_0004] itr #1 | fitted
2021-04-08 15:58:14.443953 CEST | [multi_agent_per_av_returns_part_bits_quant_2021_04_08_15_53_34_0004] itr #1 | fitting baseline...
2021-04-08 15:58:14.445232 CEST | [multi_agent_per_av_returns_part_bits_quant_2021_04_08_15_53_34_0004] itr #1 | fitted
2021-04-08 15:58:14.573276 CEST | [multi_agent_per_av_returns_part_bits_quant_2021_04_08_15_53_34_0004] itr #1 | saving snapshot...
2021-04-08 15:58:14.576853 CEST | [multi_agent_per_av_returns_part_bits_quant_2021_04_08_15_53_34_0004] itr #1 | saved
2021-04-08 15:58:14.585348 CEST | -----------------------  ---------------
2021-04-08 15:58:14.585698 CEST | Iteration                    0
2021-04-08 15:58:14.585867 CEST | AverageDiscountedReturn     40.9157
2021-04-08 15:58:14.586040 CEST | AverageReturn               41.9233
2021-04-08 15:58:14.586206 CEST | ExplainedVariance            1.67437e-11
2021-04-08 15:58:14.586413 CEST | NumTrajs                    77
2021-04-08 15:58:14.586597 CEST | Entropy                      1.41894
2021-04-08 15:58:14.586758 CEST | Perplexity                   4.13273
2021-04-08 15:58:14.586907 CEST | StdReturn                   26.7182
2021-04-08 15:58:14.587049 CEST | MaxReturn                  119.935
2021-04-08 15:58:14.587255 CEST | MinReturn                    0
2021-04-08 15:58:14.587419 CEST | Iteration                    0
2021-04-08 15:58:14.587576 CEST | AverageDiscountedReturn     36.5388
2021-04-08 15:58:14.587726 CEST | AverageReturn               37.2689
2021-04-08 15:58:14.587891 CEST | ExplainedVariance            0.313657
2021-04-08 15:58:14.588036 CEST | NumTrajs                    85
2021-04-08 15:58:14.588182 CEST | Entropy                      1.41894
2021-04-08 15:58:14.588327 CEST | Perplexity                   4.13273
2021-04-08 15:58:14.588475 CEST | StdReturn                   21.5981
2021-04-08 15:58:14.588635 CEST | MaxReturn                  129.935
2021-04-08 15:58:14.588820 CEST | MinReturn                    9.97966
2021-04-08 15:58:14.588983 CEST | Iteration                    0
2021-04-08 15:58:14.589162 CEST | AverageDiscountedReturn     36.7102
2021-04-08 15:58:14.589320 CEST | AverageReturn               37.5932
2021-04-08 15:58:14.589501 CEST | ExplainedVariance            0.207148
2021-04-08 15:58:14.589676 CEST | NumTrajs                    84
2021-04-08 15:58:14.589839 CEST | Entropy                      1.41894
2021-04-08 15:58:14.590010 CEST | Perplexity                   4.13273
2021-04-08 15:58:14.590175 CEST | StdReturn                   27.7472
2021-04-08 15:58:14.590343 CEST | MaxReturn                  149.949
2021-04-08 15:58:14.590512 CEST | MinReturn                    0
2021-04-08 15:58:14.590679 CEST | Iteration                    0
2021-04-08 15:58:14.590854 CEST | AverageDiscountedReturn     40.4391
2021-04-08 15:58:14.591020 CEST | AverageReturn               41.3831
2021-04-08 15:58:14.591207 CEST | ExplainedVariance            0.18863
2021-04-08 15:58:14.591397 CEST | NumTrajs                    78
2021-04-08 15:58:14.591613 CEST | Entropy                      1.41894
2021-04-08 15:58:14.591785 CEST | Perplexity                   4.13273
2021-04-08 15:58:14.591953 CEST | StdReturn                   24.9361
2021-04-08 15:58:14.592119 CEST | MaxReturn                  129.891
2021-04-08 15:58:14.592314 CEST | MinReturn                    0
2021-04-08 15:58:14.592482 CEST | Iteration                    0
2021-04-08 15:58:14.592645 CEST | AverageDiscountedReturn     35.4756
2021-04-08 15:58:14.592815 CEST | AverageReturn               36.183
2021-04-08 15:58:14.592981 CEST | ExplainedVariance            0.262637
2021-04-08 15:58:14.593150 CEST | NumTrajs                    87
2021-04-08 15:58:14.593325 CEST | Entropy                      1.41894
2021-04-08 15:58:14.593492 CEST | Perplexity                   4.13273
2021-04-08 15:58:14.593696 CEST | StdReturn                   22.0794
2021-04-08 15:58:14.593889 CEST | MaxReturn                  109.961
2021-04-08 15:58:14.594062 CEST | MinReturn                    0
2021-04-08 15:58:14.594235 CEST | Iteration                    0
2021-04-08 15:58:14.594404 CEST | AverageDiscountedReturn     40.2403
2021-04-08 15:58:14.594572 CEST | AverageReturn               41.2563
2021-04-08 15:58:14.594744 CEST | ExplainedVariance            0.263291
2021-04-08 15:58:14.594923 CEST | NumTrajs                    78
2021-04-08 15:58:14.595242 CEST | Entropy                      1.41894
2021-04-08 15:58:14.595469 CEST | Perplexity                   4.13273
2021-04-08 15:58:14.595670 CEST | StdReturn                   27.9261
2021-04-08 15:58:14.595866 CEST | MaxReturn                  119.969
2021-04-08 15:58:14.596059 CEST | MinReturn                    0
2021-04-08 15:58:14.596252 CEST | Iteration                    0
2021-04-08 15:58:14.596458 CEST | AverageDiscountedReturn     39.3783
2021-04-08 15:58:14.596649 CEST | AverageReturn               40.2248
2021-04-08 15:58:14.596839 CEST | ExplainedVariance            0.358692
2021-04-08 15:58:14.597024 CEST | NumTrajs                    80
2021-04-08 15:58:14.597215 CEST | Entropy                      1.41894
2021-04-08 15:58:14.597418 CEST | Perplexity                   4.13273
2021-04-08 15:58:14.597610 CEST | StdReturn                   22.4067
2021-04-08 15:58:14.597801 CEST | MaxReturn                  119.915
2021-04-08 15:58:14.597991 CEST | MinReturn                    0
2021-04-08 15:58:14.598181 CEST | Iteration                    0
2021-04-08 15:58:14.598367 CEST | AverageDiscountedReturn     42.4828
2021-04-08 15:58:14.598554 CEST | AverageReturn               43.5741
2021-04-08 15:58:14.598740 CEST | ExplainedVariance            0.138028
2021-04-08 15:58:14.598927 CEST | NumTrajs                    75
2021-04-08 15:58:14.599171 CEST | Entropy                      1.41894
2021-04-08 15:58:14.599373 CEST | Perplexity                   4.13273
2021-04-08 15:58:14.599575 CEST | StdReturn                   27.6836
2021-04-08 15:58:14.599762 CEST | MaxReturn                  169.908
2021-04-08 15:58:14.599950 CEST | MinReturn                    0
2021-04-08 15:58:14.600135 CEST | Iteration                    0
2021-04-08 15:58:14.600325 CEST | AverageDiscountedReturn     39.4981
2021-04-08 15:58:14.600513 CEST | AverageReturn               40.4746
2021-04-08 15:58:14.600701 CEST | ExplainedVariance            0.188112
2021-04-08 15:58:14.600890 CEST | NumTrajs                    80
2021-04-08 15:58:14.601077 CEST | Entropy                      1.41894
2021-04-08 15:58:14.601265 CEST | Perplexity                   4.13273
2021-04-08 15:58:14.601454 CEST | StdReturn                   27.509
2021-04-08 15:58:14.601643 CEST | MaxReturn                  129.96
2021-04-08 15:58:14.601831 CEST | MinReturn                    0
2021-04-08 15:58:14.602020 CEST | Iteration                    0
2021-04-08 15:58:14.602209 CEST | AverageDiscountedReturn     36.6082
2021-04-08 15:58:14.602397 CEST | AverageReturn               37.3872
2021-04-08 15:58:14.602587 CEST | ExplainedVariance            0.253044
2021-04-08 15:58:14.602772 CEST | NumTrajs                    85
2021-04-08 15:58:14.602961 CEST | Entropy                      1.41894
2021-04-08 15:58:14.603187 CEST | Perplexity                   4.13273
2021-04-08 15:58:14.603378 CEST | StdReturn                   23.6638
2021-04-08 15:58:14.603565 CEST | MaxReturn                  119.982
2021-04-08 15:58:14.603753 CEST | MinReturn                    0
2021-04-08 15:58:14.603943 CEST | AveragePolicyStd             1
2021-04-08 15:58:14.604132 CEST | AveragePolicyStd             1
2021-04-08 15:58:14.604319 CEST | AveragePolicyStd             1
2021-04-08 15:58:14.604516 CEST | AveragePolicyStd             1
2021-04-08 15:58:14.604694 CEST | AveragePolicyStd             1
2021-04-08 15:58:14.604856 CEST | AveragePolicyStd             1
2021-04-08 15:58:14.605017 CEST | AveragePolicyStd             1
2021-04-08 15:58:14.605177 CEST | AveragePolicyStd             1
2021-04-08 15:58:14.605337 CEST | AveragePolicyStd             1
2021-04-08 15:58:14.605500 CEST | AveragePolicyStd             1
2021-04-08 15:58:14.605661 CEST | Iteration                    1
2021-04-08 15:58:14.605822 CEST | AverageDiscountedReturn     46.5457
2021-04-08 15:58:14.605991 CEST | AverageReturn               47.9342
2021-04-08 15:58:14.606151 CEST | ExplainedVariance            0.173659
2021-04-08 15:58:14.606312 CEST | NumTrajs                    69
2021-04-08 15:58:14.606472 CEST | Entropy                      1.41099
2021-04-08 15:58:14.606634 CEST | Perplexity                   4.1
2021-04-08 15:58:14.606793 CEST | StdReturn                   32.0415
2021-04-08 15:58:14.606954 CEST | MaxReturn                  169.88
2021-04-08 15:58:14.607136 CEST | MinReturn                    9.9798
2021-04-08 15:58:14.607299 CEST | Iteration                    1
2021-04-08 15:58:14.607460 CEST | AverageDiscountedReturn     44.422
2021-04-08 15:58:14.607620 CEST | AverageReturn               45.5864
2021-04-08 15:58:14.607781 CEST | ExplainedVariance            0.23633
2021-04-08 15:58:14.607944 CEST | NumTrajs                    73
2021-04-08 15:58:14.608105 CEST | Entropy                      1.41099
2021-04-08 15:58:14.608278 CEST | Perplexity                   4.1
2021-04-08 15:58:14.608440 CEST | StdReturn                   27.4349
2021-04-08 15:58:14.608602 CEST | MaxReturn                  139.908
2021-04-08 15:58:14.608762 CEST | MinReturn                    9.97999
2021-04-08 15:58:14.608926 CEST | Iteration                    1
2021-04-08 15:58:14.609086 CEST | AverageDiscountedReturn     54.3648
2021-04-08 15:58:14.609245 CEST | AverageReturn               56.3599
2021-04-08 15:58:14.609406 CEST | ExplainedVariance            0.188348
2021-04-08 15:58:14.609564 CEST | NumTrajs                    61
2021-04-08 15:58:14.609724 CEST | Entropy                      1.41099
2021-04-08 15:58:14.609900 CEST | Perplexity                   4.1
2021-04-08 15:58:14.610061 CEST | StdReturn                   38.9097
2021-04-08 15:58:14.610222 CEST | MaxReturn                  219.933
2021-04-08 15:58:14.610382 CEST | MinReturn                    9.98171
2021-04-08 15:58:14.610545 CEST | Iteration                    1
2021-04-08 15:58:14.610701 CEST | AverageDiscountedReturn     50.6762
2021-04-08 15:58:14.610859 CEST | AverageReturn               52.78
2021-04-08 15:58:14.611019 CEST | ExplainedVariance            0.0761817
2021-04-08 15:58:14.611194 CEST | NumTrajs                    64
2021-04-08 15:58:14.611355 CEST | Entropy                      1.41099
2021-04-08 15:58:14.611513 CEST | Perplexity                   4.1
2021-04-08 15:58:14.611671 CEST | StdReturn                   46.4337
2021-04-08 15:58:14.611829 CEST | MaxReturn                  309.851
2021-04-08 15:58:14.611994 CEST | MinReturn                    0
2021-04-08 15:58:14.612151 CEST | Iteration                    1
2021-04-08 15:58:14.612310 CEST | AverageDiscountedReturn     52.0413
2021-04-08 15:58:14.612469 CEST | AverageReturn               53.9365
2021-04-08 15:58:14.612627 CEST | ExplainedVariance            0.0583329
2021-04-08 15:58:14.612783 CEST | NumTrajs                    63
2021-04-08 15:58:14.612941 CEST | Entropy                      1.41099
2021-04-08 15:58:14.613097 CEST | Perplexity                   4.1
2021-04-08 15:58:14.613256 CEST | StdReturn                   39.3291
2021-04-08 15:58:14.613418 CEST | MaxReturn                  219.898
2021-04-08 15:58:14.613576 CEST | MinReturn                    9.98212
2021-04-08 15:58:14.613734 CEST | Iteration                    1
2021-04-08 15:58:14.613893 CEST | AverageDiscountedReturn     48.4431
2021-04-08 15:58:14.614050 CEST | AverageReturn               49.967
2021-04-08 15:58:14.614208 CEST | ExplainedVariance            0.111161
2021-04-08 15:58:14.614366 CEST | NumTrajs                    67
2021-04-08 15:58:14.614538 CEST | Entropy                      1.41099
2021-04-08 15:58:14.614694 CEST | Perplexity                   4.1
2021-04-08 15:58:14.614851 CEST | StdReturn                   33.5246
2021-04-08 15:58:14.615006 CEST | MaxReturn                  149.882
2021-04-08 15:58:14.615201 CEST | MinReturn                    0
2021-04-08 15:58:14.615359 CEST | Iteration                    1
2021-04-08 15:58:14.615515 CEST | AverageDiscountedReturn     61.6208
2021-04-08 15:58:14.615672 CEST | AverageReturn               64.4097
2021-04-08 15:58:14.615830 CEST | ExplainedVariance            0.216478
2021-04-08 15:58:14.615989 CEST | NumTrajs                    54
2021-04-08 15:58:14.616147 CEST | Entropy                      1.41099
2021-04-08 15:58:14.616306 CEST | Perplexity                   4.1
2021-04-08 15:58:14.616465 CEST | StdReturn                   47.6615
2021-04-08 15:58:14.616619 CEST | MaxReturn                  199.95
2021-04-08 15:58:14.616776 CEST | MinReturn                    0
2021-04-08 15:58:14.616933 CEST | Iteration                    1
2021-04-08 15:58:14.617090 CEST | AverageDiscountedReturn     55.8175
2021-04-08 15:58:14.617246 CEST | AverageReturn               57.7613
2021-04-08 15:58:14.617403 CEST | ExplainedVariance            0.313053
2021-04-08 15:58:14.617560 CEST | NumTrajs                    59
2021-04-08 15:58:14.617716 CEST | Entropy                      1.41099
2021-04-08 15:58:14.617883 CEST | Perplexity                   4.1
2021-04-08 15:58:14.618044 CEST | StdReturn                   35.1173
2021-04-08 15:58:14.618200 CEST | MaxReturn                  159.959
2021-04-08 15:58:14.618357 CEST | MinReturn                    9.98038
2021-04-08 15:58:14.618514 CEST | Iteration                    1
2021-04-08 15:58:14.618671 CEST | AverageDiscountedReturn     47.0721
2021-04-08 15:58:14.618828 CEST | AverageReturn               48.9377
2021-04-08 15:58:14.618982 CEST | ExplainedVariance            0.0884999
2021-04-08 15:58:14.619161 CEST | NumTrajs                    68
2021-04-08 15:58:14.619318 CEST | Entropy                      1.41099
2021-04-08 15:58:14.619474 CEST | Perplexity                   4.1
2021-04-08 15:58:14.619630 CEST | StdReturn                   44.5669
2021-04-08 15:58:14.619785 CEST | MaxReturn                  249.881
2021-04-08 15:58:14.619941 CEST | MinReturn                    0
2021-04-08 15:58:14.620097 CEST | Iteration                    1
2021-04-08 15:58:14.620253 CEST | AverageDiscountedReturn     68.8318
2021-04-08 15:58:14.620408 CEST | AverageReturn               72.1999
2021-04-08 15:58:14.620563 CEST | ExplainedVariance            0.00204396
2021-04-08 15:58:14.620720 CEST | NumTrajs                    49
2021-04-08 15:58:14.620875 CEST | Entropy                      1.41099
2021-04-08 15:58:14.621031 CEST | Perplexity                   4.1
2021-04-08 15:58:14.621186 CEST | StdReturn                   50.2477
2021-04-08 15:58:14.621341 CEST | MaxReturn                  229.798
2021-04-08 15:58:14.621495 CEST | MinReturn                    0
2021-04-08 15:58:14.621651 CEST | AveragePolicyStd             0.99208
2021-04-08 15:58:14.621807 CEST | AveragePolicyStd             0.99208
2021-04-08 15:58:14.621963 CEST | AveragePolicyStd             0.99208
2021-04-08 15:58:14.622117 CEST | AveragePolicyStd             0.99208
2021-04-08 15:58:14.622273 CEST | AveragePolicyStd             0.99208
2021-04-08 15:58:14.622428 CEST | AveragePolicyStd             0.99208
2021-04-08 15:58:14.622588 CEST | AveragePolicyStd             0.99208
2021-04-08 15:58:14.622741 CEST | AveragePolicyStd             0.99208
2021-04-08 15:58:14.622896 CEST | AveragePolicyStd             0.99208
2021-04-08 15:58:14.623050 CEST | AveragePolicyStd             0.99208
2021-04-08 15:58:14.623217 CEST | TransfBits               51040
2021-04-08 15:58:14.623371 CEST | TotalAverageReturn          52.2053
2021-04-08 15:58:14.623523 CEST | -----------------------  ---------------
2021-04-08 15:58:16.159179 CEST | [multi_agent_per_av_returns_part_bits_quant_2021_04_08_15_53_34_0004] itr #2 | fitting baseline...
2021-04-08 15:58:16.160222 CEST | [multi_agent_per_av_returns_part_bits_quant_2021_04_08_15_53_34_0004] itr #2 | fitted
2021-04-08 15:58:16.162228 CEST | [multi_agent_per_av_returns_part_bits_quant_2021_04_08_15_53_34_0004] itr #2 | fitting baseline...
2021-04-08 15:58:16.163432 CEST | [multi_agent_per_av_returns_part_bits_quant_2021_04_08_15_53_34_0004] itr #2 | fitted
2021-04-08 15:58:16.165132 CEST | [multi_agent_per_av_returns_part_bits_quant_2021_04_08_15_53_34_0004] itr #2 | fitting baseline...
2021-04-08 15:58:16.165840 CEST | [multi_agent_per_av_returns_part_bits_quant_2021_04_08_15_53_34_0004] itr #2 | fitted
2021-04-08 15:58:16.168024 CEST | [multi_agent_per_av_returns_part_bits_quant_2021_04_08_15_53_34_0004] itr #2 | fitting baseline...
2021-04-08 15:58:16.168948 CEST | [multi_agent_per_av_returns_part_bits_quant_2021_04_08_15_53_34_0004] itr #2 | fitted
2021-04-08 15:58:16.171018 CEST | [multi_agent_per_av_returns_part_bits_quant_2021_04_08_15_53_34_0004] itr #2 | fitting baseline...
2021-04-08 15:58:16.172168 CEST | [multi_agent_per_av_returns_part_bits_quant_2021_04_08_15_53_34_0004] itr #2 | fitted
2021-04-08 15:58:16.174839 CEST | [multi_agent_per_av_returns_part_bits_quant_2021_04_08_15_53_34_0004] itr #2 | fitting baseline...
2021-04-08 15:58:16.175882 CEST | [multi_agent_per_av_returns_part_bits_quant_2021_04_08_15_53_34_0004] itr #2 | fitted
2021-04-08 15:58:16.178046 CEST | [multi_agent_per_av_returns_part_bits_quant_2021_04_08_15_53_34_0004] itr #2 | fitting baseline...
2021-04-08 15:58:16.179224 CEST | [multi_agent_per_av_returns_part_bits_quant_2021_04_08_15_53_34_0004] itr #2 | fitted
2021-04-08 15:58:16.181833 CEST | [multi_agent_per_av_returns_part_bits_quant_2021_04_08_15_53_34_0004] itr #2 | fitting baseline...
2021-04-08 15:58:16.182860 CEST | [multi_agent_per_av_returns_part_bits_quant_2021_04_08_15_53_34_0004] itr #2 | fitted
2021-04-08 15:58:16.185100 CEST | [multi_agent_per_av_returns_part_bits_quant_2021_04_08_15_53_34_0004] itr #2 | fitting baseline...
2021-04-08 15:58:16.186136 CEST | [multi_agent_per_av_returns_part_bits_quant_2021_04_08_15_53_34_0004] itr #2 | fitted
2021-04-08 15:58:16.188513 CEST | [multi_agent_per_av_returns_part_bits_quant_2021_04_08_15_53_34_0004] itr #2 | fitting baseline...
2021-04-08 15:58:16.189988 CEST | [multi_agent_per_av_returns_part_bits_quant_2021_04_08_15_53_34_0004] itr #2 | fitted
2021-04-08 15:58:16.330558 CEST | [multi_agent_per_av_returns_part_bits_quant_2021_04_08_15_53_34_0004] itr #2 | saving snapshot...
2021-04-08 15:58:16.333876 CEST | [multi_agent_per_av_returns_part_bits_quant_2021_04_08_15_53_34_0004] itr #2 | saved
2021-04-08 15:58:16.338177 CEST | -----------------------  ---------------
2021-04-08 15:58:16.338393 CEST | Iteration                     2
2021-04-08 15:58:16.338558 CEST | AverageDiscountedReturn     127.982
2021-04-08 15:58:16.338707 CEST | AverageReturn               143.603
2021-04-08 15:58:16.338864 CEST | ExplainedVariance            -0.00379547
2021-04-08 15:58:16.339016 CEST | NumTrajs                     27
2021-04-08 15:58:16.339210 CEST | Entropy                       1.41894
2021-04-08 15:58:16.339362 CEST | Perplexity                    4.13273
2021-04-08 15:58:16.339515 CEST | StdReturn                   125.342
2021-04-08 15:58:16.339664 CEST | MaxReturn                   559.806
2021-04-08 15:58:16.339808 CEST | MinReturn                     0
2021-04-08 15:58:16.339957 CEST | Iteration                     2
2021-04-08 15:58:16.340117 CEST | AverageDiscountedReturn     155.155
2021-04-08 15:58:16.340267 CEST | AverageReturn               177.702
2021-04-08 15:58:16.340418 CEST | ExplainedVariance            -0.07181
2021-04-08 15:58:16.340567 CEST | NumTrajs                     23
2021-04-08 15:58:16.340715 CEST | Entropy                       1.41894
2021-04-08 15:58:16.340863 CEST | Perplexity                    4.13273
2021-04-08 15:58:16.341012 CEST | StdReturn                   148.142
2021-04-08 15:58:16.341162 CEST | MaxReturn                   709.734
2021-04-08 15:58:16.341305 CEST | MinReturn                    19.9623
2021-04-08 15:58:16.341455 CEST | Iteration                     2
2021-04-08 15:58:16.341605 CEST | AverageDiscountedReturn     202.355
2021-04-08 15:58:16.341755 CEST | AverageReturn               231.035
2021-04-08 15:58:16.341903 CEST | ExplainedVariance             0.440107
2021-04-08 15:58:16.342051 CEST | NumTrajs                     17
2021-04-08 15:58:16.342200 CEST | Entropy                       1.41894
2021-04-08 15:58:16.342353 CEST | Perplexity                    4.13273
2021-04-08 15:58:16.342501 CEST | StdReturn                   111.981
2021-04-08 15:58:16.342650 CEST | MaxReturn                   519.855
2021-04-08 15:58:16.342804 CEST | MinReturn                    89.867
2021-04-08 15:58:16.342954 CEST | Iteration                     2
2021-04-08 15:58:16.343116 CEST | AverageDiscountedReturn     123.938
2021-04-08 15:58:16.343273 CEST | AverageReturn               134.527
2021-04-08 15:58:16.343421 CEST | ExplainedVariance             0.279634
2021-04-08 15:58:16.343570 CEST | NumTrajs                     28
2021-04-08 15:58:16.343723 CEST | Entropy                       1.41894
2021-04-08 15:58:16.343879 CEST | Perplexity                    4.13273
2021-04-08 15:58:16.344027 CEST | StdReturn                    76.4385
2021-04-08 15:58:16.344190 CEST | MaxReturn                   359.821
2021-04-08 15:58:16.344366 CEST | MinReturn                     0
2021-04-08 15:58:16.344536 CEST | Iteration                     2
2021-04-08 15:58:16.344688 CEST | AverageDiscountedReturn     175.105
2021-04-08 15:58:16.344835 CEST | AverageReturn               199.38
2021-04-08 15:58:16.344983 CEST | ExplainedVariance             0.420696
2021-04-08 15:58:16.345132 CEST | NumTrajs                     20
2021-04-08 15:58:16.345281 CEST | Entropy                       1.41894
2021-04-08 15:58:16.345430 CEST | Perplexity                    4.13273
2021-04-08 15:58:16.345582 CEST | StdReturn                   126.491
2021-04-08 15:58:16.345729 CEST | MaxReturn                   449.84
2021-04-08 15:58:16.345877 CEST | MinReturn                     0
2021-04-08 15:58:16.346025 CEST | Iteration                     2
2021-04-08 15:58:16.346167 CEST | AverageDiscountedReturn     135.291
2021-04-08 15:58:16.346397 CEST | AverageReturn               146.805
2021-04-08 15:58:16.346549 CEST | ExplainedVariance             0.476495
2021-04-08 15:58:16.346718 CEST | NumTrajs                     26
2021-04-08 15:58:16.346883 CEST | Entropy                       1.41894
2021-04-08 15:58:16.347047 CEST | Perplexity                    4.13273
2021-04-08 15:58:16.347269 CEST | StdReturn                    66.2498
2021-04-08 15:58:16.347419 CEST | MaxReturn                   319.829
2021-04-08 15:58:16.347564 CEST | MinReturn                    59.9066
2021-04-08 15:58:16.347725 CEST | Iteration                     2
2021-04-08 15:58:16.347904 CEST | AverageDiscountedReturn     140.087
2021-04-08 15:58:16.348056 CEST | AverageReturn               152.677
2021-04-08 15:58:16.348219 CEST | ExplainedVariance             0.640264
2021-04-08 15:58:16.348377 CEST | NumTrajs                     25
2021-04-08 15:58:16.348536 CEST | Entropy                       1.41894
2021-04-08 15:58:16.348700 CEST | Perplexity                    4.13273
2021-04-08 15:58:16.348859 CEST | StdReturn                    71.4478
2021-04-08 15:58:16.349022 CEST | MaxReturn                   359.786
2021-04-08 15:58:16.349176 CEST | MinReturn                    49.9269
2021-04-08 15:58:16.349333 CEST | Iteration                     2
2021-04-08 15:58:16.349487 CEST | AverageDiscountedReturn     141.217
2021-04-08 15:58:16.349639 CEST | AverageReturn               154.681
2021-04-08 15:58:16.349801 CEST | ExplainedVariance             0.614986
2021-04-08 15:58:16.349957 CEST | NumTrajs                     25
2021-04-08 15:58:16.350120 CEST | Entropy                       1.41894
2021-04-08 15:58:16.350275 CEST | Perplexity                    4.13273
2021-04-08 15:58:16.350434 CEST | StdReturn                    80.8295
2021-04-08 15:58:16.350597 CEST | MaxReturn                   389.777
2021-04-08 15:58:16.350760 CEST | MinReturn                    39.9322
2021-04-08 15:58:16.350916 CEST | Iteration                     2
2021-04-08 15:58:16.351075 CEST | AverageDiscountedReturn     150.172
2021-04-08 15:58:16.351270 CEST | AverageReturn               165.532
2021-04-08 15:58:16.351434 CEST | ExplainedVariance             0.342332
2021-04-08 15:58:16.351598 CEST | NumTrajs                     23
2021-04-08 15:58:16.351757 CEST | Entropy                       1.41894
2021-04-08 15:58:16.351917 CEST | Perplexity                    4.13273
2021-04-08 15:58:16.352081 CEST | StdReturn                    85.6466
2021-04-08 15:58:16.352244 CEST | MaxReturn                   339.849
2021-04-08 15:58:16.352409 CEST | MinReturn                    29.9515
2021-04-08 15:58:16.352575 CEST | Iteration                     2
2021-04-08 15:58:16.352739 CEST | AverageDiscountedReturn     148.206
2021-04-08 15:58:16.352916 CEST | AverageReturn               164.225
2021-04-08 15:58:16.353077 CEST | ExplainedVariance             0.651826
2021-04-08 15:58:16.353240 CEST | NumTrajs                     23
2021-04-08 15:58:16.353399 CEST | Entropy                       1.41894
2021-04-08 15:58:16.353558 CEST | Perplexity                    4.13273
2021-04-08 15:58:16.353721 CEST | StdReturn                    96.2452
2021-04-08 15:58:16.353915 CEST | MaxReturn                   339.845
2021-04-08 15:58:16.354079 CEST | MinReturn                     0
2021-04-08 15:58:16.354242 CEST | AveragePolicyStd              1
2021-04-08 15:58:16.354399 CEST | AveragePolicyStd              1
2021-04-08 15:58:16.354558 CEST | AveragePolicyStd              1
2021-04-08 15:58:16.354721 CEST | AveragePolicyStd              1
2021-04-08 15:58:16.354888 CEST | AveragePolicyStd              1
2021-04-08 15:58:16.355047 CEST | AveragePolicyStd              1
2021-04-08 15:58:16.355244 CEST | AveragePolicyStd              1
2021-04-08 15:58:16.355411 CEST | AveragePolicyStd              1
2021-04-08 15:58:16.355582 CEST | AveragePolicyStd              1
2021-04-08 15:58:16.355737 CEST | AveragePolicyStd              1
2021-04-08 15:58:16.355925 CEST | TransfBits               102080
2021-04-08 15:58:16.356105 CEST | TotalAverageReturn          147.043
2021-04-08 15:58:16.356254 CEST | -----------------------  ---------------
2021-04-08 15:58:17.945421 CEST | [multi_agent_per_av_returns_part_bits_quant_2021_04_08_15_53_34_0004] itr #3 | fitting baseline...
2021-04-08 15:58:17.947302 CEST | [multi_agent_per_av_returns_part_bits_quant_2021_04_08_15_53_34_0004] itr #3 | fitted
2021-04-08 15:58:17.951582 CEST | [multi_agent_per_av_returns_part_bits_quant_2021_04_08_15_53_34_0004] itr #3 | fitting baseline...
2021-04-08 15:58:17.953254 CEST | [multi_agent_per_av_returns_part_bits_quant_2021_04_08_15_53_34_0004] itr #3 | fitted
2021-04-08 15:58:17.957193 CEST | [multi_agent_per_av_returns_part_bits_quant_2021_04_08_15_53_34_0004] itr #3 | fitting baseline...
2021-04-08 15:58:17.958770 CEST | [multi_agent_per_av_returns_part_bits_quant_2021_04_08_15_53_34_0004] itr #3 | fitted
2021-04-08 15:58:17.962562 CEST | [multi_agent_per_av_returns_part_bits_quant_2021_04_08_15_53_34_0004] itr #3 | fitting baseline...
2021-04-08 15:58:17.964107 CEST | [multi_agent_per_av_returns_part_bits_quant_2021_04_08_15_53_34_0004] itr #3 | fitted
2021-04-08 15:58:17.968623 CEST | [multi_agent_per_av_returns_part_bits_quant_2021_04_08_15_53_34_0004] itr #3 | fitting baseline...
2021-04-08 15:58:17.970269 CEST | [multi_agent_per_av_returns_part_bits_quant_2021_04_08_15_53_34_0004] itr #3 | fitted
2021-04-08 15:58:17.974540 CEST | [multi_agent_per_av_returns_part_bits_quant_2021_04_08_15_53_34_0004] itr #3 | fitting baseline...
2021-04-08 15:58:17.976406 CEST | [multi_agent_per_av_returns_part_bits_quant_2021_04_08_15_53_34_0004] itr #3 | fitted
2021-04-08 15:58:17.980130 CEST | [multi_agent_per_av_returns_part_bits_quant_2021_04_08_15_53_34_0004] itr #3 | fitting baseline...
2021-04-08 15:58:17.981748 CEST | [multi_agent_per_av_returns_part_bits_quant_2021_04_08_15_53_34_0004] itr #3 | fitted
2021-04-08 15:58:17.985502 CEST | [multi_agent_per_av_returns_part_bits_quant_2021_04_08_15_53_34_0004] itr #3 | fitting baseline...
2021-04-08 15:58:17.986935 CEST | [multi_agent_per_av_returns_part_bits_quant_2021_04_08_15_53_34_0004] itr #3 | fitted
2021-04-08 15:58:17.991330 CEST | [multi_agent_per_av_returns_part_bits_quant_2021_04_08_15_53_34_0004] itr #3 | fitting baseline...
2021-04-08 15:58:17.993202 CEST | [multi_agent_per_av_returns_part_bits_quant_2021_04_08_15_53_34_0004] itr #3 | fitted
2021-04-08 15:58:17.997205 CEST | [multi_agent_per_av_returns_part_bits_quant_2021_04_08_15_53_34_0004] itr #3 | fitting baseline...
2021-04-08 15:58:17.998728 CEST | [multi_agent_per_av_returns_part_bits_quant_2021_04_08_15_53_34_0004] itr #3 | fitted
2021-04-08 15:58:18.127218 CEST | [multi_agent_per_av_returns_part_bits_quant_2021_04_08_15_53_34_0004] itr #3 | saving snapshot...
2021-04-08 15:58:18.130466 CEST | [multi_agent_per_av_returns_part_bits_quant_2021_04_08_15_53_34_0004] itr #3 | saved
2021-04-08 15:58:18.134982 CEST | -----------------------  --------------
2021-04-08 15:58:18.135230 CEST | Iteration                     3
2021-04-08 15:58:18.135395 CEST | AverageDiscountedReturn      57.9397
2021-04-08 15:58:18.135551 CEST | AverageReturn                60.3084
2021-04-08 15:58:18.135712 CEST | ExplainedVariance            -0.944393
2021-04-08 15:58:18.135866 CEST | NumTrajs                     58
2021-04-08 15:58:18.136017 CEST | Entropy                       1.41894
2021-04-08 15:58:18.136168 CEST | Perplexity                    4.13273
2021-04-08 15:58:18.136320 CEST | StdReturn                    43.2497
2021-04-08 15:58:18.136497 CEST | MaxReturn                   219.842
2021-04-08 15:58:18.136645 CEST | MinReturn                     9.98188
2021-04-08 15:58:18.136784 CEST | Iteration                     3
2021-04-08 15:58:18.136933 CEST | AverageDiscountedReturn      64.0844
2021-04-08 15:58:18.137077 CEST | AverageReturn                66.8836
2021-04-08 15:58:18.137224 CEST | ExplainedVariance             0.179568
2021-04-08 15:58:18.137369 CEST | NumTrajs                     52
2021-04-08 15:58:18.137514 CEST | Entropy                       1.41894
2021-04-08 15:58:18.137671 CEST | Perplexity                    4.13273
2021-04-08 15:58:18.137816 CEST | StdReturn                    44.7744
2021-04-08 15:58:18.137962 CEST | MaxReturn                   239.955
2021-04-08 15:58:18.138110 CEST | MinReturn                     9.9814
2021-04-08 15:58:18.138253 CEST | Iteration                     3
2021-04-08 15:58:18.138398 CEST | AverageDiscountedReturn      69.0925
2021-04-08 15:58:18.138546 CEST | AverageReturn                72.6138
2021-04-08 15:58:18.138737 CEST | ExplainedVariance             0.189691
2021-04-08 15:58:18.138890 CEST | NumTrajs                     49
2021-04-08 15:58:18.139037 CEST | Entropy                       1.41894
2021-04-08 15:58:18.139220 CEST | Perplexity                    4.13273
2021-04-08 15:58:18.139368 CEST | StdReturn                    53.0024
2021-04-08 15:58:18.139513 CEST | MaxReturn                   269.834
2021-04-08 15:58:18.139660 CEST | MinReturn                     9.98115
2021-04-08 15:58:18.139804 CEST | Iteration                     3
2021-04-08 15:58:18.139953 CEST | AverageDiscountedReturn      72.704
2021-04-08 15:58:18.140096 CEST | AverageReturn                76.9752
2021-04-08 15:58:18.140250 CEST | ExplainedVariance             0.137505
2021-04-08 15:58:18.140396 CEST | NumTrajs                     47
2021-04-08 15:58:18.140543 CEST | Entropy                       1.41894
2021-04-08 15:58:18.140692 CEST | Perplexity                    4.13273
2021-04-08 15:58:18.140840 CEST | StdReturn                    61.6144
2021-04-08 15:58:18.140989 CEST | MaxReturn                   209.943
2021-04-08 15:58:18.141140 CEST | MinReturn                     9.98483
2021-04-08 15:58:18.141288 CEST | Iteration                     3
2021-04-08 15:58:18.141441 CEST | AverageDiscountedReturn      53.8155
2021-04-08 15:58:18.141612 CEST | AverageReturn                55.7715
2021-04-08 15:58:18.141815 CEST | ExplainedVariance             0.227969
2021-04-08 15:58:18.141992 CEST | NumTrajs                     62
2021-04-08 15:58:18.142167 CEST | Entropy                       1.41894
2021-04-08 15:58:18.142370 CEST | Perplexity                    4.13273
