2021-04-16 10:30:36.036516 CEST | [test_discounts_2021_04_16_10_06_18_0022] Populating workers...
2021-04-16 10:30:36.036735 CEST | [test_discounts_2021_04_16_10_06_18_0022] Populated
2021-04-16 10:30:36.036842 CEST | [test_discounts_2021_04_16_10_06_18_0022] Populating workers...
2021-04-16 10:30:36.036948 CEST | [test_discounts_2021_04_16_10_06_18_0022] Populated
2021-04-16 10:30:36.037057 CEST | [test_discounts_2021_04_16_10_06_18_0022] Populating workers...
2021-04-16 10:30:36.037156 CEST | [test_discounts_2021_04_16_10_06_18_0022] Populated
2021-04-16 10:30:36.037264 CEST | [test_discounts_2021_04_16_10_06_18_0022] Populating workers...
2021-04-16 10:30:36.037363 CEST | [test_discounts_2021_04_16_10_06_18_0022] Populated
2021-04-16 10:30:36.037463 CEST | [test_discounts_2021_04_16_10_06_18_0022] Populating workers...
2021-04-16 10:30:36.037561 CEST | [test_discounts_2021_04_16_10_06_18_0022] Populated
2021-04-16 10:30:36.037658 CEST | [test_discounts_2021_04_16_10_06_18_0022] Populating workers...
2021-04-16 10:30:36.037754 CEST | [test_discounts_2021_04_16_10_06_18_0022] Populated
2021-04-16 10:30:36.037851 CEST | [test_discounts_2021_04_16_10_06_18_0022] Populating workers...
2021-04-16 10:30:36.037947 CEST | [test_discounts_2021_04_16_10_06_18_0022] Populated
2021-04-16 10:30:36.038044 CEST | [test_discounts_2021_04_16_10_06_18_0022] Populating workers...
2021-04-16 10:30:36.038140 CEST | [test_discounts_2021_04_16_10_06_18_0022] Populated
2021-04-16 10:30:36.038237 CEST | [test_discounts_2021_04_16_10_06_18_0022] Populating workers...
2021-04-16 10:30:36.038333 CEST | [test_discounts_2021_04_16_10_06_18_0022] Populated
2021-04-16 10:30:36.038429 CEST | [test_discounts_2021_04_16_10_06_18_0022] Populating workers...
2021-04-16 10:30:36.038525 CEST | [test_discounts_2021_04_16_10_06_18_0022] Populated
2021-04-16 10:30:40.177950 CEST | [test_discounts_2021_04_16_10_06_18_0022] itr #0 | fitting baseline...
2021-04-16 10:30:40.201190 CEST | [test_discounts_2021_04_16_10_06_18_0022] itr #0 | fitted
2021-04-16 10:30:40.212206 CEST | [test_discounts_2021_04_16_10_06_18_0022] itr #0 | fitting baseline...
2021-04-16 10:30:40.216086 CEST | [test_discounts_2021_04_16_10_06_18_0022] itr #0 | fitted
2021-04-16 10:30:40.221416 CEST | [test_discounts_2021_04_16_10_06_18_0022] itr #0 | fitting baseline...
2021-04-16 10:30:40.222966 CEST | [test_discounts_2021_04_16_10_06_18_0022] itr #0 | fitted
2021-04-16 10:30:40.226964 CEST | [test_discounts_2021_04_16_10_06_18_0022] itr #0 | fitting baseline...
2021-04-16 10:30:40.228573 CEST | [test_discounts_2021_04_16_10_06_18_0022] itr #0 | fitted
2021-04-16 10:30:40.232612 CEST | [test_discounts_2021_04_16_10_06_18_0022] itr #0 | fitting baseline...
2021-04-16 10:30:40.234012 CEST | [test_discounts_2021_04_16_10_06_18_0022] itr #0 | fitted
2021-04-16 10:30:40.237708 CEST | [test_discounts_2021_04_16_10_06_18_0022] itr #0 | fitting baseline...
2021-04-16 10:30:40.239140 CEST | [test_discounts_2021_04_16_10_06_18_0022] itr #0 | fitted
2021-04-16 10:30:40.243048 CEST | [test_discounts_2021_04_16_10_06_18_0022] itr #0 | fitting baseline...
2021-04-16 10:30:40.244585 CEST | [test_discounts_2021_04_16_10_06_18_0022] itr #0 | fitted
2021-04-16 10:30:40.248721 CEST | [test_discounts_2021_04_16_10_06_18_0022] itr #0 | fitting baseline...
2021-04-16 10:30:40.251148 CEST | [test_discounts_2021_04_16_10_06_18_0022] itr #0 | fitted
2021-04-16 10:30:40.255075 CEST | [test_discounts_2021_04_16_10_06_18_0022] itr #0 | fitting baseline...
2021-04-16 10:30:40.256602 CEST | [test_discounts_2021_04_16_10_06_18_0022] itr #0 | fitted
2021-04-16 10:30:40.260320 CEST | [test_discounts_2021_04_16_10_06_18_0022] itr #0 | fitting baseline...
2021-04-16 10:30:40.261764 CEST | [test_discounts_2021_04_16_10_06_18_0022] itr #0 | fitted
2021-04-16 10:30:44.718320 CEST | [test_discounts_2021_04_16_10_06_18_0022] itr #1 | fitting baseline...
2021-04-16 10:30:44.719793 CEST | [test_discounts_2021_04_16_10_06_18_0022] itr #1 | fitted
2021-04-16 10:30:44.722563 CEST | [test_discounts_2021_04_16_10_06_18_0022] itr #1 | fitting baseline...
2021-04-16 10:30:44.723739 CEST | [test_discounts_2021_04_16_10_06_18_0022] itr #1 | fitted
2021-04-16 10:30:44.726288 CEST | [test_discounts_2021_04_16_10_06_18_0022] itr #1 | fitting baseline...
2021-04-16 10:30:44.727294 CEST | [test_discounts_2021_04_16_10_06_18_0022] itr #1 | fitted
2021-04-16 10:30:44.730399 CEST | [test_discounts_2021_04_16_10_06_18_0022] itr #1 | fitting baseline...
2021-04-16 10:30:44.731622 CEST | [test_discounts_2021_04_16_10_06_18_0022] itr #1 | fitted
2021-04-16 10:30:44.734257 CEST | [test_discounts_2021_04_16_10_06_18_0022] itr #1 | fitting baseline...
2021-04-16 10:30:44.735331 CEST | [test_discounts_2021_04_16_10_06_18_0022] itr #1 | fitted
2021-04-16 10:30:44.737978 CEST | [test_discounts_2021_04_16_10_06_18_0022] itr #1 | fitting baseline...
2021-04-16 10:30:44.739095 CEST | [test_discounts_2021_04_16_10_06_18_0022] itr #1 | fitted
2021-04-16 10:30:44.742026 CEST | [test_discounts_2021_04_16_10_06_18_0022] itr #1 | fitting baseline...
2021-04-16 10:30:44.743333 CEST | [test_discounts_2021_04_16_10_06_18_0022] itr #1 | fitted
2021-04-16 10:30:44.746385 CEST | [test_discounts_2021_04_16_10_06_18_0022] itr #1 | fitting baseline...
2021-04-16 10:30:44.747594 CEST | [test_discounts_2021_04_16_10_06_18_0022] itr #1 | fitted
2021-04-16 10:30:44.750565 CEST | [test_discounts_2021_04_16_10_06_18_0022] itr #1 | fitting baseline...
2021-04-16 10:30:44.751739 CEST | [test_discounts_2021_04_16_10_06_18_0022] itr #1 | fitted
2021-04-16 10:30:44.754314 CEST | [test_discounts_2021_04_16_10_06_18_0022] itr #1 | fitting baseline...
2021-04-16 10:30:44.755463 CEST | [test_discounts_2021_04_16_10_06_18_0022] itr #1 | fitted
2021-04-16 10:30:44.783299 CEST | [test_discounts_2021_04_16_10_06_18_0022] itr #1 | saving snapshot...
2021-04-16 10:30:44.789776 CEST | [test_discounts_2021_04_16_10_06_18_0022] itr #1 | saved
2021-04-16 10:30:44.797044 CEST | -----------------------  ----------------
2021-04-16 10:30:44.797196 CEST | Iteration                     0
2021-04-16 10:30:44.797345 CEST | AverageDiscountedReturn      28.1352
2021-04-16 10:30:44.797493 CEST | AverageReturn                59.1006
2021-04-16 10:30:44.797656 CEST | ExplainedVariance             6.06848e-11
2021-04-16 10:30:44.797807 CEST | NumTrajs                     58
2021-04-16 10:30:44.797965 CEST | Entropy                       1.41894
2021-04-16 10:30:44.798115 CEST | Perplexity                    4.13273
2021-04-16 10:30:44.798277 CEST | StdReturn                    42.9903
2021-04-16 10:30:44.798429 CEST | MaxReturn                   179.96
2021-04-16 10:30:44.798592 CEST | MinReturn                     9.98063
2021-04-16 10:30:44.798747 CEST | Iteration                     0
2021-04-16 10:30:44.798895 CEST | AverageDiscountedReturn      25.1443
2021-04-16 10:30:44.799055 CEST | AverageReturn                42.4375
2021-04-16 10:30:44.799213 CEST | ExplainedVariance             0.451038
2021-04-16 10:30:44.799374 CEST | NumTrajs                     77
2021-04-16 10:30:44.799528 CEST | Entropy                       1.41894
2021-04-16 10:30:44.799684 CEST | Perplexity                    4.13273
2021-04-16 10:30:44.799839 CEST | StdReturn                    24.964
2021-04-16 10:30:44.799998 CEST | MaxReturn                    99.9551
2021-04-16 10:30:44.800173 CEST | MinReturn                     0
2021-04-16 10:30:44.800328 CEST | Iteration                     0
2021-04-16 10:30:44.800483 CEST | AverageDiscountedReturn      26.0304
2021-04-16 10:30:44.800641 CEST | AverageReturn                51.8133
2021-04-16 10:30:44.800795 CEST | ExplainedVariance            -3.6915
2021-04-16 10:30:44.800950 CEST | NumTrajs                     65
2021-04-16 10:30:44.801104 CEST | Entropy                       1.41894
2021-04-16 10:30:44.801255 CEST | Perplexity                    4.13273
2021-04-16 10:30:44.801427 CEST | StdReturn                    43.2663
2021-04-16 10:30:44.801577 CEST | MaxReturn                   219.84
2021-04-16 10:30:44.801739 CEST | MinReturn                     0
2021-04-16 10:30:44.801896 CEST | Iteration                     0
2021-04-16 10:30:44.802079 CEST | AverageDiscountedReturn      25.8445
2021-04-16 10:30:44.802263 CEST | AverageReturn                50.5747
2021-04-16 10:30:44.802418 CEST | ExplainedVariance             0.502875
2021-04-16 10:30:44.802570 CEST | NumTrajs                     66
2021-04-16 10:30:44.802720 CEST | Entropy                       1.41894
2021-04-16 10:30:44.802888 CEST | Perplexity                    4.13273
2021-04-16 10:30:44.803053 CEST | StdReturn                    44.0208
2021-04-16 10:30:44.803219 CEST | MaxReturn                   259.92
2021-04-16 10:30:44.803412 CEST | MinReturn                     9.97935
2021-04-16 10:30:44.803570 CEST | Iteration                     0
2021-04-16 10:30:44.803730 CEST | AverageDiscountedReturn      28.0349
2021-04-16 10:30:44.803889 CEST | AverageReturn                61.9258
2021-04-16 10:30:44.804110 CEST | ExplainedVariance             0.522221
2021-04-16 10:30:44.804260 CEST | NumTrajs                     56
2021-04-16 10:30:44.804416 CEST | Entropy                       1.41894
2021-04-16 10:30:44.804612 CEST | Perplexity                    4.13273
2021-04-16 10:30:44.804813 CEST | StdReturn                    53.2541
2021-04-16 10:30:44.804940 CEST | MaxReturn                   289.904
2021-04-16 10:30:44.805067 CEST | MinReturn                     0
2021-04-16 10:30:44.805194 CEST | Iteration                     0
2021-04-16 10:30:44.805317 CEST | AverageDiscountedReturn      27.4248
2021-04-16 10:30:44.805440 CEST | AverageReturn                53.7722
2021-04-16 10:30:44.805562 CEST | ExplainedVariance             0.450431
2021-04-16 10:30:44.805682 CEST | NumTrajs                     63
2021-04-16 10:30:44.805807 CEST | Entropy                       1.41894
2021-04-16 10:30:44.805927 CEST | Perplexity                    4.13273
2021-04-16 10:30:44.806051 CEST | StdReturn                    40.1992
2021-04-16 10:30:44.806178 CEST | MaxReturn                   199.938
2021-04-16 10:30:44.806300 CEST | MinReturn                     9.97983
2021-04-16 10:30:44.806440 CEST | Iteration                     0
2021-04-16 10:30:44.806566 CEST | AverageDiscountedReturn      27.4041
2021-04-16 10:30:44.806691 CEST | AverageReturn                52.9361
2021-04-16 10:30:44.806814 CEST | ExplainedVariance             0.569212
2021-04-16 10:30:44.806942 CEST | NumTrajs                     64
2021-04-16 10:30:44.807073 CEST | Entropy                       1.41894
2021-04-16 10:30:44.807200 CEST | Perplexity                    4.13273
2021-04-16 10:30:44.807325 CEST | StdReturn                    35.6841
2021-04-16 10:30:44.807451 CEST | MaxReturn                   179.964
2021-04-16 10:30:44.807572 CEST | MinReturn                     0
2021-04-16 10:30:44.807693 CEST | Iteration                     0
2021-04-16 10:30:44.807846 CEST | AverageDiscountedReturn      26.7717
2021-04-16 10:30:44.808021 CEST | AverageReturn                50.7227
2021-04-16 10:30:44.808243 CEST | ExplainedVariance             0.383907
2021-04-16 10:30:44.808419 CEST | NumTrajs                     66
2021-04-16 10:30:44.808598 CEST | Entropy                       1.41894
2021-04-16 10:30:44.808782 CEST | Perplexity                    4.13273
2021-04-16 10:30:44.808966 CEST | StdReturn                    35.464
2021-04-16 10:30:44.809102 CEST | MaxReturn                   159.966
2021-04-16 10:30:44.809276 CEST | MinReturn                     9.98079
2021-04-16 10:30:44.809429 CEST | Iteration                     0
2021-04-16 10:30:44.809576 CEST | AverageDiscountedReturn      27.5235
2021-04-16 10:30:44.809740 CEST | AverageReturn                53.2467
2021-04-16 10:30:44.809883 CEST | ExplainedVariance             0.475487
2021-04-16 10:30:44.810054 CEST | NumTrajs                     64
2021-04-16 10:30:44.810210 CEST | Entropy                       1.41894
2021-04-16 10:30:44.810363 CEST | Perplexity                    4.13273
2021-04-16 10:30:44.810518 CEST | StdReturn                    37.108
2021-04-16 10:30:44.810671 CEST | MaxReturn                   169.937
2021-04-16 10:30:44.810824 CEST | MinReturn                     9.97911
2021-04-16 10:30:44.811008 CEST | Iteration                     0
2021-04-16 10:30:44.811150 CEST | AverageDiscountedReturn      29.0743
2021-04-16 10:30:44.811308 CEST | AverageReturn                59.271
2021-04-16 10:30:44.811461 CEST | ExplainedVariance             0.350415
2021-04-16 10:30:44.811626 CEST | NumTrajs                     58
2021-04-16 10:30:44.811781 CEST | Entropy                       1.41894
2021-04-16 10:30:44.811935 CEST | Perplexity                    4.13273
2021-04-16 10:30:44.812117 CEST | StdReturn                    36.0283
2021-04-16 10:30:44.812270 CEST | MaxReturn                   189.87
2021-04-16 10:30:44.812422 CEST | MinReturn                     0
2021-04-16 10:30:44.812582 CEST | AveragePolicyStd              1
2021-04-16 10:30:44.812736 CEST | AveragePolicyStd              1
2021-04-16 10:30:44.812886 CEST | AveragePolicyStd              1
2021-04-16 10:30:44.813045 CEST | AveragePolicyStd              1
2021-04-16 10:30:44.813209 CEST | AveragePolicyStd              1
2021-04-16 10:30:44.813361 CEST | AveragePolicyStd              1
2021-04-16 10:30:44.813515 CEST | AveragePolicyStd              1
2021-04-16 10:30:44.813674 CEST | AveragePolicyStd              1
2021-04-16 10:30:44.813812 CEST | AveragePolicyStd              1
2021-04-16 10:30:44.813958 CEST | AveragePolicyStd              1
2021-04-16 10:30:44.814102 CEST | Iteration                     1
2021-04-16 10:30:44.814249 CEST | AverageDiscountedReturn      28.4433
2021-04-16 10:30:44.814404 CEST | AverageReturn                65.2232
2021-04-16 10:30:44.814555 CEST | ExplainedVariance             0.393585
2021-04-16 10:30:44.814697 CEST | NumTrajs                     55
2021-04-16 10:30:44.814859 CEST | Entropy                       1.41575
2021-04-16 10:30:44.815001 CEST | Perplexity                    4.11956
2021-04-16 10:30:44.815146 CEST | StdReturn                    48.3996
2021-04-16 10:30:44.815289 CEST | MaxReturn                   199.891
2021-04-16 10:30:44.815450 CEST | MinReturn                     0
2021-04-16 10:30:44.815601 CEST | Iteration                     1
2021-04-16 10:30:44.815750 CEST | AverageDiscountedReturn      33.2211
2021-04-16 10:30:44.815913 CEST | AverageReturn                93.0249
2021-04-16 10:30:44.816075 CEST | ExplainedVariance             0.578286
2021-04-16 10:30:44.816220 CEST | NumTrajs                     39
2021-04-16 10:30:44.816365 CEST | Entropy                       1.41575
2021-04-16 10:30:44.816510 CEST | Perplexity                    4.11956
2021-04-16 10:30:44.816654 CEST | StdReturn                    60.0711
2021-04-16 10:30:44.816818 CEST | MaxReturn                   239.928
2021-04-16 10:30:44.816974 CEST | MinReturn                     9.98606
2021-04-16 10:30:44.817109 CEST | Iteration                     1
2021-04-16 10:30:44.817270 CEST | AverageDiscountedReturn      33.293
2021-04-16 10:30:44.817406 CEST | AverageReturn               105.368
2021-04-16 10:30:44.817562 CEST | ExplainedVariance           -41.5946
2021-04-16 10:30:44.817717 CEST | NumTrajs                     35
2021-04-16 10:30:44.817869 CEST | Entropy                       1.41575
2021-04-16 10:30:44.818021 CEST | Perplexity                    4.11956
2021-04-16 10:30:44.818169 CEST | StdReturn                    92.9778
2021-04-16 10:30:44.818325 CEST | MaxReturn                   539.705
2021-04-16 10:30:44.818486 CEST | MinReturn                     0
2021-04-16 10:30:44.818639 CEST | Iteration                     1
2021-04-16 10:30:44.818797 CEST | AverageDiscountedReturn      29.6111
2021-04-16 10:30:44.818951 CEST | AverageReturn                72.8063
2021-04-16 10:30:44.819104 CEST | ExplainedVariance             0.516104
2021-04-16 10:30:44.819256 CEST | NumTrajs                     49
2021-04-16 10:30:44.819403 CEST | Entropy                       1.41575
2021-04-16 10:30:44.819556 CEST | Perplexity                    4.11956
2021-04-16 10:30:44.819708 CEST | StdReturn                    53.7373
2021-04-16 10:30:44.819862 CEST | MaxReturn                   219.968
2021-04-16 10:30:44.820030 CEST | MinReturn                     0
2021-04-16 10:30:44.820195 CEST | Iteration                     1
2021-04-16 10:30:44.820349 CEST | AverageDiscountedReturn      32.1201
2021-04-16 10:30:44.820496 CEST | AverageReturn                95.4371
2021-04-16 10:30:44.820644 CEST | ExplainedVariance             0.105
2021-04-16 10:30:44.820792 CEST | NumTrajs                     40
2021-04-16 10:30:44.820957 CEST | Entropy                       1.41575
2021-04-16 10:30:44.821107 CEST | Perplexity                    4.11956
2021-04-16 10:30:44.821258 CEST | StdReturn                    73.6544
2021-04-16 10:30:44.821412 CEST | MaxReturn                   309.943
2021-04-16 10:30:44.821625 CEST | MinReturn                     9.98407
2021-04-16 10:30:44.821806 CEST | Iteration                     1
2021-04-16 10:30:44.821963 CEST | AverageDiscountedReturn      32.858
2021-04-16 10:30:44.822115 CEST | AverageReturn                89.9421
2021-04-16 10:30:44.822268 CEST | ExplainedVariance             0.340536
2021-04-16 10:30:44.822425 CEST | NumTrajs                     40
2021-04-16 10:30:44.822581 CEST | Entropy                       1.41575
2021-04-16 10:30:44.822731 CEST | Perplexity                    4.11956
2021-04-16 10:30:44.822882 CEST | StdReturn                    56.0107
2021-04-16 10:30:44.823035 CEST | MaxReturn                   259.901
2021-04-16 10:30:44.823188 CEST | MinReturn                     9.98353
2021-04-16 10:30:44.823341 CEST | Iteration                     1
2021-04-16 10:30:44.823501 CEST | AverageDiscountedReturn      31.3224
2021-04-16 10:30:44.823650 CEST | AverageReturn                92.0922
2021-04-16 10:30:44.823802 CEST | ExplainedVariance             0.153468
2021-04-16 10:30:44.823954 CEST | NumTrajs                     42
2021-04-16 10:30:44.824128 CEST | Entropy                       1.41575
2021-04-16 10:30:44.824263 CEST | Perplexity                    4.11956
2021-04-16 10:30:44.824411 CEST | StdReturn                    81.4728
2021-04-16 10:30:44.824579 CEST | MaxReturn                   379.9
2021-04-16 10:30:44.824728 CEST | MinReturn                     9.98479
2021-04-16 10:30:44.824879 CEST | Iteration                     1
2021-04-16 10:30:44.825036 CEST | AverageDiscountedReturn      31.4643
2021-04-16 10:30:44.825192 CEST | AverageReturn                85.8983
2021-04-16 10:30:44.825341 CEST | ExplainedVariance             0.463818
2021-04-16 10:30:44.825494 CEST | NumTrajs                     42
2021-04-16 10:30:44.825643 CEST | Entropy                       1.41575
2021-04-16 10:30:44.825794 CEST | Perplexity                    4.11956
2021-04-16 10:30:44.825944 CEST | StdReturn                    64.6651
2021-04-16 10:30:44.826090 CEST | MaxReturn                   329.754
2021-04-16 10:30:44.826244 CEST | MinReturn                     9.97918
2021-04-16 10:30:44.826394 CEST | Iteration                     1
2021-04-16 10:30:44.826542 CEST | AverageDiscountedReturn      32.5933
2021-04-16 10:30:44.826693 CEST | AverageReturn                79.4945
2021-04-16 10:30:44.826845 CEST | ExplainedVariance             0.37489
2021-04-16 10:30:44.826991 CEST | NumTrajs                     45
2021-04-16 10:30:44.827140 CEST | Entropy                       1.41575
2021-04-16 10:30:44.827291 CEST | Perplexity                    4.11956
2021-04-16 10:30:44.827440 CEST | StdReturn                    43.6871
2021-04-16 10:30:44.827590 CEST | MaxReturn                   199.837
2021-04-16 10:30:44.827741 CEST | MinReturn                     9.98369
2021-04-16 10:30:44.827890 CEST | Iteration                     1
2021-04-16 10:30:44.828062 CEST | AverageDiscountedReturn      32.2211
2021-04-16 10:30:44.828208 CEST | AverageReturn                95.7292
2021-04-16 10:30:44.828357 CEST | ExplainedVariance             0.388555
2021-04-16 10:30:44.828509 CEST | NumTrajs                     38
2021-04-16 10:30:44.828654 CEST | Entropy                       1.41575
2021-04-16 10:30:44.828805 CEST | Perplexity                    4.11956
2021-04-16 10:30:44.828968 CEST | StdReturn                    73.9106
2021-04-16 10:30:44.829110 CEST | MaxReturn                   299.903
2021-04-16 10:30:44.829258 CEST | MinReturn                     9.9817
2021-04-16 10:30:44.829411 CEST | AveragePolicyStd              0.996813
2021-04-16 10:30:44.829560 CEST | AveragePolicyStd              0.996813
2021-04-16 10:30:44.829712 CEST | AveragePolicyStd              0.996813
2021-04-16 10:30:44.829865 CEST | AveragePolicyStd              0.996813
2021-04-16 10:30:44.830013 CEST | AveragePolicyStd              0.996813
2021-04-16 10:30:44.830164 CEST | AveragePolicyStd              0.996813
2021-04-16 10:30:44.830317 CEST | AveragePolicyStd              0.996813
2021-04-16 10:30:44.830475 CEST | AveragePolicyStd              0.996813
2021-04-16 10:30:44.830623 CEST | AveragePolicyStd              0.996813
2021-04-16 10:30:44.830774 CEST | AveragePolicyStd              0.996813
2021-04-16 10:30:44.830931 CEST | TransfBits               100960
2021-04-16 10:30:44.831075 CEST | TotalAverageReturn           31.5376
2021-04-16 10:30:44.831229 CEST | -----------------------  ----------------
2021-04-16 10:30:46.169911 CEST | [test_discounts_2021_04_16_10_06_18_0022] itr #2 | fitting baseline...
2021-04-16 10:30:46.171062 CEST | [test_discounts_2021_04_16_10_06_18_0022] itr #2 | fitted
2021-04-16 10:30:46.173638 CEST | [test_discounts_2021_04_16_10_06_18_0022] itr #2 | fitting baseline...
2021-04-16 10:30:46.174714 CEST | [test_discounts_2021_04_16_10_06_18_0022] itr #2 | fitted
2021-04-16 10:30:46.177057 CEST | [test_discounts_2021_04_16_10_06_18_0022] itr #2 | fitting baseline...
2021-04-16 10:30:46.178162 CEST | [test_discounts_2021_04_16_10_06_18_0022] itr #2 | fitted
2021-04-16 10:30:46.180814 CEST | [test_discounts_2021_04_16_10_06_18_0022] itr #2 | fitting baseline...
2021-04-16 10:30:46.181889 CEST | [test_discounts_2021_04_16_10_06_18_0022] itr #2 | fitted
2021-04-16 10:30:46.184448 CEST | [test_discounts_2021_04_16_10_06_18_0022] itr #2 | fitting baseline...
2021-04-16 10:30:46.185473 CEST | [test_discounts_2021_04_16_10_06_18_0022] itr #2 | fitted
2021-04-16 10:30:46.187851 CEST | [test_discounts_2021_04_16_10_06_18_0022] itr #2 | fitting baseline...
2021-04-16 10:30:46.188882 CEST | [test_discounts_2021_04_16_10_06_18_0022] itr #2 | fitted
2021-04-16 10:30:46.191185 CEST | [test_discounts_2021_04_16_10_06_18_0022] itr #2 | fitting baseline...
2021-04-16 10:30:46.192155 CEST | [test_discounts_2021_04_16_10_06_18_0022] itr #2 | fitted
2021-04-16 10:30:46.194429 CEST | [test_discounts_2021_04_16_10_06_18_0022] itr #2 | fitting baseline...
2021-04-16 10:30:46.195365 CEST | [test_discounts_2021_04_16_10_06_18_0022] itr #2 | fitted
2021-04-16 10:30:46.197718 CEST | [test_discounts_2021_04_16_10_06_18_0022] itr #2 | fitting baseline...
2021-04-16 10:30:46.198680 CEST | [test_discounts_2021_04_16_10_06_18_0022] itr #2 | fitted
2021-04-16 10:30:46.200867 CEST | [test_discounts_2021_04_16_10_06_18_0022] itr #2 | fitting baseline...
2021-04-16 10:30:46.201767 CEST | [test_discounts_2021_04_16_10_06_18_0022] itr #2 | fitted
2021-04-16 10:30:46.230371 CEST | [test_discounts_2021_04_16_10_06_18_0022] itr #2 | saving snapshot...
2021-04-16 10:30:46.235781 CEST | [test_discounts_2021_04_16_10_06_18_0022] itr #2 | saved
2021-04-16 10:30:46.239390 CEST | -----------------------  -------------
2021-04-16 10:30:46.239549 CEST | Iteration                     2
2021-04-16 10:30:46.239668 CEST | AverageDiscountedReturn      31.9325
2021-04-16 10:30:46.239784 CEST | AverageReturn                95.1896
2021-04-16 10:30:46.239898 CEST | ExplainedVariance             0.533635
2021-04-16 10:30:46.240014 CEST | NumTrajs                     38
2021-04-16 10:30:46.240191 CEST | Entropy                       1.40693
2021-04-16 10:30:46.240337 CEST | Perplexity                    4.08341
2021-04-16 10:30:46.240479 CEST | StdReturn                    75.7
2021-04-16 10:30:46.240618 CEST | MaxReturn                   359.865
2021-04-16 10:30:46.240770 CEST | MinReturn                    19.9624
2021-04-16 10:30:46.240938 CEST | Iteration                     2
2021-04-16 10:30:46.241085 CEST | AverageDiscountedReturn      32.5175
2021-04-16 10:30:46.241227 CEST | AverageReturn                98.3124
2021-04-16 10:30:46.241375 CEST | ExplainedVariance             0.535794
2021-04-16 10:30:46.241513 CEST | NumTrajs                     37
2021-04-16 10:30:46.241652 CEST | Entropy                       1.40693
2021-04-16 10:30:46.241805 CEST | Perplexity                    4.08341
2021-04-16 10:30:46.241954 CEST | StdReturn                    73.413
2021-04-16 10:30:46.242102 CEST | MaxReturn                   329.886
2021-04-16 10:30:46.242260 CEST | MinReturn                     9.98182
2021-04-16 10:30:46.242411 CEST | Iteration                     2
2021-04-16 10:30:46.242561 CEST | AverageDiscountedReturn      35.8551
2021-04-16 10:30:46.242711 CEST | AverageReturn               122.178
2021-04-16 10:30:46.242897 CEST | ExplainedVariance             0.504735
2021-04-16 10:30:46.243028 CEST | NumTrajs                     31
2021-04-16 10:30:46.243183 CEST | Entropy                       1.40693
2021-04-16 10:30:46.243330 CEST | Perplexity                    4.08341
2021-04-16 10:30:46.243474 CEST | StdReturn                    70.4047
2021-04-16 10:30:46.243639 CEST | MaxReturn                   289.931
2021-04-16 10:30:46.243802 CEST | MinReturn                    19.9752
2021-04-16 10:30:46.243951 CEST | Iteration                     2
2021-04-16 10:30:46.244138 CEST | AverageDiscountedReturn      32.446
2021-04-16 10:30:46.244275 CEST | AverageReturn               108.76
2021-04-16 10:30:46.244417 CEST | ExplainedVariance             0.464517
2021-04-16 10:30:46.244558 CEST | NumTrajs                     34
2021-04-16 10:30:46.244702 CEST | Entropy                       1.40693
2021-04-16 10:30:46.244844 CEST | Perplexity                    4.08341
2021-04-16 10:30:46.244993 CEST | StdReturn                    87.2162
2021-04-16 10:30:46.245144 CEST | MaxReturn                   419.884
2021-04-16 10:30:46.245293 CEST | MinReturn                     9.98151
2021-04-16 10:30:46.245440 CEST | Iteration                     2
2021-04-16 10:30:46.245601 CEST | AverageDiscountedReturn      34.6545
2021-04-16 10:30:46.245745 CEST | AverageReturn               108.251
2021-04-16 10:30:46.245897 CEST | ExplainedVariance             0.414209
2021-04-16 10:30:46.246046 CEST | NumTrajs                     36
2021-04-16 10:30:46.246191 CEST | Entropy                       1.40693
2021-04-16 10:30:46.246337 CEST | Perplexity                    4.08341
2021-04-16 10:30:46.246484 CEST | StdReturn                    72.5288
2021-04-16 10:30:46.246634 CEST | MaxReturn                   299.939
2021-04-16 10:30:46.246781 CEST | MinReturn                    19.9781
2021-04-16 10:30:46.246938 CEST | Iteration                     2
2021-04-16 10:30:46.247080 CEST | AverageDiscountedReturn      32.3206
2021-04-16 10:30:46.247231 CEST | AverageReturn               113.265
2021-04-16 10:30:46.247378 CEST | ExplainedVariance             0.516319
2021-04-16 10:30:46.247536 CEST | NumTrajs                     33
2021-04-16 10:30:46.247684 CEST | Entropy                       1.40693
2021-04-16 10:30:46.247836 CEST | Perplexity                    4.08341
2021-04-16 10:30:46.247985 CEST | StdReturn                    90.619
2021-04-16 10:30:46.248151 CEST | MaxReturn                   359.865
2021-04-16 10:30:46.248288 CEST | MinReturn                     9.98257
2021-04-16 10:30:46.248433 CEST | Iteration                     2
2021-04-16 10:30:46.248570 CEST | AverageDiscountedReturn      33.6779
2021-04-16 10:30:46.248724 CEST | AverageReturn               117.111
2021-04-16 10:30:46.248866 CEST | ExplainedVariance             0.437686
2021-04-16 10:30:46.249018 CEST | NumTrajs                     32
2021-04-16 10:30:46.249163 CEST | Entropy                       1.40693
2021-04-16 10:30:46.249317 CEST | Perplexity                    4.08341
2021-04-16 10:30:46.249463 CEST | StdReturn                    83.4601
2021-04-16 10:30:46.249636 CEST | MaxReturn                   319.933
2021-04-16 10:30:46.249773 CEST | MinReturn                     9.98267
2021-04-16 10:30:46.249919 CEST | Iteration                     2
2021-04-16 10:30:46.250071 CEST | AverageDiscountedReturn      35.7849
2021-04-16 10:30:46.250218 CEST | AverageReturn               122.414
2021-04-16 10:30:46.250366 CEST | ExplainedVariance             0.595962
2021-04-16 10:30:46.250515 CEST | NumTrajs                     32
2021-04-16 10:30:46.250661 CEST | Entropy                       1.40693
2021-04-16 10:30:46.250814 CEST | Perplexity                    4.08341
2021-04-16 10:30:46.250960 CEST | StdReturn                    67.6169
2021-04-16 10:30:46.251106 CEST | MaxReturn                   289.925
2021-04-16 10:30:46.251263 CEST | MinReturn                    19.9627
2021-04-16 10:30:46.251413 CEST | Iteration                     2
2021-04-16 10:30:46.251557 CEST | AverageDiscountedReturn      34.9583
2021-04-16 10:30:46.251708 CEST | AverageReturn               112.351
2021-04-16 10:30:46.251853 CEST | ExplainedVariance             0.612731
2021-04-16 10:30:46.252001 CEST | NumTrajs                     33
2021-04-16 10:30:46.252158 CEST | Entropy                       1.40693
2021-04-16 10:30:46.252305 CEST | Perplexity                    4.08341
2021-04-16 10:30:46.252443 CEST | StdReturn                    68.2464
2021-04-16 10:30:46.252583 CEST | MaxReturn                   289.893
2021-04-16 10:30:46.252727 CEST | MinReturn                     9.9819
2021-04-16 10:30:46.252878 CEST | Iteration                     2
2021-04-16 10:30:46.253016 CEST | AverageDiscountedReturn      33.347
2021-04-16 10:30:46.253169 CEST | AverageReturn               125.928
2021-04-16 10:30:46.253318 CEST | ExplainedVariance            -0.998509
2021-04-16 10:30:46.253485 CEST | NumTrajs                     30
2021-04-16 10:30:46.253635 CEST | Entropy                       1.40693
2021-04-16 10:30:46.253785 CEST | Perplexity                    4.08341
2021-04-16 10:30:46.253938 CEST | StdReturn                   118.958
2021-04-16 10:30:46.254094 CEST | MaxReturn                   549.88
2021-04-16 10:30:46.254246 CEST | MinReturn                     0
2021-04-16 10:30:46.254393 CEST | AveragePolicyStd              0.988066
2021-04-16 10:30:46.254539 CEST | AveragePolicyStd              0.988066
2021-04-16 10:30:46.254690 CEST | AveragePolicyStd              0.988066
2021-04-16 10:30:46.254837 CEST | AveragePolicyStd              0.988066
2021-04-16 10:30:46.254987 CEST | AveragePolicyStd              0.988066
2021-04-16 10:30:46.255138 CEST | AveragePolicyStd              0.988066
2021-04-16 10:30:46.255282 CEST | AveragePolicyStd              0.988066
2021-04-16 10:30:46.255428 CEST | AveragePolicyStd              0.988066
2021-04-16 10:30:46.255577 CEST | AveragePolicyStd              0.988066
2021-04-16 10:30:46.255729 CEST | AveragePolicyStd              0.988066
2021-04-16 10:30:46.255880 CEST | TransfBits               201920
2021-04-16 10:30:46.256028 CEST | TotalAverageReturn           33.6971
2021-04-16 10:30:46.256212 CEST | -----------------------  -------------
2021-04-16 10:30:47.605920 CEST | [test_discounts_2021_04_16_10_06_18_0022] itr #3 | fitting baseline...
2021-04-16 10:30:47.606928 CEST | [test_discounts_2021_04_16_10_06_18_0022] itr #3 | fitted
2021-04-16 10:30:47.609149 CEST | [test_discounts_2021_04_16_10_06_18_0022] itr #3 | fitting baseline...
2021-04-16 10:30:47.610072 CEST | [test_discounts_2021_04_16_10_06_18_0022] itr #3 | fitted
2021-04-16 10:30:47.612294 CEST | [test_discounts_2021_04_16_10_06_18_0022] itr #3 | fitting baseline...
2021-04-16 10:30:47.613640 CEST | [test_discounts_2021_04_16_10_06_18_0022] itr #3 | fitted
2021-04-16 10:30:47.616204 CEST | [test_discounts_2021_04_16_10_06_18_0022] itr #3 | fitting baseline...
2021-04-16 10:30:47.617223 CEST | [test_discounts_2021_04_16_10_06_18_0022] itr #3 | fitted
2021-04-16 10:30:47.619495 CEST | [test_discounts_2021_04_16_10_06_18_0022] itr #3 | fitting baseline...
2021-04-16 10:30:47.620539 CEST | [test_discounts_2021_04_16_10_06_18_0022] itr #3 | fitted
2021-04-16 10:30:47.622840 CEST | [test_discounts_2021_04_16_10_06_18_0022] itr #3 | fitting baseline...
2021-04-16 10:30:47.623909 CEST | [test_discounts_2021_04_16_10_06_18_0022] itr #3 | fitted
2021-04-16 10:30:47.626164 CEST | [test_discounts_2021_04_16_10_06_18_0022] itr #3 | fitting baseline...
2021-04-16 10:30:47.627043 CEST | [test_discounts_2021_04_16_10_06_18_0022] itr #3 | fitted
2021-04-16 10:30:47.628690 CEST | [test_discounts_2021_04_16_10_06_18_0022] itr #3 | fitting baseline...
2021-04-16 10:30:47.629412 CEST | [test_discounts_2021_04_16_10_06_18_0022] itr #3 | fitted
2021-04-16 10:30:47.631792 CEST | [test_discounts_2021_04_16_10_06_18_0022] itr #3 | fitting baseline...
2021-04-16 10:30:47.632824 CEST | [test_discounts_2021_04_16_10_06_18_0022] itr #3 | fitted
2021-04-16 10:30:47.634671 CEST | [test_discounts_2021_04_16_10_06_18_0022] itr #3 | fitting baseline...
2021-04-16 10:30:47.635472 CEST | [test_discounts_2021_04_16_10_06_18_0022] itr #3 | fitted
2021-04-16 10:30:47.668656 CEST | [test_discounts_2021_04_16_10_06_18_0022] itr #3 | saving snapshot...
2021-04-16 10:30:47.674598 CEST | [test_discounts_2021_04_16_10_06_18_0022] itr #3 | saved
2021-04-16 10:30:47.678672 CEST | -----------------------  -------------
2021-04-16 10:30:47.678943 CEST | Iteration                     3
2021-04-16 10:30:47.679081 CEST | AverageDiscountedReturn      34.8414
2021-04-16 10:30:47.679206 CEST | AverageReturn               134.056
2021-04-16 10:30:47.679333 CEST | ExplainedVariance             0.620756
2021-04-16 10:30:47.679456 CEST | NumTrajs                     29
2021-04-16 10:30:47.679580 CEST | Entropy                       1.39738
2021-04-16 10:30:47.679703 CEST | Perplexity                    4.04458
2021-04-16 10:30:47.679823 CEST | StdReturn                    90.3532
2021-04-16 10:30:47.679942 CEST | MaxReturn                   349.782
2021-04-16 10:30:47.680086 CEST | MinReturn                    19.9675
2021-04-16 10:30:47.680215 CEST | Iteration                     3
2021-04-16 10:30:47.680336 CEST | AverageDiscountedReturn      32.9396
2021-04-16 10:30:47.680466 CEST | AverageReturn               134.392
2021-04-16 10:30:47.680598 CEST | ExplainedVariance             0.476105
2021-04-16 10:30:47.680723 CEST | NumTrajs                     29
2021-04-16 10:30:47.680846 CEST | Entropy                       1.39738
2021-04-16 10:30:47.680967 CEST | Perplexity                    4.04458
2021-04-16 10:30:47.681084 CEST | StdReturn                   100.5
2021-04-16 10:30:47.681200 CEST | MaxReturn                   419.838
2021-04-16 10:30:47.681323 CEST | MinReturn                     0
2021-04-16 10:30:47.681441 CEST | Iteration                     3
2021-04-16 10:30:47.681560 CEST | AverageDiscountedReturn      34.4057
2021-04-16 10:30:47.681707 CEST | AverageReturn               129.246
2021-04-16 10:30:47.681823 CEST | ExplainedVariance             0.543224
2021-04-16 10:30:47.681941 CEST | NumTrajs                     30
2021-04-16 10:30:47.682058 CEST | Entropy                       1.39738
2021-04-16 10:30:47.682176 CEST | Perplexity                    4.04458
2021-04-16 10:30:47.682299 CEST | StdReturn                   107.514
2021-04-16 10:30:47.682419 CEST | MaxReturn                   469.81
2021-04-16 10:30:47.682541 CEST | MinReturn                     0
2021-04-16 10:30:47.682658 CEST | Iteration                     3
2021-04-16 10:30:47.682781 CEST | AverageDiscountedReturn      36.2735
2021-04-16 10:30:47.682897 CEST | AverageReturn               145.288
2021-04-16 10:30:47.683016 CEST | ExplainedVariance             0.651457
2021-04-16 10:30:47.683135 CEST | NumTrajs                     26
2021-04-16 10:30:47.683252 CEST | Entropy                       1.39738
2021-04-16 10:30:47.683370 CEST | Perplexity                    4.04458
2021-04-16 10:30:47.683495 CEST | StdReturn                    97.9621
2021-04-16 10:30:47.683622 CEST | MaxReturn                   409.835
2021-04-16 10:30:47.683740 CEST | MinReturn                    19.9759
2021-04-16 10:30:47.683869 CEST | Iteration                     3
2021-04-16 10:30:47.683989 CEST | AverageDiscountedReturn      33.1975
2021-04-16 10:30:47.684124 CEST | AverageReturn               121.857
2021-04-16 10:30:47.684241 CEST | ExplainedVariance             0.54184
2021-04-16 10:30:47.684360 CEST | NumTrajs                     31
2021-04-16 10:30:47.684485 CEST | Entropy                       1.39738
2021-04-16 10:30:47.684604 CEST | Perplexity                    4.04458
2021-04-16 10:30:47.684722 CEST | StdReturn                    90.2921
2021-04-16 10:30:47.684839 CEST | MaxReturn                   299.911
2021-04-16 10:30:47.684966 CEST | MinReturn                     9.97936
2021-04-16 10:30:47.685084 CEST | Iteration                     3
2021-04-16 10:30:47.685204 CEST | AverageDiscountedReturn      34.8498
2021-04-16 10:30:47.685322 CEST | AverageReturn               115.54
2021-04-16 10:30:47.685456 CEST | ExplainedVariance             0.5479
2021-04-16 10:30:47.685577 CEST | NumTrajs                     32
2021-04-16 10:30:47.685703 CEST | Entropy                       1.39738
2021-04-16 10:30:47.685821 CEST | Perplexity                    4.04458
2021-04-16 10:30:47.685940 CEST | StdReturn                    73.325
2021-04-16 10:30:47.686066 CEST | MaxReturn                   329.854
2021-04-16 10:30:47.686187 CEST | MinReturn                     9.98621
2021-04-16 10:30:47.686308 CEST | Iteration                     3
2021-04-16 10:30:47.686428 CEST | AverageDiscountedReturn      37.0241
2021-04-16 10:30:47.686550 CEST | AverageReturn               144.9
2021-04-16 10:30:47.686676 CEST | ExplainedVariance             0.559442
2021-04-16 10:30:47.686823 CEST | NumTrajs                     26
2021-04-16 10:30:47.686946 CEST | Entropy                       1.39738
2021-04-16 10:30:47.687067 CEST | Perplexity                    4.04458
2021-04-16 10:30:47.687193 CEST | StdReturn                    68.3274
2021-04-16 10:30:47.687316 CEST | MaxReturn                   299.923
2021-04-16 10:30:47.687432 CEST | MinReturn                    19.9697
2021-04-16 10:30:47.687553 CEST | Iteration                     3
2021-04-16 10:30:47.687671 CEST | AverageDiscountedReturn      38.8346
2021-04-16 10:30:47.687790 CEST | AverageReturn               200.94
2021-04-16 10:30:47.687909 CEST | ExplainedVariance            -1.54851
2021-04-16 10:30:47.688090 CEST | NumTrajs                     19
2021-04-16 10:30:47.688264 CEST | Entropy                       1.39738
2021-04-16 10:30:47.688443 CEST | Perplexity                    4.04458
2021-04-16 10:30:47.688617 CEST | StdReturn                    99.1843
2021-04-16 10:30:47.688792 CEST | MaxReturn                   429.869
2021-04-16 10:30:47.688970 CEST | MinReturn                    39.9323
2021-04-16 10:30:47.689151 CEST | Iteration                     3
2021-04-16 10:30:47.689299 CEST | AverageDiscountedReturn      31.0728
2021-04-16 10:30:47.689433 CEST | AverageReturn               112.488
2021-04-16 10:30:47.689598 CEST | ExplainedVariance             0.419887
