2021-04-08 12:16:44.539779 CEST | [multi_agent_per_av_part_bits_rep_2021_04_08_11_46_28_0020] Populating workers...
2021-04-08 12:16:44.540077 CEST | [multi_agent_per_av_part_bits_rep_2021_04_08_11_46_28_0020] Populated
2021-04-08 12:16:44.540272 CEST | [multi_agent_per_av_part_bits_rep_2021_04_08_11_46_28_0020] Populating workers...
2021-04-08 12:16:44.540420 CEST | [multi_agent_per_av_part_bits_rep_2021_04_08_11_46_28_0020] Populated
2021-04-08 12:16:44.540564 CEST | [multi_agent_per_av_part_bits_rep_2021_04_08_11_46_28_0020] Populating workers...
2021-04-08 12:16:44.540703 CEST | [multi_agent_per_av_part_bits_rep_2021_04_08_11_46_28_0020] Populated
2021-04-08 12:16:44.540843 CEST | [multi_agent_per_av_part_bits_rep_2021_04_08_11_46_28_0020] Populating workers...
2021-04-08 12:16:44.540970 CEST | [multi_agent_per_av_part_bits_rep_2021_04_08_11_46_28_0020] Populated
2021-04-08 12:16:44.541076 CEST | [multi_agent_per_av_part_bits_rep_2021_04_08_11_46_28_0020] Populating workers...
2021-04-08 12:16:44.541184 CEST | [multi_agent_per_av_part_bits_rep_2021_04_08_11_46_28_0020] Populated
2021-04-08 12:16:44.541291 CEST | [multi_agent_per_av_part_bits_rep_2021_04_08_11_46_28_0020] Populating workers...
2021-04-08 12:16:44.541398 CEST | [multi_agent_per_av_part_bits_rep_2021_04_08_11_46_28_0020] Populated
2021-04-08 12:16:44.541506 CEST | [multi_agent_per_av_part_bits_rep_2021_04_08_11_46_28_0020] Populating workers...
2021-04-08 12:16:44.541611 CEST | [multi_agent_per_av_part_bits_rep_2021_04_08_11_46_28_0020] Populated
2021-04-08 12:16:44.541719 CEST | [multi_agent_per_av_part_bits_rep_2021_04_08_11_46_28_0020] Populating workers...
2021-04-08 12:16:44.541825 CEST | [multi_agent_per_av_part_bits_rep_2021_04_08_11_46_28_0020] Populated
2021-04-08 12:16:44.541932 CEST | [multi_agent_per_av_part_bits_rep_2021_04_08_11_46_28_0020] Populating workers...
2021-04-08 12:16:44.542037 CEST | [multi_agent_per_av_part_bits_rep_2021_04_08_11_46_28_0020] Populated
2021-04-08 12:16:44.542143 CEST | [multi_agent_per_av_part_bits_rep_2021_04_08_11_46_28_0020] Populating workers...
2021-04-08 12:16:44.542249 CEST | [multi_agent_per_av_part_bits_rep_2021_04_08_11_46_28_0020] Populated
2021-04-08 12:16:48.869475 CEST | [multi_agent_per_av_part_bits_rep_2021_04_08_11_46_28_0020] itr #0 | fitting baseline...
2021-04-08 12:16:48.892134 CEST | [multi_agent_per_av_part_bits_rep_2021_04_08_11_46_28_0020] itr #0 | fitted
2021-04-08 12:16:48.903751 CEST | [multi_agent_per_av_part_bits_rep_2021_04_08_11_46_28_0020] itr #0 | fitting baseline...
2021-04-08 12:16:48.905679 CEST | [multi_agent_per_av_part_bits_rep_2021_04_08_11_46_28_0020] itr #0 | fitted
2021-04-08 12:16:48.909103 CEST | [multi_agent_per_av_part_bits_rep_2021_04_08_11_46_28_0020] itr #0 | fitting baseline...
2021-04-08 12:16:48.910452 CEST | [multi_agent_per_av_part_bits_rep_2021_04_08_11_46_28_0020] itr #0 | fitted
2021-04-08 12:16:48.913476 CEST | [multi_agent_per_av_part_bits_rep_2021_04_08_11_46_28_0020] itr #0 | fitting baseline...
2021-04-08 12:16:48.914692 CEST | [multi_agent_per_av_part_bits_rep_2021_04_08_11_46_28_0020] itr #0 | fitted
2021-04-08 12:16:48.918467 CEST | [multi_agent_per_av_part_bits_rep_2021_04_08_11_46_28_0020] itr #0 | fitting baseline...
2021-04-08 12:16:48.920503 CEST | [multi_agent_per_av_part_bits_rep_2021_04_08_11_46_28_0020] itr #0 | fitted
2021-04-08 12:16:48.924193 CEST | [multi_agent_per_av_part_bits_rep_2021_04_08_11_46_28_0020] itr #0 | fitting baseline...
2021-04-08 12:16:48.925549 CEST | [multi_agent_per_av_part_bits_rep_2021_04_08_11_46_28_0020] itr #0 | fitted
2021-04-08 12:16:48.928750 CEST | [multi_agent_per_av_part_bits_rep_2021_04_08_11_46_28_0020] itr #0 | fitting baseline...
2021-04-08 12:16:48.930116 CEST | [multi_agent_per_av_part_bits_rep_2021_04_08_11_46_28_0020] itr #0 | fitted
2021-04-08 12:16:48.933133 CEST | [multi_agent_per_av_part_bits_rep_2021_04_08_11_46_28_0020] itr #0 | fitting baseline...
2021-04-08 12:16:48.934433 CEST | [multi_agent_per_av_part_bits_rep_2021_04_08_11_46_28_0020] itr #0 | fitted
2021-04-08 12:16:48.937444 CEST | [multi_agent_per_av_part_bits_rep_2021_04_08_11_46_28_0020] itr #0 | fitting baseline...
2021-04-08 12:16:48.938722 CEST | [multi_agent_per_av_part_bits_rep_2021_04_08_11_46_28_0020] itr #0 | fitted
2021-04-08 12:16:48.942229 CEST | [multi_agent_per_av_part_bits_rep_2021_04_08_11_46_28_0020] itr #0 | fitting baseline...
2021-04-08 12:16:48.943680 CEST | [multi_agent_per_av_part_bits_rep_2021_04_08_11_46_28_0020] itr #0 | fitted
2021-04-08 12:16:53.654982 CEST | [multi_agent_per_av_part_bits_rep_2021_04_08_11_46_28_0020] itr #1 | fitting baseline...
2021-04-08 12:16:53.656482 CEST | [multi_agent_per_av_part_bits_rep_2021_04_08_11_46_28_0020] itr #1 | fitted
2021-04-08 12:16:53.659988 CEST | [multi_agent_per_av_part_bits_rep_2021_04_08_11_46_28_0020] itr #1 | fitting baseline...
2021-04-08 12:16:53.661329 CEST | [multi_agent_per_av_part_bits_rep_2021_04_08_11_46_28_0020] itr #1 | fitted
2021-04-08 12:16:53.664201 CEST | [multi_agent_per_av_part_bits_rep_2021_04_08_11_46_28_0020] itr #1 | fitting baseline...
2021-04-08 12:16:53.665427 CEST | [multi_agent_per_av_part_bits_rep_2021_04_08_11_46_28_0020] itr #1 | fitted
2021-04-08 12:16:53.668114 CEST | [multi_agent_per_av_part_bits_rep_2021_04_08_11_46_28_0020] itr #1 | fitting baseline...
2021-04-08 12:16:53.669217 CEST | [multi_agent_per_av_part_bits_rep_2021_04_08_11_46_28_0020] itr #1 | fitted
2021-04-08 12:16:53.672296 CEST | [multi_agent_per_av_part_bits_rep_2021_04_08_11_46_28_0020] itr #1 | fitting baseline...
2021-04-08 12:16:53.673723 CEST | [multi_agent_per_av_part_bits_rep_2021_04_08_11_46_28_0020] itr #1 | fitted
2021-04-08 12:16:53.677316 CEST | [multi_agent_per_av_part_bits_rep_2021_04_08_11_46_28_0020] itr #1 | fitting baseline...
2021-04-08 12:16:53.678611 CEST | [multi_agent_per_av_part_bits_rep_2021_04_08_11_46_28_0020] itr #1 | fitted
2021-04-08 12:16:53.681703 CEST | [multi_agent_per_av_part_bits_rep_2021_04_08_11_46_28_0020] itr #1 | fitting baseline...
2021-04-08 12:16:53.682940 CEST | [multi_agent_per_av_part_bits_rep_2021_04_08_11_46_28_0020] itr #1 | fitted
2021-04-08 12:16:53.686099 CEST | [multi_agent_per_av_part_bits_rep_2021_04_08_11_46_28_0020] itr #1 | fitting baseline...
2021-04-08 12:16:53.687502 CEST | [multi_agent_per_av_part_bits_rep_2021_04_08_11_46_28_0020] itr #1 | fitted
2021-04-08 12:16:53.690651 CEST | [multi_agent_per_av_part_bits_rep_2021_04_08_11_46_28_0020] itr #1 | fitting baseline...
2021-04-08 12:16:53.691914 CEST | [multi_agent_per_av_part_bits_rep_2021_04_08_11_46_28_0020] itr #1 | fitted
2021-04-08 12:16:53.695272 CEST | [multi_agent_per_av_part_bits_rep_2021_04_08_11_46_28_0020] itr #1 | fitting baseline...
2021-04-08 12:16:53.696615 CEST | [multi_agent_per_av_part_bits_rep_2021_04_08_11_46_28_0020] itr #1 | fitted
2021-04-08 12:16:55.187468 CEST | [multi_agent_per_av_part_bits_rep_2021_04_08_11_46_28_0020] itr #2 | fitting baseline...
2021-04-08 12:16:55.188399 CEST | [multi_agent_per_av_part_bits_rep_2021_04_08_11_46_28_0020] itr #2 | fitted
2021-04-08 12:16:55.191057 CEST | [multi_agent_per_av_part_bits_rep_2021_04_08_11_46_28_0020] itr #2 | fitting baseline...
2021-04-08 12:16:55.192299 CEST | [multi_agent_per_av_part_bits_rep_2021_04_08_11_46_28_0020] itr #2 | fitted
2021-04-08 12:16:55.194592 CEST | [multi_agent_per_av_part_bits_rep_2021_04_08_11_46_28_0020] itr #2 | fitting baseline...
2021-04-08 12:16:55.195497 CEST | [multi_agent_per_av_part_bits_rep_2021_04_08_11_46_28_0020] itr #2 | fitted
2021-04-08 12:16:55.197935 CEST | [multi_agent_per_av_part_bits_rep_2021_04_08_11_46_28_0020] itr #2 | fitting baseline...
2021-04-08 12:16:55.198932 CEST | [multi_agent_per_av_part_bits_rep_2021_04_08_11_46_28_0020] itr #2 | fitted
2021-04-08 12:16:55.201169 CEST | [multi_agent_per_av_part_bits_rep_2021_04_08_11_46_28_0020] itr #2 | fitting baseline...
2021-04-08 12:16:55.202082 CEST | [multi_agent_per_av_part_bits_rep_2021_04_08_11_46_28_0020] itr #2 | fitted
2021-04-08 12:16:55.204273 CEST | [multi_agent_per_av_part_bits_rep_2021_04_08_11_46_28_0020] itr #2 | fitting baseline...
2021-04-08 12:16:55.205169 CEST | [multi_agent_per_av_part_bits_rep_2021_04_08_11_46_28_0020] itr #2 | fitted
2021-04-08 12:16:55.207260 CEST | [multi_agent_per_av_part_bits_rep_2021_04_08_11_46_28_0020] itr #2 | fitting baseline...
2021-04-08 12:16:55.208197 CEST | [multi_agent_per_av_part_bits_rep_2021_04_08_11_46_28_0020] itr #2 | fitted
2021-04-08 12:16:55.210800 CEST | [multi_agent_per_av_part_bits_rep_2021_04_08_11_46_28_0020] itr #2 | fitting baseline...
2021-04-08 12:16:55.211982 CEST | [multi_agent_per_av_part_bits_rep_2021_04_08_11_46_28_0020] itr #2 | fitted
2021-04-08 12:16:55.214184 CEST | [multi_agent_per_av_part_bits_rep_2021_04_08_11_46_28_0020] itr #2 | fitting baseline...
2021-04-08 12:16:55.215111 CEST | [multi_agent_per_av_part_bits_rep_2021_04_08_11_46_28_0020] itr #2 | fitted
2021-04-08 12:16:55.217784 CEST | [multi_agent_per_av_part_bits_rep_2021_04_08_11_46_28_0020] itr #2 | fitting baseline...
2021-04-08 12:16:55.219036 CEST | [multi_agent_per_av_part_bits_rep_2021_04_08_11_46_28_0020] itr #2 | fitted
2021-04-08 12:16:56.711648 CEST | [multi_agent_per_av_part_bits_rep_2021_04_08_11_46_28_0020] itr #3 | fitting baseline...
2021-04-08 12:16:56.712613 CEST | [multi_agent_per_av_part_bits_rep_2021_04_08_11_46_28_0020] itr #3 | fitted
2021-04-08 12:16:56.714619 CEST | [multi_agent_per_av_part_bits_rep_2021_04_08_11_46_28_0020] itr #3 | fitting baseline...
2021-04-08 12:16:56.715475 CEST | [multi_agent_per_av_part_bits_rep_2021_04_08_11_46_28_0020] itr #3 | fitted
2021-04-08 12:16:56.717267 CEST | [multi_agent_per_av_part_bits_rep_2021_04_08_11_46_28_0020] itr #3 | fitting baseline...
2021-04-08 12:16:56.718029 CEST | [multi_agent_per_av_part_bits_rep_2021_04_08_11_46_28_0020] itr #3 | fitted
2021-04-08 12:16:56.720117 CEST | [multi_agent_per_av_part_bits_rep_2021_04_08_11_46_28_0020] itr #3 | fitting baseline...
2021-04-08 12:16:56.720985 CEST | [multi_agent_per_av_part_bits_rep_2021_04_08_11_46_28_0020] itr #3 | fitted
2021-04-08 12:16:56.722716 CEST | [multi_agent_per_av_part_bits_rep_2021_04_08_11_46_28_0020] itr #3 | fitting baseline...
2021-04-08 12:16:56.723485 CEST | [multi_agent_per_av_part_bits_rep_2021_04_08_11_46_28_0020] itr #3 | fitted
2021-04-08 12:16:56.725979 CEST | [multi_agent_per_av_part_bits_rep_2021_04_08_11_46_28_0020] itr #3 | fitting baseline...
2021-04-08 12:16:56.727106 CEST | [multi_agent_per_av_part_bits_rep_2021_04_08_11_46_28_0020] itr #3 | fitted
2021-04-08 12:16:56.729346 CEST | [multi_agent_per_av_part_bits_rep_2021_04_08_11_46_28_0020] itr #3 | fitting baseline...
2021-04-08 12:16:56.730392 CEST | [multi_agent_per_av_part_bits_rep_2021_04_08_11_46_28_0020] itr #3 | fitted
2021-04-08 12:16:56.733121 CEST | [multi_agent_per_av_part_bits_rep_2021_04_08_11_46_28_0020] itr #3 | fitting baseline...
2021-04-08 12:16:56.734134 CEST | [multi_agent_per_av_part_bits_rep_2021_04_08_11_46_28_0020] itr #3 | fitted
2021-04-08 12:16:56.736327 CEST | [multi_agent_per_av_part_bits_rep_2021_04_08_11_46_28_0020] itr #3 | fitting baseline...
2021-04-08 12:16:56.737223 CEST | [multi_agent_per_av_part_bits_rep_2021_04_08_11_46_28_0020] itr #3 | fitted
2021-04-08 12:16:56.739563 CEST | [multi_agent_per_av_part_bits_rep_2021_04_08_11_46_28_0020] itr #3 | fitting baseline...
2021-04-08 12:16:56.740520 CEST | [multi_agent_per_av_part_bits_rep_2021_04_08_11_46_28_0020] itr #3 | fitted
2021-04-08 12:16:58.218697 CEST | [multi_agent_per_av_part_bits_rep_2021_04_08_11_46_28_0020] itr #4 | fitting baseline...
2021-04-08 12:16:58.219707 CEST | [multi_agent_per_av_part_bits_rep_2021_04_08_11_46_28_0020] itr #4 | fitted
2021-04-08 12:16:58.221797 CEST | [multi_agent_per_av_part_bits_rep_2021_04_08_11_46_28_0020] itr #4 | fitting baseline...
2021-04-08 12:16:58.222680 CEST | [multi_agent_per_av_part_bits_rep_2021_04_08_11_46_28_0020] itr #4 | fitted
2021-04-08 12:16:58.225030 CEST | [multi_agent_per_av_part_bits_rep_2021_04_08_11_46_28_0020] itr #4 | fitting baseline...
2021-04-08 12:16:58.226024 CEST | [multi_agent_per_av_part_bits_rep_2021_04_08_11_46_28_0020] itr #4 | fitted
2021-04-08 12:16:58.228616 CEST | [multi_agent_per_av_part_bits_rep_2021_04_08_11_46_28_0020] itr #4 | fitting baseline...
2021-04-08 12:16:58.229835 CEST | [multi_agent_per_av_part_bits_rep_2021_04_08_11_46_28_0020] itr #4 | fitted
2021-04-08 12:16:58.231933 CEST | [multi_agent_per_av_part_bits_rep_2021_04_08_11_46_28_0020] itr #4 | fitting baseline...
2021-04-08 12:16:58.233121 CEST | [multi_agent_per_av_part_bits_rep_2021_04_08_11_46_28_0020] itr #4 | fitted
2021-04-08 12:16:58.235533 CEST | [multi_agent_per_av_part_bits_rep_2021_04_08_11_46_28_0020] itr #4 | fitting baseline...
2021-04-08 12:16:58.236514 CEST | [multi_agent_per_av_part_bits_rep_2021_04_08_11_46_28_0020] itr #4 | fitted
2021-04-08 12:16:58.238324 CEST | [multi_agent_per_av_part_bits_rep_2021_04_08_11_46_28_0020] itr #4 | fitting baseline...
2021-04-08 12:16:58.239211 CEST | [multi_agent_per_av_part_bits_rep_2021_04_08_11_46_28_0020] itr #4 | fitted
2021-04-08 12:16:58.241351 CEST | [multi_agent_per_av_part_bits_rep_2021_04_08_11_46_28_0020] itr #4 | fitting baseline...
2021-04-08 12:16:58.242311 CEST | [multi_agent_per_av_part_bits_rep_2021_04_08_11_46_28_0020] itr #4 | fitted
2021-04-08 12:16:58.244362 CEST | [multi_agent_per_av_part_bits_rep_2021_04_08_11_46_28_0020] itr #4 | fitting baseline...
2021-04-08 12:16:58.245221 CEST | [multi_agent_per_av_part_bits_rep_2021_04_08_11_46_28_0020] itr #4 | fitted
2021-04-08 12:16:58.247233 CEST | [multi_agent_per_av_part_bits_rep_2021_04_08_11_46_28_0020] itr #4 | fitting baseline...
2021-04-08 12:16:58.248093 CEST | [multi_agent_per_av_part_bits_rep_2021_04_08_11_46_28_0020] itr #4 | fitted
2021-04-08 12:16:59.780019 CEST | [multi_agent_per_av_part_bits_rep_2021_04_08_11_46_28_0020] itr #5 | fitting baseline...
2021-04-08 12:16:59.780914 CEST | [multi_agent_per_av_part_bits_rep_2021_04_08_11_46_28_0020] itr #5 | fitted
2021-04-08 12:16:59.782575 CEST | [multi_agent_per_av_part_bits_rep_2021_04_08_11_46_28_0020] itr #5 | fitting baseline...
2021-04-08 12:16:59.783350 CEST | [multi_agent_per_av_part_bits_rep_2021_04_08_11_46_28_0020] itr #5 | fitted
2021-04-08 12:16:59.785143 CEST | [multi_agent_per_av_part_bits_rep_2021_04_08_11_46_28_0020] itr #5 | fitting baseline...
2021-04-08 12:16:59.785915 CEST | [multi_agent_per_av_part_bits_rep_2021_04_08_11_46_28_0020] itr #5 | fitted
2021-04-08 12:16:59.787455 CEST | [multi_agent_per_av_part_bits_rep_2021_04_08_11_46_28_0020] itr #5 | fitting baseline...
2021-04-08 12:16:59.788124 CEST | [multi_agent_per_av_part_bits_rep_2021_04_08_11_46_28_0020] itr #5 | fitted
2021-04-08 12:16:59.789789 CEST | [multi_agent_per_av_part_bits_rep_2021_04_08_11_46_28_0020] itr #5 | fitting baseline...
2021-04-08 12:16:59.790587 CEST | [multi_agent_per_av_part_bits_rep_2021_04_08_11_46_28_0020] itr #5 | fitted
2021-04-08 12:16:59.792630 CEST | [multi_agent_per_av_part_bits_rep_2021_04_08_11_46_28_0020] itr #5 | fitting baseline...
2021-04-08 12:16:59.793514 CEST | [multi_agent_per_av_part_bits_rep_2021_04_08_11_46_28_0020] itr #5 | fitted
2021-04-08 12:16:59.795578 CEST | [multi_agent_per_av_part_bits_rep_2021_04_08_11_46_28_0020] itr #5 | fitting baseline...
2021-04-08 12:16:59.796454 CEST | [multi_agent_per_av_part_bits_rep_2021_04_08_11_46_28_0020] itr #5 | fitted
2021-04-08 12:16:59.798038 CEST | [multi_agent_per_av_part_bits_rep_2021_04_08_11_46_28_0020] itr #5 | fitting baseline...
2021-04-08 12:16:59.798740 CEST | [multi_agent_per_av_part_bits_rep_2021_04_08_11_46_28_0020] itr #5 | fitted
2021-04-08 12:16:59.800532 CEST | [multi_agent_per_av_part_bits_rep_2021_04_08_11_46_28_0020] itr #5 | fitting baseline...
2021-04-08 12:16:59.801299 CEST | [multi_agent_per_av_part_bits_rep_2021_04_08_11_46_28_0020] itr #5 | fitted
2021-04-08 12:16:59.803278 CEST | [multi_agent_per_av_part_bits_rep_2021_04_08_11_46_28_0020] itr #5 | fitting baseline...
2021-04-08 12:16:59.804115 CEST | [multi_agent_per_av_part_bits_rep_2021_04_08_11_46_28_0020] itr #5 | fitted
2021-04-08 12:16:59.837657 CEST | [multi_agent_per_av_part_bits_rep_2021_04_08_11_46_28_0020] itr #5 | saving snapshot...
2021-04-08 12:16:59.840599 CEST | [multi_agent_per_av_part_bits_rep_2021_04_08_11_46_28_0020] itr #5 | saved
2021-04-08 12:16:59.866746 CEST | -----------------------  ---------------
2021-04-08 12:16:59.866990 CEST | Iteration                     0
2021-04-08 12:16:59.867166 CEST | AverageDiscountedReturn      58.149
2021-04-08 12:16:59.867312 CEST | AverageReturn                60.3105
2021-04-08 12:16:59.867459 CEST | ExplainedVariance             8.613e-12
2021-04-08 12:16:59.867598 CEST | NumTrajs                     58
2021-04-08 12:16:59.867736 CEST | Entropy                       1.41894
2021-04-08 12:16:59.867876 CEST | Perplexity                    4.13273
2021-04-08 12:16:59.868014 CEST | StdReturn                    37.637
2021-04-08 12:16:59.868153 CEST | MaxReturn                   199.966
2021-04-08 12:16:59.868292 CEST | MinReturn                     9.98023
2021-04-08 12:16:59.868432 CEST | Iteration                     0
2021-04-08 12:16:59.868570 CEST | AverageDiscountedReturn      57.7062
2021-04-08 12:16:59.868707 CEST | AverageReturn                59.7893
2021-04-08 12:16:59.868847 CEST | ExplainedVariance             0.22433
2021-04-08 12:16:59.868986 CEST | NumTrajs                     59
2021-04-08 12:16:59.869124 CEST | Entropy                       1.41894
2021-04-08 12:16:59.869262 CEST | Perplexity                    4.13273
2021-04-08 12:16:59.869402 CEST | StdReturn                    35.9906
2021-04-08 12:16:59.869539 CEST | MaxReturn                   139.848
2021-04-08 12:16:59.869678 CEST | MinReturn                     0
2021-04-08 12:16:59.869817 CEST | Iteration                     0
2021-04-08 12:16:59.869955 CEST | AverageDiscountedReturn      58.5239
2021-04-08 12:16:59.870092 CEST | AverageReturn                61.3864
2021-04-08 12:16:59.870230 CEST | ExplainedVariance            -0.0316387
2021-04-08 12:16:59.870369 CEST | NumTrajs                     56
2021-04-08 12:16:59.870507 CEST | Entropy                       1.41894
2021-04-08 12:16:59.870646 CEST | Perplexity                    4.13273
2021-04-08 12:16:59.870784 CEST | StdReturn                    53.4385
2021-04-08 12:16:59.870923 CEST | MaxReturn                   259.878
2021-04-08 12:16:59.871060 CEST | MinReturn                     9.98008
2021-04-08 12:16:59.871235 CEST | Iteration                     0
2021-04-08 12:16:59.871375 CEST | AverageDiscountedReturn      69.3141
2021-04-08 12:16:59.871512 CEST | AverageReturn                73.4945
2021-04-08 12:16:59.871650 CEST | ExplainedVariance             0.131381
2021-04-08 12:16:59.871788 CEST | NumTrajs                     48
2021-04-08 12:16:59.871927 CEST | Entropy                       1.41894
2021-04-08 12:16:59.872063 CEST | Perplexity                    4.13273
2021-04-08 12:16:59.872202 CEST | StdReturn                    64.6601
2021-04-08 12:16:59.872339 CEST | MaxReturn                   299.76
2021-04-08 12:16:59.872477 CEST | MinReturn                     9.98288
2021-04-08 12:16:59.872615 CEST | Iteration                     0
2021-04-08 12:16:59.872752 CEST | AverageDiscountedReturn      59.0127
2021-04-08 12:16:59.872888 CEST | AverageReturn                61.5121
2021-04-08 12:16:59.873027 CEST | ExplainedVariance             0.169684
2021-04-08 12:16:59.873165 CEST | NumTrajs                     58
2021-04-08 12:16:59.873303 CEST | Entropy                       1.41894
2021-04-08 12:16:59.873441 CEST | Perplexity                    4.13273
2021-04-08 12:16:59.873576 CEST | StdReturn                    44.9697
2021-04-08 12:16:59.873714 CEST | MaxReturn                   249.934
2021-04-08 12:16:59.873850 CEST | MinReturn                     0
2021-04-08 12:16:59.873986 CEST | Iteration                     0
2021-04-08 12:16:59.874122 CEST | AverageDiscountedReturn      65.7785
2021-04-08 12:16:59.874258 CEST | AverageReturn                68.9767
2021-04-08 12:16:59.874394 CEST | ExplainedVariance            -0.00956781
2021-04-08 12:16:59.874530 CEST | NumTrajs                     51
2021-04-08 12:16:59.874667 CEST | Entropy                       1.41894
2021-04-08 12:16:59.874804 CEST | Perplexity                    4.13273
2021-04-08 12:16:59.874958 CEST | StdReturn                    51.0167
2021-04-08 12:16:59.875107 CEST | MaxReturn                   239.912
2021-04-08 12:16:59.875250 CEST | MinReturn                     9.9811
2021-04-08 12:16:59.875389 CEST | Iteration                     0
2021-04-08 12:16:59.875529 CEST | AverageDiscountedReturn      64.4244
2021-04-08 12:16:59.875664 CEST | AverageReturn                67.6495
2021-04-08 12:16:59.875802 CEST | ExplainedVariance            -0.315187
2021-04-08 12:16:59.875938 CEST | NumTrajs                     52
2021-04-08 12:16:59.876076 CEST | Entropy                       1.41894
2021-04-08 12:16:59.876213 CEST | Perplexity                    4.13273
2021-04-08 12:16:59.876356 CEST | StdReturn                    53.6362
2021-04-08 12:16:59.876502 CEST | MaxReturn                   329.817
2021-04-08 12:16:59.876640 CEST | MinReturn                     0
2021-04-08 12:16:59.876777 CEST | Iteration                     0
2021-04-08 12:16:59.876916 CEST | AverageDiscountedReturn      73.7908
2021-04-08 12:16:59.877053 CEST | AverageReturn                78.4313
2021-04-08 12:16:59.877189 CEST | ExplainedVariance             0.09378
2021-04-08 12:16:59.877326 CEST | NumTrajs                     46
2021-04-08 12:16:59.877462 CEST | Entropy                       1.41894
2021-04-08 12:16:59.877599 CEST | Perplexity                    4.13273
2021-04-08 12:16:59.877736 CEST | StdReturn                    66.6307
2021-04-08 12:16:59.877874 CEST | MaxReturn                   289.864
2021-04-08 12:16:59.878012 CEST | MinReturn                     0
2021-04-08 12:16:59.878148 CEST | Iteration                     0
2021-04-08 12:16:59.878285 CEST | AverageDiscountedReturn      72.4926
2021-04-08 12:16:59.878421 CEST | AverageReturn                76.3415
2021-04-08 12:16:59.878557 CEST | ExplainedVariance             0.175488
2021-04-08 12:16:59.878694 CEST | NumTrajs                     47
2021-04-08 12:16:59.878832 CEST | Entropy                       1.41894
2021-04-08 12:16:59.878969 CEST | Perplexity                    4.13273
2021-04-08 12:16:59.879245 CEST | StdReturn                    54.417
2021-04-08 12:16:59.879572 CEST | MaxReturn                   239.929
2021-04-08 12:16:59.879873 CEST | MinReturn                     0
2021-04-08 12:16:59.880151 CEST | Iteration                     0
2021-04-08 12:16:59.880433 CEST | AverageDiscountedReturn      58.8523
2021-04-08 12:16:59.880708 CEST | AverageReturn                61.5692
2021-04-08 12:16:59.881026 CEST | ExplainedVariance             0.15696
2021-04-08 12:16:59.881346 CEST | NumTrajs                     56
2021-04-08 12:16:59.881601 CEST | Entropy                       1.41894
2021-04-08 12:16:59.881858 CEST | Perplexity                    4.13273
2021-04-08 12:16:59.882095 CEST | StdReturn                    49.8297
2021-04-08 12:16:59.882333 CEST | MaxReturn                   259.877
2021-04-08 12:16:59.882565 CEST | MinReturn                     0
2021-04-08 12:16:59.882802 CEST | AveragePolicyStd              1
2021-04-08 12:16:59.883036 CEST | AveragePolicyStd              1
2021-04-08 12:16:59.883301 CEST | AveragePolicyStd              1
2021-04-08 12:16:59.883547 CEST | AveragePolicyStd              1
2021-04-08 12:16:59.883783 CEST | AveragePolicyStd              1
2021-04-08 12:16:59.884018 CEST | AveragePolicyStd              1
2021-04-08 12:16:59.884253 CEST | AveragePolicyStd              1
2021-04-08 12:16:59.884504 CEST | AveragePolicyStd              1
2021-04-08 12:16:59.884742 CEST | AveragePolicyStd              1
2021-04-08 12:16:59.884982 CEST | AveragePolicyStd              1
2021-04-08 12:16:59.885245 CEST | Iteration                     1
2021-04-08 12:16:59.885474 CEST | AverageDiscountedReturn      77.7121
2021-04-08 12:16:59.885711 CEST | AverageReturn                83.2068
2021-04-08 12:16:59.885964 CEST | ExplainedVariance             0.0122503
2021-04-08 12:16:59.886224 CEST | NumTrajs                     43
2021-04-08 12:16:59.886481 CEST | Entropy                       1.40998
2021-04-08 12:16:59.886724 CEST | Perplexity                    4.09588
2021-04-08 12:16:59.887005 CEST | StdReturn                    75.7896
2021-04-08 12:16:59.887293 CEST | MaxReturn                   419.827
2021-04-08 12:16:59.887531 CEST | MinReturn                     9.98159
2021-04-08 12:16:59.887764 CEST | Iteration                     1
2021-04-08 12:16:59.887995 CEST | AverageDiscountedReturn      73.7633
2021-04-08 12:16:59.888233 CEST | AverageReturn                78.837
2021-04-08 12:16:59.888470 CEST | ExplainedVariance            -0.197493
2021-04-08 12:16:59.888727 CEST | NumTrajs                     45
2021-04-08 12:16:59.889066 CEST | Entropy                       1.40998
2021-04-08 12:16:59.889319 CEST | Perplexity                    4.09588
2021-04-08 12:16:59.889551 CEST | StdReturn                    73.0971
2021-04-08 12:16:59.889784 CEST | MaxReturn                   309.786
2021-04-08 12:16:59.890017 CEST | MinReturn                     9.98011
2021-04-08 12:16:59.890271 CEST | Iteration                     1
2021-04-08 12:16:59.890607 CEST | AverageDiscountedReturn      94.6754
2021-04-08 12:16:59.890863 CEST | AverageReturn               102.155
2021-04-08 12:16:59.891128 CEST | ExplainedVariance            -0.346919
2021-04-08 12:16:59.891367 CEST | NumTrajs                     36
2021-04-08 12:16:59.891610 CEST | Entropy                       1.40998
2021-04-08 12:16:59.891848 CEST | Perplexity                    4.09588
2021-04-08 12:16:59.892082 CEST | StdReturn                    81.2255
2021-04-08 12:16:59.892314 CEST | MaxReturn                   359.681
2021-04-08 12:16:59.892546 CEST | MinReturn                     9.98108
2021-04-08 12:16:59.892801 CEST | Iteration                     1
2021-04-08 12:16:59.893040 CEST | AverageDiscountedReturn      91.8963
2021-04-08 12:16:59.893268 CEST | AverageReturn                98.3132
2021-04-08 12:16:59.893505 CEST | ExplainedVariance             0.132657
2021-04-08 12:16:59.893739 CEST | NumTrajs                     37
2021-04-08 12:16:59.893967 CEST | Entropy                       1.40998
2021-04-08 12:16:59.894204 CEST | Perplexity                    4.09588
2021-04-08 12:16:59.894435 CEST | StdReturn                    69.6095
2021-04-08 12:16:59.894690 CEST | MaxReturn                   299.772
2021-04-08 12:16:59.894946 CEST | MinReturn                     0
2021-04-08 12:16:59.895236 CEST | Iteration                     1
2021-04-08 12:16:59.895474 CEST | AverageDiscountedReturn      82.0187
2021-04-08 12:16:59.895707 CEST | AverageReturn                86.8503
2021-04-08 12:16:59.895944 CEST | ExplainedVariance             0.220479
2021-04-08 12:16:59.896171 CEST | NumTrajs                     42
2021-04-08 12:16:59.896403 CEST | Entropy                       1.40998
2021-04-08 12:16:59.896637 CEST | Perplexity                    4.09588
2021-04-08 12:16:59.896896 CEST | StdReturn                    58.505
2021-04-08 12:16:59.897129 CEST | MaxReturn                   259.85
2021-04-08 12:16:59.897361 CEST | MinReturn                     9.98231
2021-04-08 12:16:59.897596 CEST | Iteration                     1
2021-04-08 12:16:59.897827 CEST | AverageDiscountedReturn      71.101
2021-04-08 12:16:59.898061 CEST | AverageReturn                74.95
2021-04-08 12:16:59.898309 CEST | ExplainedVariance            -3.00341
2021-04-08 12:16:59.898563 CEST | NumTrajs                     48
2021-04-08 12:16:59.898814 CEST | Entropy                       1.40998
2021-04-08 12:16:59.899067 CEST | Perplexity                    4.09588
2021-04-08 12:16:59.899310 CEST | StdReturn                    56.5048
2021-04-08 12:16:59.899531 CEST | MaxReturn                   289.78
2021-04-08 12:16:59.899750 CEST | MinReturn                     9.98241
2021-04-08 12:16:59.899966 CEST | Iteration                     1
2021-04-08 12:16:59.900198 CEST | AverageDiscountedReturn      73.2176
2021-04-08 12:16:59.900417 CEST | AverageReturn                77.1249
2021-04-08 12:16:59.900644 CEST | ExplainedVariance             0.120617
2021-04-08 12:16:59.900883 CEST | NumTrajs                     46
2021-04-08 12:16:59.901122 CEST | Entropy                       1.40998
2021-04-08 12:16:59.901345 CEST | Perplexity                    4.09588
2021-04-08 12:16:59.901566 CEST | StdReturn                    54.8959
2021-04-08 12:16:59.901783 CEST | MaxReturn                   289.892
2021-04-08 12:16:59.902001 CEST | MinReturn                     9.98026
2021-04-08 12:16:59.902221 CEST | Iteration                     1
2021-04-08 12:16:59.902440 CEST | AverageDiscountedReturn      87.4205
2021-04-08 12:16:59.902658 CEST | AverageReturn                93.2753
2021-04-08 12:16:59.902874 CEST | ExplainedVariance             0.186162
2021-04-08 12:16:59.903100 CEST | NumTrajs                     39
2021-04-08 12:16:59.903327 CEST | Entropy                       1.40998
2021-04-08 12:16:59.903550 CEST | Perplexity                    4.09588
2021-04-08 12:16:59.903781 CEST | StdReturn                    67.887
2021-04-08 12:16:59.904012 CEST | MaxReturn                   309.924
2021-04-08 12:16:59.904234 CEST | MinReturn                     9.98315
2021-04-08 12:16:59.904464 CEST | Iteration                     1
2021-04-08 12:16:59.904684 CEST | AverageDiscountedReturn      90.4807
2021-04-08 12:16:59.904906 CEST | AverageReturn                98.6594
2021-04-08 12:16:59.905131 CEST | ExplainedVariance             0.0168876
2021-04-08 12:16:59.905348 CEST | NumTrajs                     39
2021-04-08 12:16:59.905619 CEST | Entropy                       1.40998
2021-04-08 12:16:59.905854 CEST | Perplexity                    4.09588
2021-04-08 12:16:59.906073 CEST | StdReturn                    95.4315
2021-04-08 12:16:59.906305 CEST | MaxReturn                   499.799
2021-04-08 12:16:59.906525 CEST | MinReturn                     0
2021-04-08 12:16:59.906753 CEST | Iteration                     1
2021-04-08 12:16:59.906976 CEST | AverageDiscountedReturn      75.1694
2021-04-08 12:16:59.907267 CEST | AverageReturn                79.7242
2021-04-08 12:16:59.907471 CEST | ExplainedVariance             0.270373
2021-04-08 12:16:59.907692 CEST | NumTrajs                     45
2021-04-08 12:16:59.907922 CEST | Entropy                       1.40998
2021-04-08 12:16:59.908139 CEST | Perplexity                    4.09588
2021-04-08 12:16:59.908362 CEST | StdReturn                    63.4165
2021-04-08 12:16:59.908600 CEST | MaxReturn                   299.92
2021-04-08 12:16:59.908823 CEST | MinReturn                     9.98128
2021-04-08 12:16:59.909044 CEST | AveragePolicyStd              0.991083
2021-04-08 12:16:59.909267 CEST | AveragePolicyStd              0.991083
2021-04-08 12:16:59.909497 CEST | AveragePolicyStd              0.991083
2021-04-08 12:16:59.909721 CEST | AveragePolicyStd              0.991083
2021-04-08 12:16:59.909947 CEST | AveragePolicyStd              0.991083
2021-04-08 12:16:59.910174 CEST | AveragePolicyStd              0.991083
2021-04-08 12:16:59.910396 CEST | AveragePolicyStd              0.991083
2021-04-08 12:16:59.910618 CEST | AveragePolicyStd              0.991083
2021-04-08 12:16:59.910838 CEST | AveragePolicyStd              0.991083
2021-04-08 12:16:59.911075 CEST | AveragePolicyStd              0.991083
2021-04-08 12:16:59.911307 CEST | Iteration                     2
2021-04-08 12:16:59.911531 CEST | AverageDiscountedReturn     139.4
2021-04-08 12:16:59.911759 CEST | AverageReturn               156.571
2021-04-08 12:16:59.911981 CEST | ExplainedVariance            -1.38958
2021-04-08 12:16:59.912199 CEST | NumTrajs                     24
2021-04-08 12:16:59.912429 CEST | Entropy                       1.40066
2021-04-08 12:16:59.912669 CEST | Perplexity                    4.05789
2021-04-08 12:16:59.912890 CEST | StdReturn                   125.288
2021-04-08 12:16:59.913106 CEST | MaxReturn                   639.851
2021-04-08 12:16:59.913325 CEST | MinReturn                    19.9681
2021-04-08 12:16:59.913551 CEST | Iteration                     2
2021-04-08 12:16:59.913785 CEST | AverageDiscountedReturn      93.091
2021-04-08 12:16:59.914005 CEST | AverageReturn               100.202
2021-04-08 12:16:59.914248 CEST | ExplainedVariance            -6.03709
2021-04-08 12:16:59.914477 CEST | NumTrajs                     37
2021-04-08 12:16:59.914701 CEST | Entropy                       1.40066
2021-04-08 12:16:59.914931 CEST | Perplexity                    4.05789
2021-04-08 12:16:59.915198 CEST | StdReturn                    78.5858
2021-04-08 12:16:59.915426 CEST | MaxReturn                   379.758
2021-04-08 12:16:59.915698 CEST | MinReturn                     0
2021-04-08 12:16:59.915935 CEST | Iteration                     2
2021-04-08 12:16:59.916162 CEST | AverageDiscountedReturn     132.553
2021-04-08 12:16:59.916382 CEST | AverageReturn               149.904
2021-04-08 12:16:59.916610 CEST | ExplainedVariance            -0.604648
2021-04-08 12:16:59.916835 CEST | NumTrajs                     25
2021-04-08 12:16:59.917056 CEST | Entropy                       1.40066
2021-04-08 12:16:59.917275 CEST | Perplexity                    4.05789
2021-04-08 12:16:59.917495 CEST | StdReturn                   132.089
2021-04-08 12:16:59.917720 CEST | MaxReturn                   489.729
2021-04-08 12:16:59.917948 CEST | MinReturn                     9.98202
2021-04-08 12:16:59.918166 CEST | Iteration                     2
2021-04-08 12:16:59.918392 CEST | AverageDiscountedReturn     104.748
2021-04-08 12:16:59.918623 CEST | AverageReturn               114.342
2021-04-08 12:16:59.918858 CEST | ExplainedVariance             0.221721
2021-04-08 12:16:59.919096 CEST | NumTrajs                     34
2021-04-08 12:16:59.919337 CEST | Entropy                       1.40066
2021-04-08 12:16:59.919559 CEST | Perplexity                    4.05789
2021-04-08 12:16:59.919781 CEST | StdReturn                    93.657
2021-04-08 12:16:59.920000 CEST | MaxReturn                   409.866
2021-04-08 12:16:59.920243 CEST | MinReturn                     0
2021-04-08 12:16:59.920464 CEST | Iteration                     2
2021-04-08 12:16:59.920687 CEST | AverageDiscountedReturn     119.802
2021-04-08 12:16:59.920914 CEST | AverageReturn               135.259
2021-04-08 12:16:59.921135 CEST | ExplainedVariance             0.147873
2021-04-08 12:16:59.921360 CEST | NumTrajs                     30
2021-04-08 12:16:59.921589 CEST | Entropy                       1.40066
2021-04-08 12:16:59.921820 CEST | Perplexity                    4.05789
2021-04-08 12:16:59.922043 CEST | StdReturn                   132.641
2021-04-08 12:16:59.922264 CEST | MaxReturn                   499.848
2021-04-08 12:16:59.922485 CEST | MinReturn                     9.98009
2021-04-08 12:16:59.922718 CEST | Iteration                     2
2021-04-08 12:16:59.922947 CEST | AverageDiscountedReturn     112.125
2021-04-08 12:16:59.923211 CEST | AverageReturn               125.59
2021-04-08 12:16:59.923446 CEST | ExplainedVariance             0.158597
2021-04-08 12:16:59.923656 CEST | NumTrajs                     30
2021-04-08 12:16:59.923936 CEST | Entropy                       1.40066
2021-04-08 12:16:59.924162 CEST | Perplexity                    4.05789
2021-04-08 12:16:59.924393 CEST | StdReturn                   123.73
2021-04-08 12:16:59.924618 CEST | MaxReturn                   469.762
2021-04-08 12:16:59.924853 CEST | MinReturn                     0
2021-04-08 12:16:59.925080 CEST | Iteration                     2
2021-04-08 12:16:59.925305 CEST | AverageDiscountedReturn     125.676
2021-04-08 12:16:59.925533 CEST | AverageReturn               139.177
2021-04-08 12:16:59.925800 CEST | ExplainedVariance            -0.742954
2021-04-08 12:16:59.926038 CEST | NumTrajs                     27
2021-04-08 12:16:59.926258 CEST | Entropy                       1.40066
2021-04-08 12:16:59.926481 CEST | Perplexity                    4.05789
2021-04-08 12:16:59.926705 CEST | StdReturn                   107.003
2021-04-08 12:16:59.926927 CEST | MaxReturn                   379.889
2021-04-08 12:16:59.927166 CEST | MinReturn                    29.948
2021-04-08 12:16:59.927375 CEST | Iteration                     2
2021-04-08 12:16:59.927580 CEST | AverageDiscountedReturn      97.241
2021-04-08 12:16:59.927812 CEST | AverageReturn               105.36
2021-04-08 12:16:59.928044 CEST | ExplainedVariance            -0.211647
2021-04-08 12:16:59.928266 CEST | NumTrajs                     35
2021-04-08 12:16:59.928489 CEST | Entropy                       1.40066
2021-04-08 12:16:59.928722 CEST | Perplexity                    4.05789
2021-04-08 12:16:59.928949 CEST | StdReturn                    85.9554
2021-04-08 12:16:59.929177 CEST | MaxReturn                   419.746
2021-04-08 12:16:59.929399 CEST | MinReturn                     0
2021-04-08 12:16:59.929629 CEST | Iteration                     2
2021-04-08 12:16:59.929847 CEST | AverageDiscountedReturn     113.909
2021-04-08 12:16:59.930079 CEST | AverageReturn               128.203
2021-04-08 12:16:59.930301 CEST | ExplainedVariance             0.00283592
2021-04-08 12:16:59.930529 CEST | NumTrajs                     29
2021-04-08 12:16:59.930748 CEST | Entropy                       1.40066
2021-04-08 12:16:59.930979 CEST | Perplexity                    4.05789
2021-04-08 12:16:59.931243 CEST | StdReturn                   128.744
2021-04-08 12:16:59.931468 CEST | MaxReturn                   489.727
2021-04-08 12:16:59.931699 CEST | MinReturn                     9.98341
2021-04-08 12:16:59.931919 CEST | Iteration                     2
2021-04-08 12:16:59.932147 CEST | AverageDiscountedReturn      98.7244
2021-04-08 12:16:59.932372 CEST | AverageReturn               107.699
2021-04-08 12:16:59.932592 CEST | ExplainedVariance             0.165354
2021-04-08 12:16:59.932814 CEST | NumTrajs                     36
2021-04-08 12:16:59.933034 CEST | Entropy                       1.40066
2021-04-08 12:16:59.933258 CEST | Perplexity                    4.05789
2021-04-08 12:16:59.933489 CEST | StdReturn                    93.8607
2021-04-08 12:16:59.933723 CEST | MaxReturn                   419.856
2021-04-08 12:16:59.933947 CEST | MinReturn                     0
2021-04-08 12:16:59.934174 CEST | AveragePolicyStd              0.981891
2021-04-08 12:16:59.934402 CEST | AveragePolicyStd              0.981891
2021-04-08 12:16:59.934624 CEST | AveragePolicyStd              0.981891
2021-04-08 12:16:59.934851 CEST | AveragePolicyStd              0.981891
2021-04-08 12:16:59.935100 CEST | AveragePolicyStd              0.981891
2021-04-08 12:16:59.935316 CEST | AveragePolicyStd              0.981891
2021-04-08 12:16:59.935462 CEST | AveragePolicyStd              0.981891
2021-04-08 12:16:59.935606 CEST | AveragePolicyStd              0.981891
2021-04-08 12:16:59.935759 CEST | AveragePolicyStd              0.981891
2021-04-08 12:16:59.935901 CEST | AveragePolicyStd              0.981891
2021-04-08 12:16:59.936042 CEST | Iteration                     3
2021-04-08 12:16:59.936185 CEST | AverageDiscountedReturn     132.799
2021-04-08 12:16:59.936326 CEST | AverageReturn               150.713
2021-04-08 12:16:59.936467 CEST | ExplainedVariance            -1.67148
2021-04-08 12:16:59.936610 CEST | NumTrajs                     25
