2021-04-16 09:15:50.631807 CEST | [test_diffparams_quant_2021_04_16_09_15_46_0001] Populating workers...
2021-04-16 09:15:50.632122 CEST | [test_diffparams_quant_2021_04_16_09_15_46_0001] Populated
2021-04-16 09:15:51.064509 CEST | [test_diffparams_quant_2021_04_16_09_15_46_0001] itr #0 | fitting baseline...
2021-04-16 09:15:51.098503 CEST | [test_diffparams_quant_2021_04_16_09_15_46_0001] itr #0 | fitted
2021-04-16 09:15:54.301680 CEST | [test_diffparams_quant_2021_04_16_09_15_46_0001] itr #1 | fitting baseline...
2021-04-16 09:15:54.303211 CEST | [test_diffparams_quant_2021_04_16_09_15_46_0001] itr #1 | fitted
2021-04-16 09:15:54.307766 CEST | [test_diffparams_quant_2021_04_16_09_15_46_0001] itr #1 | saving snapshot...
2021-04-16 09:15:54.310493 CEST | [test_diffparams_quant_2021_04_16_09_15_46_0001] itr #1 | saved
2021-04-16 09:15:54.311453 CEST | -----------------------  -------------
2021-04-16 09:15:54.311577 CEST | Iteration                  0
2021-04-16 09:15:54.311715 CEST | AverageDiscountedReturn   61.5734
2021-04-16 09:15:54.311855 CEST | AverageReturn             64.22
2021-04-16 09:15:54.311987 CEST | ExplainedVariance          6.25466e-12
2021-04-16 09:15:54.312132 CEST | NumTrajs                  54
2021-04-16 09:15:54.312263 CEST | Entropy                    1.41894
2021-04-16 09:15:54.312420 CEST | Perplexity                 4.13273
2021-04-16 09:15:54.312550 CEST | StdReturn                 44.769
2021-04-16 09:15:54.312688 CEST | MaxReturn                219.889
2021-04-16 09:15:54.312826 CEST | MinReturn                  0
2021-04-16 09:15:54.312957 CEST | AveragePolicyStd           1
2021-04-16 09:15:54.313106 CEST | Iteration                  1
2021-04-16 09:15:54.313262 CEST | AverageDiscountedReturn   55.659
2021-04-16 09:15:54.313372 CEST | AverageReturn             58.4364
2021-04-16 09:15:54.313472 CEST | ExplainedVariance          0.136928
2021-04-16 09:15:54.313575 CEST | NumTrajs                  59
2021-04-16 09:15:54.313677 CEST | Entropy                    1.41794
2021-04-16 09:15:54.313778 CEST | Perplexity                 4.1286
2021-04-16 09:15:54.313878 CEST | StdReturn                 54.6218
2021-04-16 09:15:54.313975 CEST | MaxReturn                259.856
2021-04-16 09:15:54.314071 CEST | MinReturn                  0
2021-04-16 09:15:54.314167 CEST | AveragePolicyStd           0.999001
2021-04-16 09:15:54.314265 CEST | TransfBits                 0
2021-04-16 09:15:54.314362 CEST | TotalAverageReturn        55.659
2021-04-16 09:15:54.314461 CEST | -----------------------  -------------
2021-04-16 09:15:54.459010 CEST | [test_diffparams_quant_2021_04_16_09_15_46_0001] itr #2 | fitting baseline...
2021-04-16 09:15:54.460489 CEST | [test_diffparams_quant_2021_04_16_09_15_46_0001] itr #2 | fitted
2021-04-16 09:15:54.463755 CEST | [test_diffparams_quant_2021_04_16_09_15_46_0001] itr #2 | saving snapshot...
2021-04-16 09:15:54.467328 CEST | [test_diffparams_quant_2021_04_16_09_15_46_0001] itr #2 | saved
2021-04-16 09:15:54.468023 CEST | -----------------------  -----------
2021-04-16 09:15:54.468177 CEST | Iteration                  2
2021-04-16 09:15:54.468291 CEST | AverageDiscountedReturn   63.1021
2021-04-16 09:15:54.468401 CEST | AverageReturn             65.9929
2021-04-16 09:15:54.468508 CEST | ExplainedVariance          0.0445988
2021-04-16 09:15:54.468615 CEST | NumTrajs                  53
2021-04-16 09:15:54.468722 CEST | Entropy                    1.41702
2021-04-16 09:15:54.468829 CEST | Perplexity                 4.12483
2021-04-16 09:15:54.468936 CEST | StdReturn                 48.0037
2021-04-16 09:15:54.469042 CEST | MaxReturn                199.849
2021-04-16 09:15:54.469147 CEST | MinReturn                  0
2021-04-16 09:15:54.469261 CEST | AveragePolicyStd           0.998088
2021-04-16 09:15:54.469367 CEST | TransfBits                 0
2021-04-16 09:15:54.469473 CEST | TotalAverageReturn        63.1021
2021-04-16 09:15:54.469579 CEST | -----------------------  -----------
2021-04-16 09:15:54.621091 CEST | [test_diffparams_quant_2021_04_16_09_15_46_0001] itr #3 | fitting baseline...
2021-04-16 09:15:54.622253 CEST | [test_diffparams_quant_2021_04_16_09_15_46_0001] itr #3 | fitted
2021-04-16 09:15:54.625261 CEST | [test_diffparams_quant_2021_04_16_09_15_46_0001] itr #3 | saving snapshot...
2021-04-16 09:15:54.628260 CEST | [test_diffparams_quant_2021_04_16_09_15_46_0001] itr #3 | saved
2021-04-16 09:15:54.629016 CEST | -----------------------  ----------
2021-04-16 09:15:54.629152 CEST | Iteration                  3
2021-04-16 09:15:54.629276 CEST | AverageDiscountedReturn   82.2577
2021-04-16 09:15:54.629395 CEST | AverageReturn             87.5095
2021-04-16 09:15:54.629513 CEST | ExplainedVariance          0.309147
2021-04-16 09:15:54.629629 CEST | NumTrajs                  41
2021-04-16 09:15:54.629744 CEST | Entropy                    1.41627
2021-04-16 09:15:54.629859 CEST | Perplexity                 4.12172
2021-04-16 09:15:54.629974 CEST | StdReturn                 64.9644
2021-04-16 09:15:54.630090 CEST | MaxReturn                229.911
2021-04-16 09:15:54.630204 CEST | MinReturn                  0
2021-04-16 09:15:54.630316 CEST | AveragePolicyStd           0.997337
2021-04-16 09:15:54.630430 CEST | TransfBits                 0
2021-04-16 09:15:54.630545 CEST | TotalAverageReturn        82.2577
2021-04-16 09:15:54.630660 CEST | -----------------------  ----------
2021-04-16 09:15:54.784949 CEST | [test_diffparams_quant_2021_04_16_09_15_46_0001] itr #4 | fitting baseline...
2021-04-16 09:15:54.786305 CEST | [test_diffparams_quant_2021_04_16_09_15_46_0001] itr #4 | fitted
2021-04-16 09:15:54.789019 CEST | [test_diffparams_quant_2021_04_16_09_15_46_0001] itr #4 | saving snapshot...
2021-04-16 09:15:54.791574 CEST | [test_diffparams_quant_2021_04_16_09_15_46_0001] itr #4 | saved
2021-04-16 09:15:54.792231 CEST | -----------------------  -----------
2021-04-16 09:15:54.792346 CEST | Iteration                  4
2021-04-16 09:15:54.792450 CEST | AverageDiscountedReturn   63.1069
2021-04-16 09:15:54.792552 CEST | AverageReturn             66.3671
2021-04-16 09:15:54.792652 CEST | ExplainedVariance          0.0325373
2021-04-16 09:15:54.792753 CEST | NumTrajs                  53
2021-04-16 09:15:54.792852 CEST | Entropy                    1.41546
2021-04-16 09:15:54.792951 CEST | Perplexity                 4.11837
2021-04-16 09:15:54.793049 CEST | StdReturn                 55.4938
2021-04-16 09:15:54.793147 CEST | MaxReturn                239.79
2021-04-16 09:15:54.793244 CEST | MinReturn                  0
2021-04-16 09:15:54.793342 CEST | AveragePolicyStd           0.996526
2021-04-16 09:15:54.793439 CEST | TransfBits                 0
2021-04-16 09:15:54.793537 CEST | TotalAverageReturn        63.1069
2021-04-16 09:15:54.793633 CEST | -----------------------  -----------
2021-04-16 09:15:54.940567 CEST | [test_diffparams_quant_2021_04_16_09_15_46_0001] itr #5 | fitting baseline...
2021-04-16 09:15:54.941947 CEST | [test_diffparams_quant_2021_04_16_09_15_46_0001] itr #5 | fitted
2021-04-16 09:15:54.944572 CEST | [test_diffparams_quant_2021_04_16_09_15_46_0001] itr #5 | saving snapshot...
2021-04-16 09:15:54.947121 CEST | [test_diffparams_quant_2021_04_16_09_15_46_0001] itr #5 | saved
2021-04-16 09:15:54.947781 CEST | -----------------------  ----------
2021-04-16 09:15:54.947916 CEST | Iteration                  5
2021-04-16 09:15:54.948043 CEST | AverageDiscountedReturn   68.5615
2021-04-16 09:15:54.948182 CEST | AverageReturn             72.4033
2021-04-16 09:15:54.948295 CEST | ExplainedVariance          0.103556
2021-04-16 09:15:54.948406 CEST | NumTrajs                  49
2021-04-16 09:15:54.948517 CEST | Entropy                    1.41468
2021-04-16 09:15:54.948628 CEST | Perplexity                 4.11517
2021-04-16 09:15:54.948750 CEST | StdReturn                 59.7899
2021-04-16 09:15:54.948872 CEST | MaxReturn                329.915
2021-04-16 09:15:54.948979 CEST | MinReturn                  9.98055
2021-04-16 09:15:54.949101 CEST | AveragePolicyStd           0.99575
2021-04-16 09:15:54.949221 CEST | TransfBits                 0
2021-04-16 09:15:54.949331 CEST | TotalAverageReturn        68.5615
2021-04-16 09:15:54.949445 CEST | -----------------------  ----------
2021-04-16 09:15:55.090292 CEST | [test_diffparams_quant_2021_04_16_09_15_46_0001] itr #6 | fitting baseline...
2021-04-16 09:15:55.091476 CEST | [test_diffparams_quant_2021_04_16_09_15_46_0001] itr #6 | fitted
2021-04-16 09:15:55.094239 CEST | [test_diffparams_quant_2021_04_16_09_15_46_0001] itr #6 | saving snapshot...
2021-04-16 09:15:55.097051 CEST | [test_diffparams_quant_2021_04_16_09_15_46_0001] itr #6 | saved
2021-04-16 09:15:55.097710 CEST | -----------------------  -----------
2021-04-16 09:15:55.097835 CEST | Iteration                  6
2021-04-16 09:15:55.097953 CEST | AverageDiscountedReturn   84.0836
2021-04-16 09:15:55.098068 CEST | AverageReturn             89.9342
2021-04-16 09:15:55.098180 CEST | ExplainedVariance          0.0871203
2021-04-16 09:15:55.098294 CEST | NumTrajs                  41
2021-04-16 09:15:55.098406 CEST | Entropy                    1.4139
2021-04-16 09:15:55.098529 CEST | Perplexity                 4.11195
2021-04-16 09:15:55.098653 CEST | StdReturn                 71.8923
2021-04-16 09:15:55.098763 CEST | MaxReturn                259.818
2021-04-16 09:15:55.098886 CEST | MinReturn                  0
2021-04-16 09:15:55.099007 CEST | AveragePolicyStd           0.994972
2021-04-16 09:15:55.099119 CEST | TransfBits                 0
2021-04-16 09:15:55.099242 CEST | TotalAverageReturn        84.0836
2021-04-16 09:15:55.099364 CEST | -----------------------  -----------
2021-04-16 09:15:55.241425 CEST | [test_diffparams_quant_2021_04_16_09_15_46_0001] itr #7 | fitting baseline...
2021-04-16 09:15:55.242515 CEST | [test_diffparams_quant_2021_04_16_09_15_46_0001] itr #7 | fitted
2021-04-16 09:15:55.245939 CEST | [test_diffparams_quant_2021_04_16_09_15_46_0001] itr #7 | saving snapshot...
2021-04-16 09:15:55.248988 CEST | [test_diffparams_quant_2021_04_16_09_15_46_0001] itr #7 | saved
2021-04-16 09:15:55.249701 CEST | -----------------------  ----------
2021-04-16 09:15:55.249837 CEST | Iteration                  7
2021-04-16 09:15:55.249956 CEST | AverageDiscountedReturn   96.3229
2021-04-16 09:15:55.250074 CEST | AverageReturn            106.219
2021-04-16 09:15:55.250188 CEST | ExplainedVariance         -0.100715
2021-04-16 09:15:55.250303 CEST | NumTrajs                  35
2021-04-16 09:15:55.250418 CEST | Entropy                    1.41307
2021-04-16 09:15:55.250531 CEST | Perplexity                 4.10856
2021-04-16 09:15:55.250645 CEST | StdReturn                107.211
2021-04-16 09:15:55.250758 CEST | MaxReturn                469.814
2021-04-16 09:15:55.250871 CEST | MinReturn                  0
2021-04-16 09:15:55.250984 CEST | AveragePolicyStd           0.994152
2021-04-16 09:15:55.251097 CEST | TransfBits                 0
2021-04-16 09:15:55.251210 CEST | TotalAverageReturn        96.3229
2021-04-16 09:15:55.251323 CEST | -----------------------  ----------
2021-04-16 09:15:55.391890 CEST | [test_diffparams_quant_2021_04_16_09_15_46_0001] itr #8 | fitting baseline...
2021-04-16 09:15:55.393104 CEST | [test_diffparams_quant_2021_04_16_09_15_46_0001] itr #8 | fitted
2021-04-16 09:15:55.396136 CEST | [test_diffparams_quant_2021_04_16_09_15_46_0001] itr #8 | saving snapshot...
2021-04-16 09:15:55.399060 CEST | [test_diffparams_quant_2021_04_16_09_15_46_0001] itr #8 | saved
2021-04-16 09:15:55.399786 CEST | -----------------------  ----------
2021-04-16 09:15:55.399919 CEST | Iteration                  8
2021-04-16 09:15:55.400043 CEST | AverageDiscountedReturn   75.7867
2021-04-16 09:15:55.400193 CEST | AverageReturn             81.3138
2021-04-16 09:15:55.400312 CEST | ExplainedVariance         -0.404881
2021-04-16 09:15:55.400430 CEST | NumTrajs                  44
2021-04-16 09:15:55.400544 CEST | Entropy                    1.41221
2021-04-16 09:15:55.400662 CEST | Perplexity                 4.10502
2021-04-16 09:15:55.400778 CEST | StdReturn                 78.3464
2021-04-16 09:15:55.400893 CEST | MaxReturn                439.77
2021-04-16 09:15:55.401007 CEST | MinReturn                  0
2021-04-16 09:15:55.401133 CEST | AveragePolicyStd           0.993295
2021-04-16 09:15:55.401247 CEST | TransfBits                 0
2021-04-16 09:15:55.401363 CEST | TotalAverageReturn        75.7867
2021-04-16 09:15:55.401475 CEST | -----------------------  ----------
2021-04-16 09:15:55.538334 CEST | [test_diffparams_quant_2021_04_16_09_15_46_0001] itr #9 | fitting baseline...
2021-04-16 09:15:55.539387 CEST | [test_diffparams_quant_2021_04_16_09_15_46_0001] itr #9 | fitted
2021-04-16 09:15:55.542454 CEST | [test_diffparams_quant_2021_04_16_09_15_46_0001] itr #9 | saving snapshot...
2021-04-16 09:15:55.545560 CEST | [test_diffparams_quant_2021_04_16_09_15_46_0001] itr #9 | saved
2021-04-16 09:15:55.546312 CEST | -----------------------  -----------
2021-04-16 09:15:55.546458 CEST | Iteration                  9
2021-04-16 09:15:55.546591 CEST | AverageDiscountedReturn   92.6311
2021-04-16 09:15:55.546720 CEST | AverageReturn             99.1348
2021-04-16 09:15:55.546847 CEST | ExplainedVariance          0.0651592
2021-04-16 09:15:55.546975 CEST | NumTrajs                  37
2021-04-16 09:15:55.547102 CEST | Entropy                    1.41132
2021-04-16 09:15:55.547229 CEST | Perplexity                 4.10136
2021-04-16 09:15:55.547363 CEST | StdReturn                 69.7754
2021-04-16 09:15:55.547491 CEST | MaxReturn                239.906
2021-04-16 09:15:55.547616 CEST | MinReturn                  9.98479
2021-04-16 09:15:55.547741 CEST | AveragePolicyStd           0.992409
2021-04-16 09:15:55.547868 CEST | TransfBits                 0
2021-04-16 09:15:55.547994 CEST | TotalAverageReturn        92.6311
2021-04-16 09:15:55.548135 CEST | -----------------------  -----------
2021-04-16 09:15:55.687444 CEST | [test_diffparams_quant_2021_04_16_09_15_46_0001] itr #10 | fitting baseline...
2021-04-16 09:15:55.688642 CEST | [test_diffparams_quant_2021_04_16_09_15_46_0001] itr #10 | fitted
2021-04-16 09:15:55.691699 CEST | [test_diffparams_quant_2021_04_16_09_15_46_0001] itr #10 | saving snapshot...
2021-04-16 09:15:55.694613 CEST | [test_diffparams_quant_2021_04_16_09_15_46_0001] itr #10 | saved
2021-04-16 09:15:55.695319 CEST | -----------------------  -----------
2021-04-16 09:15:55.695452 CEST | Iteration                 10
2021-04-16 09:15:55.695574 CEST | AverageDiscountedReturn   83.8565
2021-04-16 09:15:55.695692 CEST | AverageReturn             90.7036
2021-04-16 09:15:55.695809 CEST | ExplainedVariance         -0.0139242
2021-04-16 09:15:55.695926 CEST | NumTrajs                  40
2021-04-16 09:15:55.696042 CEST | Entropy                    1.41048
2021-04-16 09:15:55.696175 CEST | Perplexity                 4.09791
2021-04-16 09:15:55.696292 CEST | StdReturn                 86.5894
2021-04-16 09:15:55.696407 CEST | MaxReturn                419.814
2021-04-16 09:15:55.696522 CEST | MinReturn                  9.98769
2021-04-16 09:15:55.696637 CEST | AveragePolicyStd           0.991574
2021-04-16 09:15:55.696752 CEST | TransfBits                 0
2021-04-16 09:15:55.696867 CEST | TotalAverageReturn        83.8565
2021-04-16 09:15:55.696984 CEST | -----------------------  -----------
2021-04-16 09:15:55.835758 CEST | [test_diffparams_quant_2021_04_16_09_15_46_0001] itr #11 | fitting baseline...
2021-04-16 09:15:55.836967 CEST | [test_diffparams_quant_2021_04_16_09_15_46_0001] itr #11 | fitted
2021-04-16 09:15:55.840267 CEST | [test_diffparams_quant_2021_04_16_09_15_46_0001] itr #11 | saving snapshot...
2021-04-16 09:15:55.843344 CEST | [test_diffparams_quant_2021_04_16_09_15_46_0001] itr #11 | saved
2021-04-16 09:15:55.844129 CEST | -----------------------  -----------
2021-04-16 09:15:55.844283 CEST | Iteration                 11
2021-04-16 09:15:55.844414 CEST | AverageDiscountedReturn   94.3572
2021-04-16 09:15:55.844546 CEST | AverageReturn            101.553
2021-04-16 09:15:55.844675 CEST | ExplainedVariance         -0.0321915
2021-04-16 09:15:55.844802 CEST | NumTrajs                  37
2021-04-16 09:15:55.844940 CEST | Entropy                    1.40965
2021-04-16 09:15:55.845072 CEST | Perplexity                 4.09451
2021-04-16 09:15:55.845216 CEST | StdReturn                 77.5125
2021-04-16 09:15:55.845348 CEST | MaxReturn                309.849
2021-04-16 09:15:55.845479 CEST | MinReturn                  9.98662
2021-04-16 09:15:55.845608 CEST | AveragePolicyStd           0.99075
2021-04-16 09:15:55.845737 CEST | TransfBits                 0
2021-04-16 09:15:55.845864 CEST | TotalAverageReturn        94.3572
2021-04-16 09:15:55.845990 CEST | -----------------------  -----------
2021-04-16 09:15:55.986444 CEST | [test_diffparams_quant_2021_04_16_09_15_46_0001] itr #12 | fitting baseline...
2021-04-16 09:15:55.987381 CEST | [test_diffparams_quant_2021_04_16_09_15_46_0001] itr #12 | fitted
2021-04-16 09:15:55.990502 CEST | [test_diffparams_quant_2021_04_16_09_15_46_0001] itr #12 | saving snapshot...
2021-04-16 09:15:55.993668 CEST | [test_diffparams_quant_2021_04_16_09_15_46_0001] itr #12 | saved
2021-04-16 09:15:55.994459 CEST | -----------------------  ----------
2021-04-16 09:15:55.994610 CEST | Iteration                 12
2021-04-16 09:15:55.994742 CEST | AverageDiscountedReturn  117.353
2021-04-16 09:15:55.994870 CEST | AverageReturn            129.261
2021-04-16 09:15:55.994999 CEST | ExplainedVariance         -0.183691
2021-04-16 09:15:55.995128 CEST | NumTrajs                  30
2021-04-16 09:15:55.995259 CEST | Entropy                    1.40877
2021-04-16 09:15:55.995394 CEST | Perplexity                 4.09092
2021-04-16 09:15:55.995526 CEST | StdReturn                102.097
2021-04-16 09:15:55.995656 CEST | MaxReturn                399.91
2021-04-16 09:15:55.995788 CEST | MinReturn                 19.9696
2021-04-16 09:15:55.995919 CEST | AveragePolicyStd           0.989882
2021-04-16 09:15:55.996072 CEST | TransfBits                 0
2021-04-16 09:15:55.996206 CEST | TotalAverageReturn       117.353
2021-04-16 09:15:55.996338 CEST | -----------------------  ----------
2021-04-16 09:15:56.154263 CEST | [test_diffparams_quant_2021_04_16_09_15_46_0001] itr #13 | fitting baseline...
2021-04-16 09:15:56.155439 CEST | [test_diffparams_quant_2021_04_16_09_15_46_0001] itr #13 | fitted
2021-04-16 09:15:56.158614 CEST | [test_diffparams_quant_2021_04_16_09_15_46_0001] itr #13 | saving snapshot...
2021-04-16 09:15:56.161458 CEST | [test_diffparams_quant_2021_04_16_09_15_46_0001] itr #13 | saved
2021-04-16 09:15:56.162129 CEST | -----------------------  -----------
2021-04-16 09:15:56.162256 CEST | Iteration                 13
2021-04-16 09:15:56.162370 CEST | AverageDiscountedReturn   99.0554
2021-04-16 09:15:56.162480 CEST | AverageReturn            108.756
2021-04-16 09:15:56.162595 CEST | ExplainedVariance         -0.0395823
2021-04-16 09:15:56.162704 CEST | NumTrajs                  34
2021-04-16 09:15:56.162813 CEST | Entropy                    1.4079
2021-04-16 09:15:56.162921 CEST | Perplexity                 4.08737
2021-04-16 09:15:56.163037 CEST | StdReturn                102.066
2021-04-16 09:15:56.163144 CEST | MaxReturn                459.755
2021-04-16 09:15:56.163251 CEST | MinReturn                  0
2021-04-16 09:15:56.163359 CEST | AveragePolicyStd           0.989025
2021-04-16 09:15:56.163466 CEST | TransfBits                 0
2021-04-16 09:15:56.163573 CEST | TotalAverageReturn        99.0554
2021-04-16 09:15:56.163682 CEST | -----------------------  -----------
2021-04-16 09:15:56.310796 CEST | [test_diffparams_quant_2021_04_16_09_15_46_0001] itr #14 | fitting baseline...
2021-04-16 09:15:56.311990 CEST | [test_diffparams_quant_2021_04_16_09_15_46_0001] itr #14 | fitted
2021-04-16 09:15:56.315172 CEST | [test_diffparams_quant_2021_04_16_09_15_46_0001] itr #14 | saving snapshot...
2021-04-16 09:15:56.318003 CEST | [test_diffparams_quant_2021_04_16_09_15_46_0001] itr #14 | saved
2021-04-16 09:15:56.318693 CEST | -----------------------  -----------
2021-04-16 09:15:56.318822 CEST | Iteration                 14
2021-04-16 09:15:56.318938 CEST | AverageDiscountedReturn  117.102
2021-04-16 09:15:56.319051 CEST | AverageReturn            129.582
2021-04-16 09:15:56.319172 CEST | ExplainedVariance          0.0640412
2021-04-16 09:15:56.319297 CEST | NumTrajs                  29
2021-04-16 09:15:56.319416 CEST | Entropy                    1.407
2021-04-16 09:15:56.319527 CEST | Perplexity                 4.08369
2021-04-16 09:15:56.319642 CEST | StdReturn                108.34
2021-04-16 09:15:56.319753 CEST | MaxReturn                419.767
2021-04-16 09:15:56.319862 CEST | MinReturn                  9.98051
2021-04-16 09:15:56.319971 CEST | AveragePolicyStd           0.988134
2021-04-16 09:15:56.320105 CEST | TransfBits                 0
2021-04-16 09:15:56.320216 CEST | TotalAverageReturn       117.102
2021-04-16 09:15:56.320326 CEST | -----------------------  -----------
2021-04-16 09:15:56.466511 CEST | [test_diffparams_quant_2021_04_16_09_15_46_0001] itr #15 | fitting baseline...
2021-04-16 09:15:56.467639 CEST | [test_diffparams_quant_2021_04_16_09_15_46_0001] itr #15 | fitted
2021-04-16 09:15:56.470709 CEST | [test_diffparams_quant_2021_04_16_09_15_46_0001] itr #15 | saving snapshot...
2021-04-16 09:15:56.473454 CEST | [test_diffparams_quant_2021_04_16_09_15_46_0001] itr #15 | saved
2021-04-16 09:15:56.474136 CEST | -----------------------  -----------
2021-04-16 09:15:56.474267 CEST | Iteration                 15
2021-04-16 09:15:56.474389 CEST | AverageDiscountedReturn  101.617
2021-04-16 09:15:56.474536 CEST | AverageReturn            111.744
2021-04-16 09:15:56.474706 CEST | ExplainedVariance         -0.0630353
2021-04-16 09:15:56.474869 CEST | NumTrajs                  33
2021-04-16 09:15:56.475050 CEST | Entropy                    1.40605
2021-04-16 09:15:56.475231 CEST | Perplexity                 4.07982
2021-04-16 09:15:56.475410 CEST | StdReturn                103.094
2021-04-16 09:15:56.475594 CEST | MaxReturn                359.819
2021-04-16 09:15:56.475755 CEST | MinReturn                  0
2021-04-16 09:15:56.475861 CEST | AveragePolicyStd           0.987197
2021-04-16 09:15:56.475966 CEST | TransfBits                 0
2021-04-16 09:15:56.476108 CEST | TotalAverageReturn       101.617
2021-04-16 09:15:56.476215 CEST | -----------------------  -----------
2021-04-16 09:15:56.617311 CEST | [test_diffparams_quant_2021_04_16_09_15_46_0001] itr #16 | fitting baseline...
2021-04-16 09:15:56.618656 CEST | [test_diffparams_quant_2021_04_16_09_15_46_0001] itr #16 | fitted
2021-04-16 09:15:56.621444 CEST | [test_diffparams_quant_2021_04_16_09_15_46_0001] itr #16 | saving snapshot...
2021-04-16 09:15:56.624064 CEST | [test_diffparams_quant_2021_04_16_09_15_46_0001] itr #16 | saved
2021-04-16 09:15:56.624780 CEST | -----------------------  ----------
2021-04-16 09:15:56.624916 CEST | Iteration                 16
2021-04-16 09:15:56.625047 CEST | AverageDiscountedReturn   78.9391
2021-04-16 09:15:56.625166 CEST | AverageReturn             85.1826
2021-04-16 09:15:56.625289 CEST | ExplainedVariance          0.179162
2021-04-16 09:15:56.625405 CEST | NumTrajs                  42
2021-04-16 09:15:56.625527 CEST | Entropy                    1.40509
2021-04-16 09:15:56.625664 CEST | Perplexity                 4.0759
2021-04-16 09:15:56.625811 CEST | StdReturn                 83.4694
2021-04-16 09:15:56.625973 CEST | MaxReturn                339.808
2021-04-16 09:15:56.626146 CEST | MinReturn                  0
2021-04-16 09:15:56.626316 CEST | AveragePolicyStd           0.986248
2021-04-16 09:15:56.626491 CEST | TransfBits                 0
2021-04-16 09:15:56.626663 CEST | TotalAverageReturn        78.9391
2021-04-16 09:15:56.626820 CEST | -----------------------  ----------
2021-04-16 09:15:56.782519 CEST | [test_diffparams_quant_2021_04_16_09_15_46_0001] itr #17 | fitting baseline...
2021-04-16 09:15:56.783706 CEST | [test_diffparams_quant_2021_04_16_09_15_46_0001] itr #17 | fitted
2021-04-16 09:15:56.787038 CEST | [test_diffparams_quant_2021_04_16_09_15_46_0001] itr #17 | saving snapshot...
2021-04-16 09:15:56.790277 CEST | [test_diffparams_quant_2021_04_16_09_15_46_0001] itr #17 | saved
2021-04-16 09:15:56.790997 CEST | -----------------------  ------------
2021-04-16 09:15:56.791142 CEST | Iteration                 17
2021-04-16 09:15:56.791272 CEST | AverageDiscountedReturn  105.89
2021-04-16 09:15:56.791398 CEST | AverageReturn            116.492
2021-04-16 09:15:56.791516 CEST | ExplainedVariance         -0.00577239
2021-04-16 09:15:56.791629 CEST | NumTrajs                  32
2021-04-16 09:15:56.791749 CEST | Entropy                    1.40409
2021-04-16 09:15:56.791863 CEST | Perplexity                 4.07182
2021-04-16 09:15:56.791992 CEST | StdReturn                103.478
2021-04-16 09:15:56.792143 CEST | MaxReturn                359.86
2021-04-16 09:15:56.792264 CEST | MinReturn                 19.9774
2021-04-16 09:15:56.792386 CEST | AveragePolicyStd           0.985262
2021-04-16 09:15:56.792504 CEST | TransfBits                 0
2021-04-16 09:15:56.792625 CEST | TotalAverageReturn       105.89
2021-04-16 09:15:56.792738 CEST | -----------------------  ------------
2021-04-16 09:15:56.936238 CEST | [test_diffparams_quant_2021_04_16_09_15_46_0001] itr #18 | fitting baseline...
2021-04-16 09:15:56.937162 CEST | [test_diffparams_quant_2021_04_16_09_15_46_0001] itr #18 | fitted
2021-04-16 09:15:56.940220 CEST | [test_diffparams_quant_2021_04_16_09_15_46_0001] itr #18 | saving snapshot...
2021-04-16 09:15:56.943073 CEST | [test_diffparams_quant_2021_04_16_09_15_46_0001] itr #18 | saved
2021-04-16 09:15:56.943818 CEST | -----------------------  -----------
2021-04-16 09:15:56.943953 CEST | Iteration                 18
2021-04-16 09:15:56.944096 CEST | AverageDiscountedReturn  121.59
2021-04-16 09:15:56.944216 CEST | AverageReturn            133.492
2021-04-16 09:15:56.944333 CEST | ExplainedVariance          0.0925001
2021-04-16 09:15:56.944448 CEST | NumTrajs                  28
2021-04-16 09:15:56.944564 CEST | Entropy                    1.40311
2021-04-16 09:15:56.944678 CEST | Perplexity                 4.06784
2021-04-16 09:15:56.944792 CEST | StdReturn                 96.0602
2021-04-16 09:15:56.944906 CEST | MaxReturn                379.773
2021-04-16 09:15:56.945022 CEST | MinReturn                 19.9633
2021-04-16 09:15:56.945137 CEST | AveragePolicyStd           0.984297
2021-04-16 09:15:56.945251 CEST | TransfBits                 0
2021-04-16 09:15:56.945365 CEST | TotalAverageReturn       121.59
2021-04-16 09:15:56.945479 CEST | -----------------------  -----------
2021-04-16 09:15:57.110970 CEST | [test_diffparams_quant_2021_04_16_09_15_46_0001] itr #19 | fitting baseline...
2021-04-16 09:15:57.111962 CEST | [test_diffparams_quant_2021_04_16_09_15_46_0001] itr #19 | fitted
2021-04-16 09:15:57.115519 CEST | [test_diffparams_quant_2021_04_16_09_15_46_0001] itr #19 | saving snapshot...
2021-04-16 09:15:57.118831 CEST | [test_diffparams_quant_2021_04_16_09_15_46_0001] itr #19 | saved
2021-04-16 09:15:57.119563 CEST | -----------------------  ----------
2021-04-16 09:15:57.119706 CEST | Iteration                 19
2021-04-16 09:15:57.119834 CEST | AverageDiscountedReturn  152.048
2021-04-16 09:15:57.119955 CEST | AverageReturn            178.536
2021-04-16 09:15:57.120098 CEST | ExplainedVariance         -8.01453
2021-04-16 09:15:57.120214 CEST | NumTrajs                  22
2021-04-16 09:15:57.120332 CEST | Entropy                    1.40218
2021-04-16 09:15:57.120465 CEST | Perplexity                 4.06406
2021-04-16 09:15:57.120582 CEST | StdReturn                176.878
2021-04-16 09:15:57.120699 CEST | MaxReturn                689.76
2021-04-16 09:15:57.120811 CEST | MinReturn                  0
2021-04-16 09:15:57.120931 CEST | AveragePolicyStd           0.983384
2021-04-16 09:15:57.121057 CEST | TransfBits                 0
2021-04-16 09:15:57.121172 CEST | TotalAverageReturn       152.048
2021-04-16 09:15:57.121294 CEST | -----------------------  ----------
2021-04-16 09:15:57.275189 CEST | [test_diffparams_quant_2021_04_16_09_15_46_0001] itr #20 | fitting baseline...
2021-04-16 09:15:57.276659 CEST | [test_diffparams_quant_2021_04_16_09_15_46_0001] itr #20 | fitted
2021-04-16 09:15:57.279952 CEST | [test_diffparams_quant_2021_04_16_09_15_46_0001] itr #20 | saving snapshot...
2021-04-16 09:15:57.282957 CEST | [test_diffparams_quant_2021_04_16_09_15_46_0001] itr #20 | saved
2021-04-16 09:15:57.283646 CEST | -----------------------  ----------
2021-04-16 09:15:57.283790 CEST | Iteration                 20
2021-04-16 09:15:57.283915 CEST | AverageDiscountedReturn  119.429
2021-04-16 09:15:57.284043 CEST | AverageReturn            135.274
2021-04-16 09:15:57.284222 CEST | ExplainedVariance          0.105645
2021-04-16 09:15:57.284343 CEST | NumTrajs                  28
2021-04-16 09:15:57.284464 CEST | Entropy                    1.40139
2021-04-16 09:15:57.284590 CEST | Perplexity                 4.06085
2021-04-16 09:15:57.284723 CEST | StdReturn                138.21
2021-04-16 09:15:57.284846 CEST | MaxReturn                679.695
2021-04-16 09:15:57.284969 CEST | MinReturn                  9.98294
2021-04-16 09:15:57.285087 CEST | AveragePolicyStd           0.982606
2021-04-16 09:15:57.285203 CEST | TransfBits                 0
2021-04-16 09:15:57.285324 CEST | TotalAverageReturn       119.429
2021-04-16 09:15:57.285445 CEST | -----------------------  ----------
2021-04-16 09:15:57.426127 CEST | [test_diffparams_quant_2021_04_16_09_15_46_0001] itr #21 | fitting baseline...
2021-04-16 09:15:57.427069 CEST | [test_diffparams_quant_2021_04_16_09_15_46_0001] itr #21 | fitted
2021-04-16 09:15:57.430611 CEST | [test_diffparams_quant_2021_04_16_09_15_46_0001] itr #21 | saving snapshot...
2021-04-16 09:15:57.433753 CEST | [test_diffparams_quant_2021_04_16_09_15_46_0001] itr #21 | saved
2021-04-16 09:15:57.434499 CEST | -----------------------  ----------
2021-04-16 09:15:57.434632 CEST | Iteration                 21
2021-04-16 09:15:57.434755 CEST | AverageDiscountedReturn  131.553
2021-04-16 09:15:57.434875 CEST | AverageReturn            146.446
2021-04-16 09:15:57.434993 CEST | ExplainedVariance         -0.682302
2021-04-16 09:15:57.435110 CEST | NumTrajs                  26
2021-04-16 09:15:57.435227 CEST | Entropy                    1.40061
2021-04-16 09:15:57.435344 CEST | Perplexity                 4.05767
2021-04-16 09:15:57.435461 CEST | StdReturn                112.432
2021-04-16 09:15:57.435579 CEST | MaxReturn                479.692
2021-04-16 09:15:57.435697 CEST | MinReturn                  9.98648
2021-04-16 09:15:57.435815 CEST | AveragePolicyStd           0.981837
2021-04-16 09:15:57.435933 CEST | TransfBits                 0
2021-04-16 09:15:57.436064 CEST | TotalAverageReturn       131.553
2021-04-16 09:15:57.436186 CEST | -----------------------  ----------
2021-04-16 09:15:57.578446 CEST | [test_diffparams_quant_2021_04_16_09_15_46_0001] itr #22 | fitting baseline...
2021-04-16 09:15:57.579327 CEST | [test_diffparams_quant_2021_04_16_09_15_46_0001] itr #22 | fitted
2021-04-16 09:15:57.581972 CEST | [test_diffparams_quant_2021_04_16_09_15_46_0001] itr #22 | saving snapshot...
2021-04-16 09:15:57.584495 CEST | [test_diffparams_quant_2021_04_16_09_15_46_0001] itr #22 | saved
2021-04-16 09:15:57.585141 CEST | -----------------------  -----------
2021-04-16 09:15:57.585263 CEST | Iteration                 22
2021-04-16 09:15:57.585369 CEST | AverageDiscountedReturn  144.143
2021-04-16 09:15:57.585476 CEST | AverageReturn            167.295
2021-04-16 09:15:57.585581 CEST | ExplainedVariance         -0.0428351
2021-04-16 09:15:57.585686 CEST | NumTrajs                  23
2021-04-16 09:15:57.585790 CEST | Entropy                    1.39979
2021-04-16 09:15:57.585891 CEST | Perplexity                 4.05433
2021-04-16 09:15:57.585993 CEST | StdReturn                161.817
2021-04-16 09:15:57.586108 CEST | MaxReturn                559.657
2021-04-16 09:15:57.586238 CEST | MinReturn                  0
2021-04-16 09:15:57.586401 CEST | AveragePolicyStd           0.98103
2021-04-16 09:15:57.586522 CEST | TransfBits                 0
2021-04-16 09:15:57.586642 CEST | TotalAverageReturn       144.143
2021-04-16 09:15:57.586764 CEST | -----------------------  -----------
2021-04-16 09:15:57.742005 CEST | [test_diffparams_quant_2021_04_16_09_15_46_0001] itr #23 | fitting baseline...
2021-04-16 09:15:57.743086 CEST | [test_diffparams_quant_2021_04_16_09_15_46_0001] itr #23 | fitted
2021-04-16 09:15:57.746362 CEST | [test_diffparams_quant_2021_04_16_09_15_46_0001] itr #23 | saving snapshot...
2021-04-16 09:15:57.749357 CEST | [test_diffparams_quant_2021_04_16_09_15_46_0001] itr #23 | saved
2021-04-16 09:15:57.750045 CEST | -----------------------  ----------
2021-04-16 09:15:57.750178 CEST | Iteration                 23
2021-04-16 09:15:57.750306 CEST | AverageDiscountedReturn  132.074
2021-04-16 09:15:57.750426 CEST | AverageReturn            157.405
2021-04-16 09:15:57.750550 CEST | ExplainedVariance         -0.463088
2021-04-16 09:15:57.750669 CEST | NumTrajs                  24
2021-04-16 09:15:57.750789 CEST | Entropy                    1.39897
2021-04-16 09:15:57.750910 CEST | Perplexity                 4.05102
2021-04-16 09:15:57.751024 CEST | StdReturn                199.117
2021-04-16 09:15:57.751137 CEST | MaxReturn                999.601
2021-04-16 09:15:57.751252 CEST | MinReturn                  0
2021-04-16 09:15:57.751364 CEST | AveragePolicyStd           0.980229
2021-04-16 09:15:57.751475 CEST | TransfBits                 0
2021-04-16 09:15:57.751593 CEST | TotalAverageReturn       132.074
2021-04-16 09:15:57.751705 CEST | -----------------------  ----------
2021-04-16 09:15:57.902342 CEST | [test_diffparams_quant_2021_04_16_09_15_46_0001] itr #24 | fitting baseline...
2021-04-16 09:15:57.903263 CEST | [test_diffparams_quant_2021_04_16_09_15_46_0001] itr #24 | fitted
2021-04-16 09:15:57.906472 CEST | [test_diffparams_quant_2021_04_16_09_15_46_0001] itr #24 | saving snapshot...
2021-04-16 09:15:57.909491 CEST | [test_diffparams_quant_2021_04_16_09_15_46_0001] itr #24 | saved
2021-04-16 09:15:57.910207 CEST | -----------------------  ----------
2021-04-16 09:15:57.910346 CEST | Iteration                 24
2021-04-16 09:15:57.910473 CEST | AverageDiscountedReturn  165.593
2021-04-16 09:15:57.910600 CEST | AverageReturn            191.388
2021-04-16 09:15:57.910716 CEST | ExplainedVariance         -0.5102
2021-04-16 09:15:57.910836 CEST | NumTrajs                  20
2021-04-16 09:15:57.910955 CEST | Entropy                    1.39817
2021-04-16 09:15:57.911075 CEST | Perplexity                 4.04779
2021-04-16 09:15:57.911197 CEST | StdReturn                152.836
2021-04-16 09:15:57.911314 CEST | MaxReturn                489.863
2021-04-16 09:15:57.911435 CEST | MinReturn                 19.972
2021-04-16 09:15:57.911553 CEST | AveragePolicyStd           0.979446
2021-04-16 09:15:57.911672 CEST | TransfBits                 0
2021-04-16 09:15:57.911796 CEST | TotalAverageReturn       165.593
2021-04-16 09:15:57.911915 CEST | -----------------------  ----------
2021-04-16 09:15:58.077619 CEST | [test_diffparams_quant_2021_04_16_09_15_46_0001] itr #25 | fitting baseline...
2021-04-16 09:15:58.078561 CEST | [test_diffparams_quant_2021_04_16_09_15_46_0001] itr #25 | fitted
2021-04-16 09:15:58.082205 CEST | [test_diffparams_quant_2021_04_16_09_15_46_0001] itr #25 | saving snapshot...
2021-04-16 09:15:58.085551 CEST | [test_diffparams_quant_2021_04_16_09_15_46_0001] itr #25 | saved
2021-04-16 09:15:58.086309 CEST | -----------------------  ----------
2021-04-16 09:15:58.086451 CEST | Iteration                 25
2021-04-16 09:15:58.086578 CEST | AverageDiscountedReturn  184.87
2021-04-16 09:15:58.086722 CEST | AverageReturn            212.384
2021-04-16 09:15:58.086852 CEST | ExplainedVariance         -0.566006
2021-04-16 09:15:58.086968 CEST | NumTrajs                  20
2021-04-16 09:15:58.087090 CEST | Entropy                    1.39736
2021-04-16 09:15:58.087211 CEST | Perplexity                 4.04452
2021-04-16 09:15:58.087326 CEST | StdReturn                135.673
2021-04-16 09:15:58.087446 CEST | MaxReturn                529.776
2021-04-16 09:15:58.087563 CEST | MinReturn                 19.9654
2021-04-16 09:15:58.087680 CEST | AveragePolicyStd           0.978656
2021-04-16 09:15:58.087807 CEST | TransfBits                 0
2021-04-16 09:15:58.087928 CEST | TotalAverageReturn       184.87
2021-04-16 09:15:58.088074 CEST | -----------------------  ----------
2021-04-16 09:15:58.228486 CEST | [test_diffparams_quant_2021_04_16_09_15_46_0001] itr #26 | fitting baseline...
2021-04-16 09:15:58.229478 CEST | [test_diffparams_quant_2021_04_16_09_15_46_0001] itr #26 | fitted
2021-04-16 09:15:58.232582 CEST | [test_diffparams_quant_2021_04_16_09_15_46_0001] itr #26 | saving snapshot...
2021-04-16 09:15:58.235360 CEST | [test_diffparams_quant_2021_04_16_09_15_46_0001] itr #26 | saved
2021-04-16 09:15:58.236064 CEST | -----------------------  ----------
2021-04-16 09:15:58.236196 CEST | Iteration                 26
2021-04-16 09:15:58.236316 CEST | AverageDiscountedReturn  124.325
2021-04-16 09:15:58.236431 CEST | AverageReturn            139.912
2021-04-16 09:15:58.236547 CEST | ExplainedVariance         -0.142175
2021-04-16 09:15:58.236661 CEST | NumTrajs                  27
2021-04-16 09:15:58.236775 CEST | Entropy                    1.39663
2021-04-16 09:15:58.236892 CEST | Perplexity                 4.04156
2021-04-16 09:15:58.237009 CEST | StdReturn                128.755
2021-04-16 09:15:58.237125 CEST | MaxReturn                549.775
2021-04-16 09:15:58.237241 CEST | MinReturn                  0
2021-04-16 09:15:58.237356 CEST | AveragePolicyStd           0.977939
2021-04-16 09:15:58.237471 CEST | TransfBits                 0
2021-04-16 09:15:58.237586 CEST | TotalAverageReturn       124.325
2021-04-16 09:15:58.237703 CEST | -----------------------  ----------
2021-04-16 09:15:58.382435 CEST | [test_diffparams_quant_2021_04_16_09_15_46_0001] itr #27 | fitting baseline...
2021-04-16 09:15:58.383322 CEST | [test_diffparams_quant_2021_04_16_09_15_46_0001] itr #27 | fitted
2021-04-16 09:15:58.386466 CEST | [test_diffparams_quant_2021_04_16_09_15_46_0001] itr #27 | saving snapshot...
2021-04-16 09:15:58.389515 CEST | [test_diffparams_quant_2021_04_16_09_15_46_0001] itr #27 | saved
2021-04-16 09:15:58.390290 CEST | -----------------------  -------------
2021-04-16 09:15:58.390433 CEST | Iteration                 27
2021-04-16 09:15:58.390562 CEST | AverageDiscountedReturn  133.191
2021-04-16 09:15:58.390689 CEST | AverageReturn            150.67
2021-04-16 09:15:58.390818 CEST | ExplainedVariance          1.83419e-05
2021-04-16 09:15:58.390946 CEST | NumTrajs                  26
2021-04-16 09:15:58.391071 CEST | Entropy                    1.39587
2021-04-16 09:15:58.391197 CEST | Perplexity                 4.03849
2021-04-16 09:15:58.391323 CEST | StdReturn                132.687
2021-04-16 09:15:58.391448 CEST | MaxReturn                529.755
2021-04-16 09:15:58.391573 CEST | MinReturn                  0
2021-04-16 09:15:58.391699 CEST | AveragePolicyStd           0.977195
2021-04-16 09:15:58.391824 CEST | TransfBits                 0
2021-04-16 09:15:58.391949 CEST | TotalAverageReturn       133.191
2021-04-16 09:15:58.392095 CEST | -----------------------  -------------
2021-04-16 09:15:58.534602 CEST | [test_diffparams_quant_2021_04_16_09_15_46_0001] itr #28 | fitting baseline...
